0,0,0,0,0,0,0,0,0,0,0,0,0,0,0,0,0,0,0,0,0,0,0,0,0,0,0,0,0,0,0,0,0,0,0,0,0,0,0,0,0,0,0,0,0,0,0,0,0,0,0,0,0,0,0,0,0,0,0,0,0,0,0,0,0,0,0,0,0,0,0,0,0,0,0,0,0,0,0,0,0,0,0,0,0,0,0,0,0,0,0
0,-0.70642,-0.42543,-0.20561,0.023096,0.6082,0.67237,0.36946,0.26017,0.20185,0.16458,0.13834,0.11874,0.1035,0.091282,0.081271,0.072916,0.065837,0.059764,0.054496,0.049883,0.045807,0.042177,0.038921,0.03598,0.033304,0.030855,0.028599,0.026507,0.024556,0.022725,0.020995,0.019351,0.01778,0.016268,0.014805,0.013382,0.011989,0.010619,0.0092635,0.0079164,0.006571,0.0052216,0.0038623,0.0024877,0.0010925,-0.00032853,-0.0017804,-0.0032682,-0.0047973,-0.0063734,-0.0080023,-0.0096902,-0.011444,-0.01327,-0.015178,-0.017176,-0.019275,-0.021485,-0.023821,-0.026297,-0.028933,-0.031749,-0.034772,-0.038033,-0.041568,-0.045426,-0.049663,-0.054354,-0.059592,-0.065503,-0.07225,-0.080061,-0.089255,-0.1003,-0.11393,-0.13132,-0.15458,-0.18787,-0.24093,-0.34324,-0.63007,-0.77657,-0.20625,-0.03222,0.071133,0.16784,0.28727,0.45865,0.70788,0
0,-0.90375,-0.70491,-0.24866,0.99855,0.7224,0.55516,0.44905,0.37378,0.31736,0.27358,0.23874,0.21045,0.18708,0.16751,0.15091,0.13668,0.12436,0.1136,0.10413,0.095726,0.088224,0.081481,0.075383,0.069835,0.064757,0.060083,0.055756,0.051726,0.047953,0.044399,0.041032,0.037825,0.034752,0.03179,0.028921,0.026126,0.023388,0.020693,0.018027,0.015376,0.01273,0.010077,0.0074064,0.0047074,0.0019704,-0.00081442,-0.0036566,-0.0065659,-0.0095522,-0.012626,-0.015798,-0.019079,-0.022482,-0.02602,-0.029707,-0.03356,-0.037597,-0.041837,-0.046305,-0.051026,-0.056031,-0.061356,-0.067043,-0.073143,-0.079715,-0.086832,-0.094582,-0.10307,-0.11244,-0.12286,-0.13455,-0.14779,-0.16296,-0.18058,-0.20139,-0.22643,-0.25731,-0.29664,-0.34895,-0.42306,-0.53859,-0.74369,-0.99977,-0.43267,0.022743,0.2818,0.49783,0.70656,0.88897,0
0,-0.97769,-0.96488,0.71281,0.71724,0.64946,0.57799,0.51161,0.45273,0.40161,0.35762,0.31985,0.28736,0.25932,0.23499,0.21377,0.19516,0.17873,0.16417,0.15117,0.13951,0.129,0.11947,0.1108,0.10285,0.095532,0.088764,0.08247,0.076586,0.071056,0.065832,0.060869,0.05613,0.05158,0.047188,0.042926,0.038769,0.034693,0.030678,0.026704,0.022753,0.018807,0.014851,0.010869,0.006846,0.0027686,-0.0013774,-0.0056058,-0.0099305,-0.014366,-0.018925,-0.023625,-0.028481,-0.033508,-0.038727,-0.044155,-0.049816,-0.055732,-0.06193,-0.068441,-0.075299,-0.082542,-0.090216,-0.098372,-0.10707,-0.11639,-0.1264,-0.13721,-0.14894,-0.16174,-0.17578,-0.19128,-0.2085,-0.22778,-0.24955,-0.27436,-0.3029,-0.33611,-0.37526,-0.42212,-0.47923,-0.5506,-0.64314,-0.77063,-0.95212,-0.60818,0.37687,0.69973,0.8637,0.95744,0
0,-0.99989,0.057,0.69814,0.70622,0.66769,0.6179,0.56598,0.51574,0.46892,0.42623,0.38776,0.35333,0.32261,0.29522,0.27078,0.24891,0.2293,0.21165,0.19572,0.18128,0.16814,0.15614,0.14513,0.13498,0.12559,0.11686,0.10871,0.10105,0.093837,0.086999,0.080485,0.074251,0.068252,0.062451,0.056814,0.051308,0.045905,0.040577,0.035301,0.030052,0.02481,0.019553,0.014262,0.0089187,0.0035043,-0.0019987,-0.0076077,-0.01334,-0.019214,-0.025247,-0.031458,-0.037866,-0.044492,-0.051358,-0.058487,-0.065906,-0.073641,-0.081724,-0.090189,-0.099076,-0.10843,-0.11829,-0.12873,-0.1398,-0.15158,-0.16416,-0.17763,-0.19211,-0.20773,-0.22467,-0.24309,-0.26321,-0.2853,-0.30965,-0.33659,-0.36654,-0.39993,-0.43724,-0.47897,-0.52558,-0.57741,-0.63455,-0.69676,-0.76376,-0.83886,-0.36436,0.89918,0.95348,0.98487,0
0,-0.80774,0.69254,0.7589,0.74064,0.70399,0.66056,0.61491,0.56948,0.52574,0.48452,0.44623,0.411,0.37879,0.34944,0.32274,0.29847,0.27639,0.25627,0.23791,0.2211,0.20568,0.19148,0.17837,0.16621,0.15491,0.14434,0.13444,0.1251,0.11627,0.10788,0.099864,0.092173,0.084757,0.077573,0.070581,0.063743,0.057025,0.050395,0.043824,0.037284,0.030751,0.024198,0.017602,0.010942,0.0041959,-0.0026579,-0.00964,-0.016771,-0.024072,-0.031563,-0.039266,-0.047204,-0.0554,-0.063879,-0.072666,-0.08179,-0.091282,-0.10118,-0.11151,-0.12231,-0.13365,-0.14555,-0.15809,-0.17131,-0.1853,-0.20014,-0.21591,-0.23271,-0.25066,-0.2699,-0.29055,-0.31278,-0.33676,-0.36267,-0.39069,-0.421,-0.45373,-0.48898,-0.52669,-0.56663,-0.60821,-0.65031,-0.69073,-0.72485,-0.73911,-0.64457,0.91704,0.99686,0.99639,0
0,0.73787,0.83061,0.81302,0.78096,0.74287,0.70168,0.65919,0.61671,0.5752,0.53535,0.49759,0.46216,0.42917,0.39859,0.37035,0.34431,0.32032,0.29822,0.27785,0.25903,0.24163,0.2255,0.21051,0.19653,0.18346,0.17119,0.15964,0.14872,0.13835,0.12846,0.11899,0.10989,0.10109,0.092549,0.084225,0.076073,0.068055,0.060136,0.052281,0.044459,0.036641,0.028799,0.020905,0.012935,0.0048639,-0.0033329,-0.011679,-0.020197,-0.02891,-0.037843,-0.047018,-0.05646,-0.066195,-0.076249,-0.08665,-0.097427,-0.10861,-0.12024,-0.13234,-0.14497,-0.15816,-0.17195,-0.18641,-0.20159,-0.21756,-0.23438,-0.25212,-0.27088,-0.29074,-0.3118,-0.33415,-0.35789,-0.38313,-0.40995,-0.43842,-0.46858,-0.5004,-0.53376,-0.56845,-0.60402,-0.63976,-0.67454,-0.70642,-0.73178,-0.74172,-0.70135,-0.26821,0.96498,1,0
0,0.92854,0.8915,0.85525,0.818,0.77933,0.7395,0.69907,0.65869,0.61895,0.58036,0.5433,0.50804,0.47472,0.44342,0.41414,0.38682,0.36137,0.3377,0.31567,0.29517,0.27606,0.25823,0.24156,0.22593,0.21124,0.1974,0.18431,0.17188,0.16004,0.14873,0.13786,0.12738,0.11724,0.10738,0.097745,0.088301,0.079001,0.069807,0.06068,0.051587,0.042495,0.033372,0.024189,0.014917,0.0055301,-0.0039996,-0.013698,-0.023589,-0.0337,-0.044054,-0.054678,-0.065598,-0.076839,-0.088429,-0.1004,-0.11277,-0.12558,-0.13887,-0.15266,-0.16699,-0.18191,-0.19746,-0.21368,-0.23063,-0.24835,-0.2669,-0.28635,-0.30675,-0.32816,-0.35065,-0.37429,-0.39911,-0.42516,-0.45247,-0.48103,-0.51078,-0.54164,-0.57341,-0.60581,-0.63843,-0.67063,-0.70155,-0.72984,-0.75322,-0.76698,-0.75711,-0.64917,0.41767,0.99369,0
0,0.96478,0.92511,0.88707,0.8495,0.81164,0.77331,0.7347,0.69611,0.65795,0.62058,0.58434,0.54946,0.51614,0.48448,0.45454,0.42632,0.39978,0.37487,0.3515,0.32958,0.30902,0.2897,0.27153,0.25442,0.23825,0.22295,0.20842,0.19458,0.18135,0.16867,0.15646,0.14465,0.1332,0.12205,0.11114,0.10043,0.089868,0.079416,0.069033,0.058682,0.048327,0.037934,0.027472,0.01691,0.006218,-0.0046324,-0.015669,-0.026918,-0.038408,-0.050163,-0.062211,-0.074578,-0.087291,-0.10038,-0.11386,-0.12778,-0.14215,-0.15702,-0.1724,-0.18834,-0.20488,-0.22204,-0.23986,-0.25839,-0.27767,-0.29774,-0.31864,-0.34041,-0.36308,-0.3867,-0.41129,-0.43686,-0.46341,-0.49093,-0.51935,-0.5486,-0.57853,-0.60896,-0.63961,-0.67012,-0.70004,-0.72875,-0.75541,-0.77877,-0.7966,-0.80361,-0.78054,-0.56627,0.92612,0
0,0.97861,0.94573,0.91087,0.8754,0.83943,0.803,0.76625,0.72941,0.69279,0.65667,0.62134,0.58704,0.55395,0.52221,0.49191,0.46309,0.43575,0.40989,0.38544,0.36235,0.34054,0.31993,0.30045,0.28199,0.26448,0.24784,0.23197,0.2168,0.20226,0.18828,0.17478,0.1617,0.14898,0.13658,0.12442,0.11246,0.10066,0.088973,0.077351,0.065757,0.054154,0.042505,0.030777,0.018936,0.0069528,-0.0052041,-0.017563,-0.030153,-0.043001,-0.056134,-0.069578,-0.08336,-0.097507,-0.11204,-0.127,-0.1424,-0.15826,-0.17463,-0.19152,-0.20897,-0.227,-0.24564,-0.26493,-0.28488,-0.30554,-0.32692,-0.34905,-0.37196,-0.39565,-0.42014,-0.44543,-0.4715,-0.49832,-0.52585,-0.55401,-0.5827,-0.61177,-0.64104,-0.67028,-0.69923,-0.72754,-0.75482,-0.7806,-0.80426,-0.82492,-0.84091,-0.8478,-0.82448,-0.25328,0
0,0.98557,0.95921,0.92872,0.89639,0.86295,0.82874,0.79399,0.75896,0.72391,0.6891,0.65479,0.6212,0.58853,0.55693,0.52651,0.49734,0.46946,0.44288,0.41758,0.39353,0.37068,0.34896,0.32831,0.30867,0.28994,0.27206,0.25496,0.23855,0.22277,0.20755,0.19282,0.17851,0.16458,0.15095,0.13758,0.12441,0.1114,0.098489,0.085647,0.072828,0.059993,0.047103,0.034123,0.02102,0.0077607,-0.005686,-0.01935,-0.03326,-0.047443,-0.061928,-0.076739,-0.091902,-0.10744,-0.12339,-0.13976,-0.15658,-0.17387,-0.19166,-0.20997,-0.22882,-0.24824,-0.26824,-0.28885,-0.31007,-0.33194,-0.35446,-0.37764,-0.40148,-0.42598,-0.45114,-0.47692,-0.5033,-0.53023,-0.55764,-0.58546,-0.61356,-0.64181,-0.67007,-0.69814,-0.72582,-0.75288,-0.77908,-0.80418,-0.82793,-0.85009,-0.87039,-0.88845,-0.90309,-0.90271,0
0,0.98961,0.96845,0.94223,0.91329,0.88266,0.85086,0.81824,0.78509,0.75167,0.71824,0.68505,0.65231,0.62021,0.58893,0.55859,0.52928,0.50106,0.47397,0.44802,0.4232,0.39948,0.37681,0.35516,0.33445,0.31463,0.29563,0.27738,0.25982,0.24288,0.22648,0.21058,0.1951,0.17999,0.16518,0.15063,0.13628,0.12207,0.10798,0.093936,0.079911,0.065862,0.051749,0.037536,0.023187,0.0086695,-0.0060481,-0.020996,-0.036204,-0.051698,-0.067506,-0.083652,-0.10016,-0.11706,-0.13436,-0.15209,-0.17027,-0.18892,-0.20806,-0.2277,-0.24786,-0.26856,-0.2898,-0.3116,-0.33396,-0.35688,-0.38038,-0.40443,-0.42904,-0.45418,-0.47983,-0.50595,-0.53249,-0.5594,-0.5866,-0.61401,-0.64152,-0.669,-0.69634,-0.72337,-0.74996,-0.77595,-0.80121,-0.82561,-0.84909,-0.87168,-0.89356,-0.91519,-0.9377,-0.96364,0
0,0.99218,0.97501,0.95257,0.92692,0.89912,0.86979,0.83935,0.80812,0.77639,0.74441,0.71241,0.68062,0.64924,0.61843,0.58833,0.55905,0.53068,0.50327,0.47684,0.45142,0.42699,0.40352,0.38099,0.35935,0.33855,0.31853,0.29924,0.28061,0.26257,0.24508,0.22806,0.21146,0.19521,0.17927,0.16357,0.14807,0.13271,0.11744,0.10223,0.087024,0.071782,0.056465,0.041038,0.025463,0.0097079,-0.0062596,-0.022469,-0.03895,-0.055728,-0.072829,-0.090276,-0.10809,-0.1263,-0.14491,-0.16395,-0.18343,-0.20337,-0.22378,-0.24467,-0.26604,-0.28792,-0.31029,-0.33315,-0.35652,-0.38037,-0.4047,-0.42949,-0.45471,-0.48034,-0.50634,-0.53267,-0.55926,-0.58605,-0.61298,-0.63994,-0.66684,-0.69359,-0.72007,-0.74616,-0.77176,-0.79676,-0.82109,-0.8447,-0.8676,-0.88988,-0.91177,-0.93369,-0.95635,-0.98032,0
0,0.99391,0.9798,0.96058,0.93793,0.91283,0.88593,0.85767,0.82838,0.79837,0.76787,0.73715,0.7064,0.67583,0.64562,0.6159,0.58681,0.55843,0.53085,0.50411,0.47824,0.45324,0.42912,0.40585,0.38339,0.36172,0.34079,0.32053,0.30091,0.28186,0.26333,0.24526,0.22759,0.21026,0.19322,0.17642,0.1598,0.14331,0.12691,0.11055,0.094183,0.077772,0.061275,0.044654,0.027876,0.010905,-0.0062886,-0.023735,-0.041462,-0.059494,-0.077856,-0.096569,-0.11565,-0.13512,-0.155,-0.17529,-0.19601,-0.21717,-0.23877,-0.26083,-0.28333,-0.30628,-0.32967,-0.3535,-0.37775,-0.4024,-0.42744,-0.45283,-0.47855,-0.50455,-0.53079,-0.55722,-0.58377,-0.61037,-0.63696,-0.66345,-0.68976,-0.71579,-0.74145,-0.76666,-0.79132,-0.81538,-0.83878,-0.8615,-0.88357,-0.90506,-0.92612,-0.94696,-0.96766,-0.98744,0
0,0.99514,0.9834,0.96687,0.94687,0.92429,0.8997,0.87355,0.84618,0.81788,0.7889,0.75949,0.72985,0.70018,0.67066,0.64145,0.61267,0.58443,0.55682,0.5299,0.50371,0.47829,0.45363,0.42974,0.40658,0.38415,0.36239,0.34127,0.32074,0.30075,0.28125,0.26218,0.24349,0.22513,0.20704,0.18917,0.17147,0.15389,0.13639,0.11891,0.10141,0.083853,0.0662,0.048411,0.030453,0.012292,-0.0061029,-0.024759,-0.043703,-0.062959,-0.082547,-0.10249,-0.1228,-0.14349,-0.16457,-0.18606,-0.20796,-0.23027,-0.253,-0.27613,-0.29968,-0.32361,-0.34793,-0.37262,-0.39765,-0.42299,-0.44863,-0.47452,-0.50062,-0.52689,-0.55327,-0.57971,-0.60615,-0.63252,-0.65874,-0.68474,-0.71045,-0.73578,-0.76066,-0.78502,-0.80879,-0.83192,-0.85437,-0.87613,-0.89722,-0.91766,-0.9375,-0.95673,-0.97506,-0.99121,0
0,0.99603,0.98615,0.97186,0.95419,0.93387,0.91144,0.88731,0.8618,0.83519,0.80773,0.77965,0.75117,0.72247,0.69373,0.66511,0.63675,0.60876,0.58124,0.55427,0.5279,0.50217,0.47709,0.45269,0.42894,0.40584,0.38335,0.36145,0.34009,0.31923,0.29882,0.27882,0.25918,0.23983,0.22074,0.20185,0.18311,0.16447,0.14589,0.12732,0.10872,0.090048,0.071265,0.052335,0.033223,0.013898,-0.0056701,-0.025507,-0.045638,-0.066083,-0.086863,-0.10799,-0.12948,-0.15135,-0.17359,-0.19622,-0.21924,-0.24264,-0.26642,-0.29056,-0.31506,-0.3399,-0.36505,-0.3905,-0.41621,-0.44216,-0.46829,-0.49458,-0.52098,-0.54743,-0.57388,-0.60028,-0.62655,-0.65263,-0.67847,-0.70397,-0.72909,-0.75374,-0.77787,-0.80141,-0.82431,-0.84652,-0.86803,-0.8888,-0.90882,-0.92809,-0.94656,-0.96408,-0.98017,-0.99347,0
0,0.99671,0.9883,0.97587,0.96021,0.94193,0.92148,0.89924,0.8755,0.85054,0.82458,0.79784,0.77054,0.74285,0.71496,0.68702,0.65917,0.63153,0.60421,0.57729,0.55084,0.52491,0.49953,0.47472,0.45048,0.4268,0.40368,0.38108,0.35897,0.33731,0.31607,0.2952,0.27465,0.25437,0.23432,0.21445,0.19471,0.17505,0.15543,0.13581,0.11614,0.096378,0.076495,0.056451,0.036214,0.015753,-0.0049579,-0.025945,-0.04723,-0.068831,-0.090764,-0.11304,-0.13567,-0.15867,-0.18202,-0.20574,-0.22981,-0.25423,-0.27899,-0.30407,-0.32945,-0.35511,-0.38102,-0.40715,-0.43346,-0.45991,-0.48647,-0.51308,-0.53969,-0.56626,-0.59272,-0.61901,-0.64508,-0.67086,-0.69628,-0.72129,-0.74583,-0.76982,-0.79322,-0.81597,-0.83803,-0.85937,-0.87993,-0.89971,-0.91866,-0.93673,-0.95383,-0.9697,-0.98383,-0.99493,0
0,0.99722,0.99,0.97912,0.9652,0.94873,0.93009,0.9096,0.88754,0.86415,0.83965,0.81425,0.78814,0.7615,0.73449,0.70729,0.68002,0.65282,0.62579,0.59902,0.5726,0.54657,0.52098,0.49586,0.47122,0.44707,0.42339,0.40017,0.37739,0.355,0.33299,0.31131,0.28991,0.26876,0.2478,0.22699,0.20629,0.18566,0.16503,0.14439,0.12368,0.10287,0.081913,0.060786,0.039454,0.017889,-0.0039344,-0.026039,-0.048444,-0.071165,-0.094214,-0.1176,-0.14133,-0.1654,-0.18981,-0.21456,-0.23964,-0.26502,-0.2907,-0.31664,-0.34284,-0.36924,-0.39583,-0.42256,-0.44939,-0.47628,-0.50319,-0.53005,-0.55682,-0.58344,-0.60986,-0.63602,-0.66186,-0.68731,-0.71233,-0.73685,-0.76081,-0.78417,-0.80687,-0.82887,-0.85013,-0.87061,-0.89027,-0.90908,-0.92698,-0.94389,-0.95968,-0.97408,-0.98653,-0.99593,0
0,0.99763,0.99137,0.98179,0.96937,0.95449,0.93748,0.91862,0.89813,0.87624,0.85315,0.82905,0.80412,0.77854,0.75246,0.72604,0.69942,0.67272,0.64605,0.61952,0.59321,0.56717,0.54147,0.51613,0.49118,0.46663,0.44249,0.41873,0.39535,0.37231,0.34959,0.32716,0.30498,0.283,0.26118,0.23949,0.21787,0.19629,0.17471,0.15308,0.13137,0.10953,0.087543,0.065366,0.042971,0.020334,-0.0025687,-0.025757,-0.049247,-0.073051,-0.097177,-0.12163,-0.14641,-0.17152,-0.19694,-0.22267,-0.24869,-0.27498,-0.30151,-0.32826,-0.3552,-0.38229,-0.40949,-0.43675,-0.46404,-0.49131,-0.5185,-0.54556,-0.57244,-0.59908,-0.62542,-0.65142,-0.677,-0.70213,-0.72673,-0.75077,-0.77419,-0.79694,-0.81898,-0.84026,-0.86076,-0.88043,-0.89922,-0.91711,-0.93401,-0.94984,-0.96444,-0.97751,-0.98857,-0.99665,0
0,0.99796,0.99248,0.984,0.97287,0.95941,0.94387,0.92648,0.90745,0.88698,0.86524,0.8424,0.81864,0.79412,0.76898,0.74337,0.71744,0.6913,0.66508,0.63886,0.61273,0.58677,0.56104,0.53556,0.51039,0.48553,0.46099,0.43677,0.41286,0.38924,0.36588,0.34276,0.31985,0.2971,0.27448,0.25194,0.22946,0.20698,0.18448,0.1619,0.13922,0.1164,0.093411,0.070216,0.046793,0.023117,-0.00083106,-0.025068,-0.049608,-0.074457,-0.099622,-0.1251,-0.15089,-0.17699,-0.20338,-0.23004,-0.25695,-0.28408,-0.31142,-0.33892,-0.36654,-0.39425,-0.422,-0.44975,-0.47744,-0.50502,-0.53245,-0.55966,-0.58661,-0.61323,-0.63948,-0.66529,-0.69062,-0.71541,-0.73962,-0.76319,-0.78609,-0.80826,-0.82967,-0.85029,-0.87006,-0.88897,-0.90695,-0.92397,-0.93995,-0.95479,-0.96831,-0.98025,-0.99013,-0.99718,0
0,0.99822,0.9934,0.98584,0.97584,0.96362,0.94939,0.93335,0.91568,0.89653,0.87607,0.85446,0.83184,0.80836,0.78417,0.7594,0.7342,0.70867,0.68293,0.65708,0.63122,0.6054,0.57971,0.55418,0.52886,0.50377,0.47891,0.4543,0.42994,0.4058,0.38187,0.35812,0.33453,0.31107,0.2877,0.26437,0.24107,0.21774,0.19435,0.17087,0.14726,0.1235,0.099538,0.075362,0.050945,0.026265,0.0013069,-0.023944,-0.049496,-0.075355,-0.10152,-0.12799,-0.15475,-0.18179,-0.20909,-0.23663,-0.26439,-0.29233,-0.32041,-0.3486,-0.37686,-0.40514,-0.43339,-0.46156,-0.48961,-0.51747,-0.54509,-0.57242,-0.59941,-0.62599,-0.65213,-0.67775,-0.70282,-0.72729,-0.75111,-0.77424,-0.79664,-0.81827,-0.8391,-0.85908,-0.87819,-0.89638,-0.91362,-0.92984,-0.94498,-0.95891,-0.97149,-0.98244,-0.99136,-0.99758,0
0,0.99844,0.99416,0.9874,0.97836,0.96724,0.95419,0.93938,0.92295,0.90505,0.8858,0.86535,0.84383,0.82138,0.79814,0.77422,0.74976,0.72488,0.69968,0.67426,0.64871,0.62311,0.59753,0.57202,0.54662,0.52136,0.49627,0.47134,0.44659,0.422,0.39756,0.37325,0.34905,0.32493,0.30085,0.27679,0.25271,0.22857,0.20435,0.18001,0.15551,0.13084,0.10595,0.080828,0.055452,0.029805,0.0038718,-0.022357,-0.048886,-0.075716,-0.10284,-0.13026,-0.15795,-0.18589,-0.21407,-0.24245,-0.27101,-0.2997,-0.32849,-0.35733,-0.38617,-0.41497,-0.44368,-0.47224,-0.5006,-0.5287,-0.55649,-0.58391,-0.61092,-0.63745,-0.66346,-0.68889,-0.71371,-0.73787,-0.76133,-0.78404,-0.80598,-0.8271,-0.84738,-0.86678,-0.88527,-0.90281,-0.91935,-0.93485,-0.94922,-0.96236,-0.9741,-0.98421,-0.99233,-0.99788,0
0,0.99862,0.9948,0.98872,0.98053,0.97038,0.95839,0.94469,0.92941,0.91265,0.89454,0.8752,0.85475,0.8333,0.81099,0.78793,0.76424,0.74002,0.71539,0.69044,0.66527,0.63994,0.61454,0.58911,0.5637,0.53835,0.51308,0.4879,0.46283,0.43785,0.41297,0.38816,0.3634,0.33868,0.31395,0.28921,0.2644,0.23951,0.21449,0.18933,0.16399,0.13844,0.11266,0.086635,0.060339,0.03376,0.0068882,-0.020282,-0.047752,-0.075517,-0.10357,-0.13189,-0.16047,-0.18928,-0.2183,-0.24748,-0.27679,-0.3062,-0.33565,-0.36509,-0.39449,-0.42378,-0.45291,-0.48182,-0.51046,-0.53877,-0.56671,-0.5942,-0.62121,-0.64768,-0.67357,-0.69882,-0.7234,-0.74726,-0.77037,-0.79269,-0.8142,-0.83485,-0.85463,-0.87349,-0.89142,-0.90836,-0.92428,-0.93912,-0.95281,-0.96524,-0.97626,-0.98566,-0.9931,-0.99812,0
0,0.99877,0.99534,0.98985,0.9824,0.9731,0.96206,0.94938,0.93514,0.91945,0.90241,0.88413,0.86469,0.84422,0.82283,0.80061,0.77769,0.75416,0.73013,0.70569,0.68094,0.65594,0.63076,0.60547,0.58012,0.55474,0.52936,0.504,0.47867,0.45337,0.4281,0.40285,0.3776,0.35233,0.32702,0.30163,0.27615,0.25055,0.22479,0.19885,0.17271,0.14633,0.1197,0.092807,0.065627,0.038153,0.010379,-0.017698,-0.046073,-0.074738,-0.10368,-0.13288,-0.16231,-0.19195,-0.22177,-0.25171,-0.28175,-0.31183,-0.34191,-0.37193,-0.40184,-0.43158,-0.4611,-0.49034,-0.51924,-0.54775,-0.57581,-0.60336,-0.63037,-0.65678,-0.68254,-0.70762,-0.73197,-0.75556,-0.77835,-0.80031,-0.82142,-0.84165,-0.86096,-0.87934,-0.89675,-0.91315,-0.92851,-0.94277,-0.95585,-0.96766,-0.97805,-0.98684,-0.99373,-0.99831,0
0,0.99889,0.9958,0.99082,0.98402,0.97549,0.9653,0.95353,0.94026,0.92556,0.90952,0.89222,0.87376,0.85423,0.83373,0.81235,0.7902,0.76738,0.74397,0.72007,0.69577,0.67113,0.64624,0.62115,0.59591,0.57055,0.54513,0.51965,0.49413,0.46857,0.44298,0.41735,0.39166,0.3659,0.34005,0.31409,0.28798,0.26172,0.23526,0.20859,0.18169,0.15452,0.12709,0.099363,0.071338,0.043005,0.014364,-0.014584,-0.04383,-0.073362,-0.10316,-0.1332,-0.16346,-0.1939,-0.22447,-0.25515,-0.28588,-0.31661,-0.34728,-0.37785,-0.40824,-0.43841,-0.4683,-0.49785,-0.52699,-0.55568,-0.58385,-0.61147,-0.63847,-0.66482,-0.69047,-0.71539,-0.73953,-0.76286,-0.78536,-0.807,-0.82775,-0.84758,-0.86648,-0.88442,-0.90136,-0.91728,-0.93213,-0.94587,-0.95842,-0.96969,-0.97954,-0.98781,-0.99423,-0.99846,0
0,0.999,0.9962,0.99166,0.98543,0.97758,0.96816,0.95722,0.94483,0.93105,0.91594,0.89958,0.88205,0.86342,0.84378,0.82323,0.80185,0.77973,0.75696,0.73362,0.70981,0.68558,0.66101,0.63616,0.61109,0.58583,0.56041,0.53487,0.50921,0.48346,0.45761,0.43166,0.40559,0.3794,0.35307,0.32658,0.29991,0.27303,0.24592,0.21857,0.19095,0.16304,0.13484,0.10632,0.077489,0.048334,0.018861,-0.010924,-0.041009,-0.071375,-0.102,-0.13285,-0.1639,-0.19511,-0.22642,-0.25781,-0.2892,-0.32055,-0.35179,-0.38288,-0.41374,-0.44433,-0.47456,-0.5044,-0.53378,-0.56264,-0.59093,-0.6186,-0.6456,-0.6719,-0.69745,-0.72222,-0.74617,-0.76927,-0.79151,-0.81285,-0.83327,-0.85275,-0.87128,-0.88881,-0.90534,-0.92083,-0.93524,-0.94851,-0.96059,-0.97139,-0.98078,-0.98861,-0.99464,-0.99858,0
0,0.9991,0.99655,0.99239,0.98667,0.97942,0.97069,0.96051,0.94893,0.93599,0.92176,0.90628,0.88962,0.87186,0.85307,0.83332,0.8127,0.79128,0.76916,0.74641,0.7231,0.69932,0.67511,0.65056,0.6257,0.60057,0.57522,0.54968,0.52395,0.49806,0.47201,0.44579,0.41941,0.39284,0.36609,0.33912,0.31193,0.28449,0.25679,0.2288,0.20051,0.1719,0.14297,0.1137,0.084098,0.054158,0.023887,-0.0067033,-0.037595,-0.068766,-0.10019,-0.13183,-0.16364,-0.19559,-0.22762,-0.25968,-0.29172,-0.32367,-0.35547,-0.38706,-0.41838,-0.44936,-0.47994,-0.51006,-0.53966,-0.56869,-0.59709,-0.62482,-0.65183,-0.67809,-0.70355,-0.72819,-0.75197,-0.77487,-0.79687,-0.81795,-0.83808,-0.85724,-0.87543,-0.89261,-0.90877,-0.92388,-0.93789,-0.95076,-0.96243,-0.97282,-0.98181,-0.98927,-0.99498,-0.99868,0
0,0.99918,0.99685,0.99303,0.98776,0.98106,0.97295,0.96346,0.95262,0.94046,0.92704,0.91239,0.89657,0.87963,0.86165,0.84268,0.82281,0.8021,0.78063,0.75847,0.7357,0.71238,0.68858,0.66436,0.63975,0.61482,0.58959,0.56409,0.53835,0.51238,0.48618,0.45976,0.43312,0.40624,0.37911,0.35173,0.32407,0.29613,0.26787,0.23929,0.21038,0.18111,0.1515,0.12152,0.091182,0.06049,0.029454,-0.0019096,-0.033579,-0.065528,-0.097721,-0.13012,-0.16268,-0.19535,-0.22808,-0.2608,-0.29347,-0.326,-0.35834,-0.39043,-0.42219,-0.45356,-0.48447,-0.51487,-0.5447,-0.5739,-0.60242,-0.63022,-0.65725,-0.68348,-0.70887,-0.73339,-0.75703,-0.77975,-0.80154,-0.82238,-0.84225,-0.86114,-0.87902,-0.89589,-0.91172,-0.92649,-0.94015,-0.95267,-0.96399,-0.97402,-0.98268,-0.98982,-0.99526,-0.99876,0
0,0.99925,0.99711,0.9936,0.98873,0.98251,0.97497,0.9661,0.95594,0.94451,0.93184,0.91797,0.90294,0.88679,0.86959,0.85138,0.83224,0.81223,0.79142,0.76987,0.74765,0.72482,0.70145,0.67759,0.65329,0.62859,0.60353,0.57814,0.55243,0.52643,0.50015,0.47358,0.44673,0.4196,0.39216,0.36441,0.33635,0.30794,0.27919,0.25007,0.22057,0.1907,0.16044,0.12979,0.098753,0.067344,0.035575,0.0034669,-0.028954,-0.061655,-0.094597,-0.12774,-0.16102,-0.1944,-0.22781,-0.26118,-0.29446,-0.32757,-0.36045,-0.39302,-0.42522,-0.45697,-0.48822,-0.5189,-0.54896,-0.57833,-0.60698,-0.63486,-0.66192,-0.68813,-0.71347,-0.73791,-0.76142,-0.78398,-0.80559,-0.82622,-0.84586,-0.8645,-0.88212,-0.89872,-0.91426,-0.92873,-0.94209,-0.9543,-0.9653,-0.97504,-0.9834,-0.99027,-0.99549,-0.99882,0
0,0.99931,0.99734,0.9941,0.98959,0.98381,0.97678,0.96849,0.95895,0.94819,0.93623,0.92309,0.9088,0.8934,0.87695,0.85948,0.84106,0.82174,0.80158,0.78064,0.75898,0.73667,0.71376,0.6903,0.66634,0.64192,0.61707,0.59183,0.56621,0.54024,0.51393,0.48727,0.46027,0.43293,0.40524,0.37719,0.34876,0.31995,0.29075,0.26114,0.23111,0.20067,0.1698,0.13852,0.10682,0.074731,0.04226,0.0094342,-0.023713,-0.057145,-0.090817,-0.12468,-0.15868,-0.19275,-0.22683,-0.26085,-0.29473,-0.32842,-0.36182,-0.39488,-0.42751,-0.45966,-0.49124,-0.52221,-0.5525,-0.58206,-0.61085,-0.63881,-0.66592,-0.69214,-0.71744,-0.74181,-0.76521,-0.78765,-0.80909,-0.82954,-0.84898,-0.8674,-0.8848,-0.90115,-0.91643,-0.93064,-0.94373,-0.95568,-0.96642,-0.97589,-0.98401,-0.99065,-0.99567,-0.99888,0
0,0.99937,0.99755,0.99455,0.99036,0.98498,0.97841,0.97064,0.96168,0.95155,0.94024,0.92778,0.9142,0.89952,0.88378,0.86703,0.8493,0.83066,0.81115,0.79083,0.76975,0.74797,0.72554,0.70251,0.67892,0.65481,0.63022,0.60518,0.57971,0.55382,0.52752,0.50083,0.47374,0.44626,0.41836,0.39006,0.36133,0.33217,0.30257,0.27251,0.242,0.21103,0.17961,0.14773,0.11541,0.082662,0.049516,0.015999,-0.017854,-0.051997,-0.086383,-0.12096,-0.15565,-0.19041,-0.22515,-0.25981,-0.29431,-0.32857,-0.3625,-0.39605,-0.42913,-0.46167,-0.4936,-0.52486,-0.5554,-0.58516,-0.61409,-0.64216,-0.66933,-0.69557,-0.72085,-0.74516,-0.76849,-0.79081,-0.81212,-0.83241,-0.85168,-0.86991,-0.8871,-0.90323,-0.9183,-0.93228,-0.94514,-0.95685,-0.96736,-0.97661,-0.98452,-0.99097,-0.99583,-0.99892,0
0,0.99941,0.99773,0.99495,0.99105,0.98603,0.97988,0.9726,0.96417,0.95461,0.94391,0.9321,0.91918,0.90518,0.89013,0.87407,0.85703,0.83905,0.82018,0.80048,0.77998,0.75875,0.73682,0.71424,0.69106,0.6673,0.64301,0.61821,0.59293,0.56717,0.54095,0.51428,0.48716,0.45958,0.43154,0.40304,0.37407,0.34461,0.31466,0.28421,0.25326,0.22181,0.18986,0.15742,0.12451,0.091145,0.057351,0.023165,-0.011372,-0.046212,-0.0813,-0.11657,-0.15197,-0.1874,-0.22281,-0.25811,-0.29322,-0.32806,-0.36253,-0.39658,-0.43011,-0.46305,-0.49534,-0.52691,-0.55771,-0.58768,-0.61677,-0.64496,-0.67221,-0.69848,-0.72377,-0.74805,-0.77131,-0.79354,-0.81474,-0.83489,-0.85401,-0.87207,-0.88908,-0.90503,-0.9199,-0.93368,-0.94634,-0.95785,-0.96816,-0.97722,-0.98494,-0.99123,-0.99596,-0.99896,0
0,0.99946,0.9979,0.99531,0.99167,0.98698,0.98122,0.97437,0.96644,0.95741,0.94729,0.93608,0.92379,0.91044,0.89605,0.88065,0.86427,0.84694,0.82871,0.80963,0.78972,0.76904,0.74763,0.72553,0.70278,0.67941,0.65546,0.63095,0.60589,0.58032,0.55423,0.52763,0.50052,0.47291,0.44479,0.41614,0.38697,0.35727,0.32703,0.29623,0.26489,0.23301,0.20058,0.16762,0.13415,0.10019,0.065772,0.030938,-0.0042677,-0.039791,-0.075571,-0.11154,-0.14763,-0.18375,-0.21983,-0.25577,-0.2915,-0.32692,-0.36195,-0.39651,-0.4305,-0.46387,-0.49653,-0.52842,-0.55949,-0.58969,-0.61896,-0.64729,-0.67462,-0.70095,-0.72625,-0.75052,-0.77373,-0.79589,-0.817,-0.83704,-0.85602,-0.87394,-0.8908,-0.90658,-0.92128,-0.93489,-0.94737,-0.9587,-0.96884,-0.97773,-0.9853,-0.99145,-0.99607,-0.99898,0
0,0.9995,0.99805,0.99563,0.99223,0.98784,0.98243,0.97599,0.96851,0.95998,0.9504,0.93975,0.92806,0.91533,0.90157,0.88681,0.87107,0.85438,0.83678,0.8183,0.79899,0.77887,0.758,0.7364,0.71411,0.69116,0.66758,0.64339,0.61862,0.59327,0.56736,0.54089,0.51385,0.48626,0.4581,0.42938,0.40007,0.37017,0.33968,0.3086,0.27691,0.24463,0.21176,0.17832,0.14432,0.1098,0.074783,0.03932,0.0034608,-0.032736,-0.069203,-0.10587,-0.14265,-0.17946,-0.21621,-0.25282,-0.28918,-0.3252,-0.3608,-0.39588,-0.43036,-0.46417,-0.49722,-0.52945,-0.56081,-0.59125,-0.62072,-0.6492,-0.67664,-0.70304,-0.72837,-0.75264,-0.77582,-0.79793,-0.81896,-0.8389,-0.85777,-0.87557,-0.89229,-0.90793,-0.92248,-0.93593,-0.94825,-0.95943,-0.96942,-0.97817,-0.98561,-0.99164,-0.99616,-0.99901,0
0,0.99953,0.99818,0.99592,0.99274,0.98862,0.98354,0.97748,0.97042,0.96235,0.95326,0.94315,0.93202,0.91988,0.90672,0.89258,0.87746,0.8614,0.84442,0.82655,0.80783,0.78828,0.76795,0.74687,0.72507,0.70256,0.67939,0.65557,0.63112,0.60604,0.58036,0.55406,0.52716,0.49964,0.4715,0.44274,0.41335,0.38332,0.35264,0.32131,0.28933,0.2567,0.22343,0.18954,0.15505,0.11998,0.084391,0.048316,0.011815,-0.025049,-0.062201,-0.099561,-0.13704,-0.17455,-0.212,-0.24928,-0.28629,-0.32294,-0.35912,-0.39475,-0.42974,-0.464,-0.49746,-0.53005,-0.56172,-0.59242,-0.62211,-0.65075,-0.67832,-0.7048,-0.73019,-0.75447,-0.77764,-0.7997,-0.82067,-0.84053,-0.8593,-0.87699,-0.89359,-0.9091,-0.92351,-0.93683,-0.94902,-0.96006,-0.96992,-0.97855,-0.98587,-0.9918,-0.99623,-0.99903,0
0,0.99956,0.9983,0.99619,0.99321,0.98934,0.98455,0.97884,0.97217,0.96453,0.95591,0.94631,0.93571,0.92412,0.91154,0.89799,0.88348,0.86803,0.85165,0.83439,0.81626,0.79729,0.77752,0.75697,0.73567,0.71365,0.69091,0.66749,0.6434,0.61865,0.59323,0.56716,0.54044,0.51305,0.48499,0.45626,0.42683,0.39672,0.3659,0.33438,0.30215,0.26921,0.23558,0.20128,0.16632,0.13075,0.094602,0.057929,0.020795,-0.016731,-0.054569,-0.092632,-0.13083,-0.16905,-0.2072,-0.24518,-0.28286,-0.32016,-0.35695,-0.39315,-0.42867,-0.46341,-0.4973,-0.53028,-0.56228,-0.59326,-0.62318,-0.65201,-0.67972,-0.7063,-0.73175,-0.75605,-0.77922,-0.80126,-0.82217,-0.84197,-0.86066,-0.87824,-0.89473,-0.91013,-0.92443,-0.93762,-0.94969,-0.96061,-0.97036,-0.97887,-0.98609,-0.99194,-0.9963,-0.99905,0
0,0.99959,0.99841,0.99643,0.99363,0.98999,0.98548,0.98009,0.97378,0.96655,0.95837,0.94924,0.93914,0.92808,0.91606,0.90308,0.88915,0.87429,0.85852,0.84185,0.82431,0.80593,0.78672,0.76672,0.74595,0.72442,0.70216,0.67917,0.65548,0.63108,0.60599,0.5802,0.5537,0.5265,0.49857,0.46992,0.44052,0.41038,0.37948,0.34781,0.31538,0.28218,0.24824,0.21355,0.17817,0.14211,0.10542,0.068165,0.030405,-0.0077828,-0.046312,-0.085087,-0.12401,-0.16297,-0.20185,-0.24054,-0.27893,-0.31689,-0.35433,-0.39113,-0.42721,-0.46246,-0.49681,-0.53019,-0.56255,-0.59383,-0.624,-0.65302,-0.68089,-0.70759,-0.73311,-0.75745,-0.78063,-0.80265,-0.82352,-0.84326,-0.86187,-0.87937,-0.89576,-0.91105,-0.92524,-0.93832,-0.95028,-0.9611,-0.97074,-0.97915,-0.98628,-0.99205,-0.99635,-0.99906,0
0,0.99962,0.99851,0.99665,0.99402,0.99059,0.98634,0.98124,0.97527,0.96841,0.96065,0.95196,0.94234,0.93179,0.9203,0.90786,0.8945,0.88022,0.86504,0.84896,0.83201,0.81421,0.79558,0.77614,0.75591,0.7349,0.71313,0.69062,0.66736,0.64337,0.61864,0.59317,0.56696,0.53999,0.51225,0.48373,0.45442,0.4243,0.39337,0.36161,0.32903,0.29562,0.26139,0.22637,0.19058,0.15406,0.11686,0.079028,0.040648,0.0017973,-0.03743,-0.076932,-0.1166,-0.15631,-0.19595,-0.23539,-0.27451,-0.31318,-0.3513,-0.38873,-0.42539,-0.46118,-0.49602,-0.52983,-0.56257,-0.59417,-0.6246,-0.65385,-0.68188,-0.7087,-0.73431,-0.75871,-0.7819,-0.80391,-0.82475,-0.84443,-0.86298,-0.88039,-0.8967,-0.91189,-0.92598,-0.93896,-0.95082,-0.96153,-0.97108,-0.9794,-0.98646,-0.99216,-0.9964,-0.99907,0
0,0.99964,0.9986,0.99685,0.99438,0.99114,0.98712,0.9823,0.97665,0.97014,0.96276,0.9545,0.94533,0.93526,0.92427,0.91237,0.89956,0.88584,0.87123,0.85573,0.83937,0.82216,0.80411,0.78524,0.76557,0.7451,0.72386,0.70184,0.67906,0.65551,0.63119,0.60609,0.58021,0.55352,0.52603,0.4977,0.46853,0.43849,0.40758,0.37579,0.3431,0.30952,0.27507,0.23974,0.20358,0.16662,0.12892,0.090528,0.05153,0.012013,-0.027923,-0.068168,-0.1086,-0.1491,-0.18953,-0.22975,-0.26964,-0.30906,-0.34788,-0.38599,-0.42327,-0.45963,-0.49498,-0.52926,-0.56239,-0.59433,-0.62505,-0.65453,-0.68275,-0.7097,-0.7354,-0.75986,-0.78308,-0.80508,-0.82589,-0.84553,-0.86401,-0.88135,-0.89756,-0.91267,-0.92666,-0.93954,-0.95131,-0.96193,-0.97139,-0.97963,-0.98661,-0.99225,-0.99645,-0.99908,0
0,0.99966,0.99869,0.99704,0.9947,0.99165,0.98785,0.98328,0.97792,0.97174,0.96473,0.95686,0.94813,0.93851,0.92801,0.91662,0.90434,0.89117,0.87712,0.8622,0.84642,0.82979,0.81232,0.79404,0.77494,0.75504,0.73434,0.71285,0.69057,0.6675,0.64363,0.61896,0.59345,0.56711,0.53991,0.51183,0.48285,0.45296,0.42212,0.39035,0.35761,0.32391,0.28926,0.25367,0.21717,0.1798,0.14161,0.10267,0.06306,0.022871,-0.017789,-0.058797,-0.10003,-0.14134,-0.18259,-0.22364,-0.26434,-0.30454,-0.34412,-0.38293,-0.42088,-0.45785,-0.49375,-0.5285,-0.56206,-0.59437,-0.62539,-0.65512,-0.68353,-0.71063,-0.73643,-0.76095,-0.7842,-0.8062,-0.82698,-0.84657,-0.86499,-0.88226,-0.89839,-0.9134,-0.92731,-0.94009,-0.95177,-0.9623,-0.97167,-0.97984,-0.98675,-0.99233,-0.99648,-0.99909,0
0,0.99968,0.99876,0.99721,0.995,0.99212,0.98852,0.98419,0.9791,0.97323,0.96656,0.95907,0.95074,0.94156,0.93153,0.92062,0.90886,0.89622,0.88272,0.86837,0.85316,0.83712,0.82024,0.80254,0.78403,0.76471,0.74458,0.72365,0.70191,0.67936,0.65598,0.63177,0.60669,0.58074,0.55389,0.52611,0.49739,0.46769,0.437,0.40529,0.37255,0.33879,0.30399,0.26818,0.23137,0.19361,0.15496,0.11548,0.07525,0.034379,-0.0070185,-0.048815,-0.09087,-0.13303,-0.17515,-0.21707,-0.25862,-0.29966,-0.34003,-0.37961,-0.41826,-0.45587,-0.49235,-0.52763,-0.56163,-0.59432,-0.62567,-0.65565,-0.68427,-0.71153,-0.73744,-0.76202,-0.78529,-0.8073,-0.82806,-0.8476,-0.86595,-0.88314,-0.89919,-0.91412,-0.92793,-0.94062,-0.95221,-0.96265,-0.97195,-0.98004,-0.98689,-0.99241,-0.99652,-0.9991,0
0,0.9997,0.99883,0.99737,0.99528,0.99255,0.98914,0.98503,0.9802,0.97462,0.96827,0.96113,0.95319,0.94443,0.93483,0.9244,0.91313,0.90101,0.88806,0.87426,0.85962,0.84416,0.82788,0.81078,0.79286,0.77414,0.7546,0.73425,0.71308,0.69108,0.66823,0.64452,0.61993,0.59442,0.56797,0.54055,0.51214,0.4827,0.4522,0.42062,0.38794,0.35415,0.31926,0.28326,0.24619,0.20807,0.16897,0.12895,0.088113,0.046553,0.0043978,-0.038214,-0.081129,-0.12419,-0.16722,-0.21005,-0.25252,-0.29444,-0.33566,-0.37604,-0.41544,-0.45374,-0.49084,-0.52666,-0.56115,-0.59424,-0.62593,-0.65618,-0.68502,-0.71243,-0.73845,-0.7631,-0.7864,-0.8084,-0.82913,-0.84863,-0.86692,-0.88403,-0.89999,-0.91483,-0.92854,-0.94115,-0.95264,-0.963,-0.97221,-0.98023,-0.98701,-0.99248,-0.99655,-0.99911,0
0,0.99972,0.9989,0.99751,0.99554,0.99294,0.98971,0.98581,0.98122,0.97591,0.96986,0.96306,0.95548,0.94711,0.93795,0.92797,0.91718,0.90557,0.89313,0.87988,0.86581,0.85093,0.83524,0.81874,0.80143,0.78332,0.76439,0.74465,0.72408,0.70266,0.68039,0.65723,0.63315,0.60814,0.58215,0.55515,0.5271,0.49797,0.46773,0.43634,0.40377,0.37002,0.33508,0.29894,0.26163,0.22319,0.18366,0.14313,0.10167,0.05941,0.016476,-0.026981,-0.070797,-0.1148,-0.15879,-0.2026,-0.24603,-0.2889,-0.33103,-0.37227,-0.41246,-0.45149,-0.48925,-0.52566,-0.56065,-0.59417,-0.62621,-0.65675,-0.6858,-0.71338,-0.73951,-0.76422,-0.78755,-0.80955,-0.83025,-0.84968,-0.8679,-0.88493,-0.9008,-0.91554,-0.92916,-0.94167,-0.95307,-0.96334,-0.97247,-0.98042,-0.98714,-0.99256,-0.99659,-0.99911,0
0,0.99973,0.99896,0.99764,0.99577,0.99331,0.99024,0.98653,0.98216,0.97711,0.97135,0.96486,0.95763,0.94964,0.94088,0.93134,0.92101,0.90988,0.89797,0.88525,0.87174,0.85744,0.84234,0.82645,0.80975,0.79226,0.77397,0.75485,0.7349,0.71411,0.69244,0.66987,0.64636,0.62189,0.59641,0.56989,0.54227,0.51352,0.48359,0.45245,0.42006,0.3864,0.35146,0.31523,0.27773,0.23899,0.19906,0.15801,0.11594,0.072971,0.029236,-0.015101,-0.05986,-0.10485,-0.14987,-0.19472,-0.23918,-0.28306,-0.32616,-0.36832,-0.40937,-0.44918,-0.48763,-0.52466,-0.56017,-0.59415,-0.62656,-0.65739,-0.68667,-0.71441,-0.74065,-0.76542,-0.78878,-0.81076,-0.83141,-0.85079,-0.86893,-0.88587,-0.90164,-0.91628,-0.9298,-0.9422,-0.95351,-0.96369,-0.97274,-0.98061,-0.98726,-0.99263,-0.99662,-0.99912,0
0,0.99975,0.99901,0.99777,0.99599,0.99365,0.99073,0.9872,0.98304,0.97822,0.97273,0.96654,0.95963,0.952,0.94363,0.93451,0.92463,0.91398,0.90257,0.89038,0.87742,0.86369,0.84918,0.8339,0.81783,0.80097,0.78332,0.76485,0.74556,0.72541,0.70438,0.68244,0.65956,0.63568,0.61077,0.58477,0.55764,0.52933,0.49978,0.46895,0.4368,0.4033,0.36842,0.33215,0.2945,0.2555,0.21519,0.17364,0.13096,0.087266,0.042705,-0.002548,-0.0483,-0.09434,-0.14045,-0.1864,-0.23197,-0.27693,-0.32107,-0.36421,-0.40618,-0.44682,-0.48602,-0.5237,-0.55978,-0.59422,-0.62701,-0.65815,-0.68766,-0.71556,-0.7419,-0.76673,-0.7901,-0.81206,-0.83266,-0.85196,-0.87001,-0.88686,-0.90252,-0.91705,-0.93046,-0.94276,-0.95396,-0.96405,-0.97301,-0.9808,-0.98739,-0.9927,-0.99665,-0.99913,0
0,0.99976,0.99906,0.99788,0.99619,0.99396,0.99118,0.98782,0.98385,0.97925,0.97401,0.9681,0.96151,0.95422,0.94622,0.9375,0.92805,0.91786,0.90694,0.89527,0.88285,0.86969,0.85577,0.8411,0.82566,0.80945,0.79246,0.77466,0.75604,0.73657,0.71622,0.69495,0.67272,0.64949,0.62519,0.59978,0.5732,0.54539,0.51629,0.48585,0.454,0.42072,0.38596,0.34971,0.31196,0.27273,0.23207,0.19005,0.14676,0.10233,0.056917,0.010707,-0.036089,-0.083244,-0.13051,-0.17765,-0.2244,-0.27052,-0.31579,-0.35999,-0.40293,-0.44446,-0.48446,-0.52282,-0.55949,-0.59443,-0.62762,-0.65907,-0.68881,-0.71687,-0.74331,-0.76818,-0.79155,-0.81347,-0.83401,-0.85323,-0.87118,-0.88791,-0.90346,-0.91786,-0.93115,-0.94334,-0.95443,-0.96442,-0.97329,-0.981,-0.98752,-0.99278,-0.99668,-0.99914,0
0,0.99977,0.99911,0.99798,0.99637,0.99425,0.99159,0.98838,0.9846,0.98021,0.9752,0.96956,0.96326,0.9563,0.94865,0.94032,0.93128,0.92154,0.91109,0.89993,0.88805,0.87545,0.86212,0.84806,0.83325,0.8177,0.80137,0.78426,0.76634,0.74758,0.72793,0.70737,0.68585,0.6633,0.63968,0.61492,0.58896,0.56171,0.53313,0.50313,0.47167,0.43867,0.4041,0.36792,0.33013,0.29073,0.24975,0.20727,0.16338,0.1182,0.071911,0.024703,-0.023196,-0.071535,-0.12005,-0.16845,-0.21648,-0.26386,-0.31033,-0.35566,-0.39966,-0.44214,-0.48299,-0.52209,-0.55938,-0.59482,-0.62842,-0.66018,-0.69015,-0.71836,-0.74489,-0.76979,-0.79315,-0.81502,-0.83548,-0.8546,-0.87243,-0.88903,-0.90445,-0.91873,-0.93189,-0.94395,-0.95492,-0.96481,-0.97358,-0.98121,-0.98766,-0.99285,-0.99672,-0.99914,0
0,0.99978,0.99915,0.99808,0.99654,0.99451,0.99197,0.98891,0.98529,0.98109,0.97631,0.97091,0.96489,0.95823,0.95093,0.94296,0.93433,0.92502,0.91504,0.90437,0.89301,0.88097,0.86822,0.85477,0.8406,0.82571,0.81007,0.79366,0.77646,0.75843,0.73952,0.71971,0.69893,0.67712,0.65423,0.63017,0.60488,0.57828,0.55028,0.52081,0.4898,0.45716,0.42285,0.38682,0.34905,0.30952,0.26827,0.22535,0.18086,0.13494,0.08774,0.039487,-0.0095773,-0.059178,-0.10902,-0.1588,-0.2082,-0.25694,-0.30471,-0.35127,-0.3964,-0.43991,-0.48165,-0.52153,-0.55947,-0.59545,-0.62946,-0.66154,-0.69173,-0.72009,-0.74669,-0.7716,-0.79492,-0.81673,-0.83709,-0.85608,-0.87378,-0.89024,-0.90552,-0.91965,-0.93267,-0.9446,-0.95545,-0.96522,-0.97389,-0.98143,-0.9878,-0.99294,-0.99675,-0.99915,0
0,0.99979,0.99919,0.99816,0.99669,0.99475,0.99232,0.98938,0.98592,0.9819,0.97732,0.97216,0.9664,0.96004,0.95305,0.94544,0.93719,0.92831,0.91877,0.90859,0.89775,0.88625,0.87408,0.86124,0.84772,0.83349,0.81854,0.80285,0.78639,0.76911,0.75098,0.73195,0.71195,0.69093,0.66882,0.64552,0.62097,0.59508,0.56774,0.53888,0.50839,0.4762,0.44223,0.40643,0.36874,0.32914,0.28767,0.24435,0.19928,0.15259,0.10446,0.055117,0.0048191,-0.04613,-0.097405,-0.14866,-0.19956,-0.24976,-0.29895,-0.34684,-0.39319,-0.4378,-0.4805,-0.5212,-0.55982,-0.59635,-0.6308,-0.66319,-0.69359,-0.72207,-0.74873,-0.77364,-0.7969,-0.81861,-0.83885,-0.85771,-0.87526,-0.89156,-0.90667,-0.92064,-0.93351,-0.94529,-0.95601,-0.96565,-0.97421,-0.98166,-0.98795,-0.99302,-0.99679,-0.99916,0
0,0.9998,0.99922,0.99824,0.99683,0.99496,0.99264,0.98982,0.9865,0.98265,0.97826,0.97331,0.9678,0.96171,0.95503,0.94776,0.93988,0.9314,0.9223,0.91259,0.90226,0.8913,0.87971,0.86748,0.85459,0.84104,0.82679,0.81183,0.79612,0.77962,0.76229,0.74407,0.72491,0.70472,0.68343,0.66096,0.63722,0.6121,0.5855,0.55732,0.52746,0.4958,0.46226,0.42676,0.38923,0.34965,0.308,0.26432,0.21869,0.17124,0.12215,0.071665,0.020058,-0.032335,-0.085154,-0.13802,-0.19054,-0.24234,-0.29307,-0.34241,-0.39008,-0.43586,-0.47959,-0.52116,-0.5605,-0.5976,-0.63247,-0.66517,-0.69577,-0.72437,-0.75105,-0.77593,-0.79911,-0.8207,-0.8408,-0.85949,-0.87686,-0.89298,-0.90791,-0.9217,-0.9344,-0.94603,-0.9566,-0.96611,-0.97455,-0.9819,-0.9881,-0.99311,-0.99683,-0.99917,0
0,0.99981,0.99925,0.99831,0.99695,0.99516,0.99292,0.99021,0.98702,0.98332,0.97911,0.97437,0.96909,0.96326,0.95687,0.94992,0.9424,0.9343,0.92563,0.91638,0.90654,0.89612,0.8851,0.87347,0.86123,0.84835,0.83481,0.82059,0.80565,0.78996,0.77345,0.75608,0.73778,0.71847,0.69806,0.67648,0.6536,0.62934,0.60356,0.57615,0.54699,0.51596,0.48294,0.44784,0.41057,0.37107,0.32932,0.28533,0.23917,0.19097,0.1409,0.089215,0.03622,-0.017724,-0.072215,-0.12682,-0.18112,-0.23467,-0.28708,-0.33799,-0.38709,-0.43415,-0.47898,-0.52147,-0.56156,-0.59924,-0.63455,-0.66755,-0.69833,-0.72701,-0.75369,-0.77851,-0.80158,-0.82302,-0.84294,-0.86143,-0.8786,-0.89452,-0.90925,-0.92285,-0.93536,-0.94681,-0.95723,-0.9666,-0.97491,-0.98215,-0.98827,-0.9932,-0.99687,-0.99918,0
0,0.99982,0.99928,0.99837,0.99706,0.99533,0.99317,0.99056,0.98748,0.98393,0.97988,0.97533,0.97026,0.96468,0.95856,0.95192,0.94474,0.93702,0.92876,0.91995,0.9106,0.9007,0.89025,0.87922,0.86762,0.85542,0.8426,0.82913,0.81498,0.8001,0.78445,0.76795,0.75055,0.73216,0.71269,0.69205,0.67012,0.64678,0.6219,0.59535,0.567,0.5367,0.50431,0.46971,0.4328,0.39348,0.35171,0.30747,0.26083,0.21188,0.16081,0.10787,0.053403,-0.0022101,-0.058517,-0.11504,-0.17127,-0.22675,-0.281,-0.33364,-0.3843,-0.43274,-0.47875,-0.52221,-0.56308,-0.60136,-0.63709,-0.67037,-0.70131,-0.73004,-0.75669,-0.78141,-0.80433,-0.82558,-0.84529,-0.86356,-0.8805,-0.89618,-0.91069,-0.92407,-0.93638,-0.94765,-0.95789,-0.96711,-0.9753,-0.98242,-0.98844,-0.9933,-0.99691,-0.99919,0
0,0.99982,0.9993,0.99842,0.99715,0.99548,0.99339,0.99087,0.9879,0.98447,0.98057,0.97619,0.97133,0.96597,0.96011,0.95376,0.94691,0.93955,0.93169,0.92332,0.91445,0.90506,0.89516,0.88473,0.87377,0.86225,0.85015,0.83744,0.82409,0.81005,0.79527,0.77968,0.76322,0.74579,0.72731,0.70767,0.68674,0.6644,0.64052,0.61493,0.58748,0.55802,0.52638,0.49241,0.45596,0.41694,0.37524,0.33084,0.28376,0.23409,0.182,0.12777,0.071726,0.014313,-0.043974,-0.10259,-0.16097,-0.21857,-0.27486,-0.32939,-0.38176,-0.43169,-0.47897,-0.52347,-0.56515,-0.60403,-0.64018,-0.67372,-0.70478,-0.73352,-0.7601,-0.78467,-0.80739,-0.82842,-0.84788,-0.86589,-0.88256,-0.89798,-0.91224,-0.92539,-0.93748,-0.94854,-0.9586,-0.96766,-0.9757,-0.9827,-0.98862,-0.9934,-0.99696,-0.9992,0
0,0.99983,0.99932,0.99846,0.99723,0.9956,0.99358,0.99113,0.98826,0.98494,0.98118,0.97696,0.97228,0.96713,0.96152,0.95545,0.9489,0.94189,0.93442,0.92647,0.91806,0.90919,0.89984,0.89,0.87967,0.86883,0.85746,0.84552,0.83298,0.81979,0.80591,0.79126,0.77577,0.75935,0.7419,0.72332,0.70347,0.68221,0.6594,0.63487,0.60844,0.57994,0.54917,0.51595,0.48012,0.44151,0.40001,0.35554,0.3081,0.25774,0.20464,0.14905,0.09134,0.031979,-0.028475,-0.089406,-0.15017,-0.21012,-0.26868,-0.3253,-0.37955,-0.43111,-0.47974,-0.52533,-0.56785,-0.60734,-0.64389,-0.67766,-0.7088,-0.7375,-0.76395,-0.78833,-0.81081,-0.83155,-0.85071,-0.86842,-0.8848,-0.89993,-0.91391,-0.9268,-0.93865,-0.94949,-0.95935,-0.96823,-0.97612,-0.983,-0.98881,-0.99351,-0.997,-0.99921,0
0,0.99983,0.99934,0.9985,0.99729,0.99571,0.99373,0.99135,0.98856,0.98534,0.9817,0.97762,0.97312,0.96817,0.96279,0.95697,0.95073,0.94405,0.93695,0.92942,0.92146,0.91308,0.90427,0.89503,0.88533,0.87517,0.86453,0.85336,0.84165,0.82933,0.81636,0.80267,0.78819,0.77281,0.75645,0.73898,0.72028,0.70019,0.67854,0.65517,0.62988,0.60246,0.57271,0.5404,0.50532,0.46728,0.42612,0.38171,0.334,0.28302,0.22891,0.17192,0.11243,0.050956,-0.011884,-0.075385,-0.1388,-0.2014,-0.26248,-0.32143,-0.37776,-0.43109,-0.48119,-0.52794,-0.57132,-0.61141,-0.64834,-0.68228,-0.71345,-0.74205,-0.76831,-0.79242,-0.8146,-0.83501,-0.85383,-0.87119,-0.88722,-0.90203,-0.9157,-0.9283,-0.93989,-0.9505,-0.96015,-0.96884,-0.97657,-0.98331,-0.98901,-0.99362,-0.99705,-0.99922,0
0,0.99984,0.99935,0.99852,0.99734,0.99578,0.99385,0.99152,0.9888,0.98567,0.98214,0.97819,0.97384,0.96908,0.96391,0.95834,0.95238,0.94602,0.93928,0.93215,0.92464,0.91675,0.90848,0.89981,0.89075,0.88127,0.87135,0.86097,0.85009,0.83866,0.82662,0.81392,0.80047,0.78618,0.77095,0.75466,0.73717,0.71832,0.69794,0.67584,0.65181,0.62561,0.59702,0.56578,0.53164,0.49435,0.4537,0.4095,0.36165,0.31013,0.25504,0.19661,0.13523,0.071456,0.0059794,-0.060395,-0.1268,-0.19237,-0.2563,-0.31786,-0.3765,-0.43178,-0.48346,-0.53143,-0.5757,-0.61637,-0.65363,-0.6877,-0.71882,-0.74724,-0.77323,-0.79701,-0.81881,-0.83883,-0.85724,-0.87421,-0.88985,-0.90429,-0.91762,-0.92991,-0.94121,-0.95156,-0.96098,-0.96948,-0.97704,-0.98363,-0.98922,-0.99373,-0.9971,-0.99923,0
0,0.99984,0.99935,0.99854,0.99737,0.99584,0.99393,0.99165,0.98898,0.98593,0.98249,0.97866,0.97444,0.96985,0.96488,0.95955,0.95385,0.9478,0.94141,0.93467,0.9276,0.92019,0.91244,0.90436,0.89592,0.88712,0.87794,0.86835,0.8583,0.84777,0.83669,0.82499,0.81261,0.79945,0.7854,0.77034,0.75412,0.7366,0.71758,0.69686,0.67422,0.6494,0.62215,0.59216,0.55915,0.52281,0.48287,0.43909,0.39127,0.33933,0.28331,0.22342,0.16004,0.093755,0.025346,-0.044266,-0.11407,-0.18303,-0.25019,-0.3147,-0.37591,-0.43335,-0.48674,-0.536,-0.58116,-0.62238,-0.65991,-0.69402,-0.725,-0.75316,-0.77879,-0.80215,-0.82349,-0.84304,-0.86098,-0.87749,-0.8927,-0.90673,-0.91968,-0.93162,-0.94261,-0.95269,-0.96186,-0.97015,-0.97753,-0.98397,-0.98943,-0.99385,-0.99715,-0.99924,0
0,0.99984,0.99936,0.99854,0.99738,0.99586,0.99398,0.99173,0.9891,0.98611,0.98274,0.97901,0.97492,0.97048,0.9657,0.96059,0.95515,0.94939,0.94333,0.93698,0.93033,0.92339,0.91617,0.90866,0.90085,0.89274,0.88429,0.87549,0.86629,0.85667,0.84656,0.8359,0.82461,0.81261,0.79978,0.78601,0.77114,0.75502,0.73746,0.71824,0.69713,0.67385,0.64811,0.61958,0.58793,0.55279,0.51382,0.47068,0.42311,0.37092,0.31408,0.25273,0.18723,0.11821,0.046521,-0.02677,-0.10046,-0.17333,-0.2442,-0.31209,-0.37621,-0.43603,-0.49127,-0.54186,-0.58791,-0.62964,-0.66735,-0.70139,-0.73212,-0.7599,-0.78505,-0.80789,-0.82868,-0.84767,-0.86507,-0.88105,-0.89577,-0.90935,-0.92188,-0.93345,-0.9441,-0.95387,-0.96279,-0.97085,-0.97803,-0.98432,-0.98965,-0.99398,-0.99721,-0.99925,0
0,0.99984,0.99935,0.99854,0.99737,0.99586,0.99398,0.99175,0.98915,0.9862,0.9829,0.97926,0.97528,0.97098,0.96637,0.96146,0.95626,0.95079,0.94506,0.93907,0.93284,0.92638,0.91967,0.91273,0.90555,0.89811,0.89041,0.8824,0.87407,0.86537,0.85624,0.84664,0.83648,0.82567,0.81411,0.80167,0.78822,0.77359,0.75758,0.73999,0.72054,0.69897,0.67494,0.64811,0.61807,0.58441,0.54671,0.50452,0.45748,0.40529,0.34779,0.28502,0.21732,0.1453,0.069918,-0.0075985,-0.085812,-0.16323,-0.23843,-0.3102,-0.37763,-0.44011,-0.49735,-0.54933,-0.59624,-0.63838,-0.67615,-0.70999,-0.74033,-0.76758,-0.79212,-0.81431,-0.83444,-0.85277,-0.86954,-0.88493,-0.89909,-0.91216,-0.92423,-0.93538,-0.94567,-0.95512,-0.96376,-0.97158,-0.97856,-0.98468,-0.98988,-0.9941,-0.99726,-0.99927,0
0,0.99983,0.99934,0.99852,0.99735,0.99582,0.99394,0.99171,0.98913,0.98621,0.98295,0.97938,0.9755,0.97132,0.96687,0.96215,0.95718,0.95199,0.94657,0.94095,0.93514,0.92913,0.92295,0.91658,0.91002,0.90327,0.8963,0.8891,0.88164,0.87387,0.86575,0.85722,0.84821,0.83863,0.82838,0.81734,0.80537,0.7923,0.77795,0.76209,0.74447,0.72478,0.70268,0.67779,0.64966,0.61782,0.58174,0.54089,0.49476,0.4429,0.38499,0.32094,0.25096,0.17567,0.096101,0.01368,-0.069857,-0.15266,-0.23297,-0.3093,-0.38053,-0.44598,-0.50538,-0.55878,-0.60648,-0.6489,-0.68657,-0.72002,-0.74977,-0.77632,-0.8001,-0.82148,-0.84082,-0.85839,-0.87443,-0.88914,-0.90268,-0.91518,-0.92674,-0.93744,-0.94732,-0.95643,-0.96477,-0.97233,-0.97911,-0.98505,-0.99012,-0.99423,-0.99732,-0.99928,0
0,0.99983,0.99933,0.99849,0.99729,0.99575,0.99385,0.99161,0.98903,0.98612,0.98289,0.97937,0.97557,0.97151,0.9672,0.96266,0.95792,0.95299,0.94788,0.94262,0.93721,0.93167,0.926,0.9202,0.91427,0.90821,0.90199,0.89561,0.88902,0.8822,0.8751,0.86767,0.85983,0.85151,0.84261,0.83301,0.82258,0.81116,0.79857,0.78457,0.76892,0.7513,0.73136,0.70868,0.6828,0.65315,0.61914,0.5801,0.53538,0.48431,0.42639,0.36129,0.28905,0.21022,0.12587,0.037684,-0.052231,-0.14154,-0.228,-0.30973,-0.38539,-0.45419,-0.51591,-0.57071,-0.61906,-0.66157,-0.6989,-0.73172,-0.76066,-0.78628,-0.80909,-0.82951,-0.8479,-0.86457,-0.87977,-0.89371,-0.90655,-0.91841,-0.92941,-0.93961,-0.94907,-0.9578,-0.96582,-0.97312,-0.97967,-0.98544,-0.99036,-0.99437,-0.99738,-0.99929,0
0,0.99982,0.99931,0.99844,0.99721,0.99564,0.99371,0.99143,0.98883,0.98592,0.98271,0.97923,0.9755,0.97153,0.96735,0.96299,0.95846,0.95378,0.94899,0.94408,0.93908,0.934,0.92885,0.92362,0.91833,0.91296,0.9075,0.90194,0.89624,0.89039,0.88432,0.87801,0.87137,0.86434,0.85682,0.84871,0.83988,0.83019,0.81944,0.80742,0.79389,0.77853,0.76099,0.74083,0.71754,0.69053,0.65911,0.62248,0.57981,0.53021,0.47286,0.40715,0.33282,0.25021,0.16041,0.065334,-0.03238,-0.12972,-0.22376,-0.31204,-0.3929,-0.46549,-0.52965,-0.58578,-0.63456,-0.67685,-0.71351,-0.74538,-0.7732,-0.79764,-0.81924,-0.83848,-0.85576,-0.87138,-0.88561,-0.89867,-0.91072,-0.92188,-0.93226,-0.94192,-0.95091,-0.95924,-0.96692,-0.97394,-0.98025,-0.98583,-0.99061,-0.9945,-0.99744,-0.9993,0
0,0.99982,0.99928,0.99837,0.9971,0.99548,0.9935,0.99118,0.98855,0.98561,0.9824,0.97894,0.97526,0.97137,0.96732,0.96312,0.95879,0.95438,0.94988,0.94533,0.94074,0.93613,0.9315,0.92685,0.9222,0.91754,0.91285,0.90812,0.90333,0.89846,0.89345,0.88827,0.88285,0.87714,0.87104,0.86446,0.85729,0.84938,0.84056,0.83064,0.81937,0.80646,0.79155,0.77422,0.75393,0.73006,0.70183,0.66835,0.62858,0.58136,0.52551,0.45995,0.38396,0.29749,0.20146,0.098055,-0.0094355,-0.11699,-0.22061,-0.31703,-0.40412,-0.48096,-0.54763,-0.60486,-0.65369,-0.69532,-0.73086,-0.76135,-0.78767,-0.81058,-0.83069,-0.84852,-0.86447,-0.87887,-0.892,-0.90406,-0.91522,-0.92561,-0.9353,-0.94437,-0.95284,-0.96074,-0.96806,-0.97478,-0.98085,-0.98623,-0.99085,-0.99464,-0.99749,-0.99932,0
0,0.9998,0.99923,0.99829,0.99696,0.99527,0.99322,0.99084,0.98815,0.98517,0.98194,0.97849,0.97484,0.97103,0.96709,0.96304,0.95893,0.95476,0.95057,0.94638,0.94221,0.93807,0.93397,0.92992,0.92593,0.92198,0.91808,0.91421,0.91034,0.90646,0.90252,0.8985,0.89433,0.88996,0.88531,0.88029,0.87481,0.86874,0.86192,0.85419,0.84531,0.83502,0.82298,0.80878,0.7919,0.7717,0.74737,0.71792,0.68213,0.63856,0.58557,0.52149,0.44483,0.35478,0.25181,0.13817,0.018058,-0.10297,-0.21918,-0.32598,-0.42063,-0.50222,-0.57129,-0.62914,-0.67739,-0.71768,-0.75148,-0.78002,-0.80436,-0.82534,-0.84361,-0.85974,-0.87413,-0.88712,-0.89898,-0.90992,-0.92009,-0.9296,-0.93854,-0.94695,-0.95488,-0.96231,-0.96924,-0.97564,-0.98146,-0.98664,-0.9911,-0.99477,-0.99755,-0.99933,0
0,0.99979,0.99918,0.99817,0.99677,0.995,0.99286,0.99039,0.98762,0.98459,0.98132,0.97786,0.97423,0.97048,0.96665,0.96276,0.95885,0.95494,0.95106,0.94724,0.9435,0.93985,0.9363,0.93287,0.92955,0.92634,0.92324,0.92024,0.91732,0.91445,0.91161,0.90875,0.90585,0.90283,0.89965,0.89622,0.89246,0.88826,0.88349,0.878,0.87161,0.86406,0.85508,0.84429,0.8312,0.81522,0.79554,0.77113,0.74066,0.70243,0.65434,0.59393,0.51861,0.4262,0.31596,0.18971,0.052709,-0.086968,-0.22055,-0.34111,-0.44502,-0.53173,-0.60268,-0.66022,-0.70686,-0.74481,-0.77597,-0.80184,-0.82358,-0.84212,-0.85817,-0.87226,-0.88483,-0.8962,-0.90662,-0.91628,-0.92534,-0.93388,-0.94199,-0.94969,-0.95702,-0.96395,-0.97047,-0.97653,-0.98208,-0.98705,-0.99136,-0.99491,-0.99761,-0.99934,0
0,0.99977,0.99912,0.99804,0.99654,0.99466,0.99241,0.98983,0.98696,0.98384,0.98052,0.97703,0.97342,0.96972,0.96599,0.96226,0.95855,0.95491,0.95136,0.94793,0.94464,0.9415,0.93852,0.93573,0.93311,0.93067,0.9284,0.92629,0.92434,0.9225,0.92077,0.91911,0.91747,0.91582,0.9141,0.91226,0.91021,0.90788,0.90516,0.90193,0.89804,0.8933,0.88748,0.88027,0.87127,0.85995,0.84561,0.82728,0.80363,0.77286,0.7325,0.67931,0.60922,0.5178,0.40152,0.26019,0.099686,-0.067614,-0.22681,-0.36648,-0.48175,-0.57334,-0.64477,-0.70024,-0.74352,-0.77767,-0.805,-0.82723,-0.84563,-0.86115,-0.8745,-0.8862,-0.89666,-0.90617,-0.91496,-0.9232,-0.93101,-0.93849,-0.94568,-0.9526,-0.95927,-0.96566,-0.97173,-0.97744,-0.98271,-0.98746,-0.99161,-0.99504,-0.99766,-0.99936,0
0,0.99975,0.99903,0.99786,0.99625,0.99423,0.99184,0.98913,0.98614,0.98291,0.97951,0.97598,0.97238,0.96874,0.96511,0.96153,0.95805,0.95469,0.95149,0.94847,0.94565,0.94305,0.94069,0.93856,0.93668,0.93504,0.93363,0.93245,0.93148,0.93071,0.9301,0.92962,0.92926,0.92896,0.92868,0.92838,0.928,0.92747,0.92672,0.92566,0.92419,0.92218,0.91945,0.91579,0.91093,0.90447,0.89588,0.88439,0.86891,0.84781,0.81865,0.7778,0.71987,0.63737,0.52133,0.36481,0.17069,-0.041646,-0.24271,-0.41042,-0.53888,-0.63321,-0.70169,-0.75175,-0.78894,-0.81717,-0.83908,-0.8565,-0.8707,-0.88255,-0.89272,-0.90164,-0.90968,-0.91709,-0.92405,-0.9307,-0.93714,-0.94343,-0.94961,-0.95569,-0.96165,-0.96745,-0.97305,-0.97837,-0.98335,-0.98787,-0.99185,-0.99517,-0.99772,-0.99937,0
0,0.99972,0.99893,0.99765,0.99589,0.99372,0.99116,0.98828,0.98513,0.98178,0.97828,0.9747,0.97109,0.9675,0.96399,0.96059,0.95735,0.9543,0.95147,0.9489,0.9466,0.94458,0.94286,0.94145,0.94035,0.93955,0.93904,0.93882,0.93886,0.93916,0.93967,0.94038,0.94125,0.94225,0.94334,0.94448,0.94563,0.94674,0.94775,0.94863,0.94928,0.94966,0.94965,0.94915,0.94801,0.94601,0.94287,0.93815,0.9312,0.92098,0.90577,0.88268,0.84665,0.78861,0.69283,0.53576,0.29787,0.00078658,-0.28142,-0.49255,-0.63171,-0.72058,-0.77828,-0.81703,-0.84405,-0.8636,-0.87824,-0.8896,-0.8987,-0.90626,-0.91277,-0.91857,-0.92391,-0.92898,-0.93392,-0.93882,-0.94375,-0.94875,-0.95383,-0.95897,-0.96416,-0.96932,-0.97441,-0.97933,-0.98399,-0.98829,-0.99209,-0.9953,-0.99777,-0.99938,0
0,0.99969,0.99881,0.99738,0.99546,0.99308,0.99032,0.98724,0.98391,0.98041,0.9768,0.97316,0.96954,0.96602,0.96263,0.95942,0.95645,0.95375,0.95135,0.94927,0.94754,0.94616,0.94515,0.94451,0.94423,0.94432,0.94475,0.94552,0.94659,0.94795,0.94957,0.95141,0.95344,0.95563,0.95792,0.9603,0.96271,0.96512,0.96749,0.96978,0.97196,0.97398,0.97582,0.97744,0.97879,0.97983,0.98047,0.98063,0.98014,0.97873,0.97592,0.97075,0.96131,0.94322,0.90546,0.81701,0.59064,0.10868,-0.39787,-0.66556,-0.78529,-0.84376,-0.87571,-0.8948,-0.90702,-0.91529,-0.92115,-0.92551,-0.92894,-0.9318,-0.93435,-0.93678,-0.93923,-0.9418,-0.94456,-0.94758,-0.95087,-0.95447,-0.95834,-0.96247,-0.96681,-0.97129,-0.97582,-0.98031,-0.98464,-0.98869,-0.99233,-0.99542,-0.99781,-0.99939,0
0,0.99964,0.99865,0.99706,0.99493,0.99232,0.98932,0.986,0.98246,0.97878,0.97505,0.97134,0.96772,0.96427,0.96103,0.95806,0.95541,0.95311,0.95118,0.94967,0.94857,0.9479,0.94766,0.94786,0.94848,0.9495,0.95091,0.95269,0.95479,0.95719,0.95984,0.9627,0.96572,0.96886,0.97207,0.97529,0.97847,0.98157,0.98453,0.98733,0.98991,0.99225,0.99431,0.99607,0.99752,0.99864,0.99942,0.99987,1,0.9998,0.99931,0.99853,0.99752,0.99631,0.99499,0.99377,0.9933,0.9985,-0.97339,-0.97799,-0.97693,-0.97495,-0.97266,-0.97026,-0.96785,-0.9655,-0.96327,-0.96122,-0.95938,-0.95783,-0.9566,-0.95575,-0.95532,-0.95535,-0.95588,-0.95693,-0.9585,-0.96059,-0.96318,-0.96621,-0.96964,-0.97336,-0.9773,-0.98132,-0.9853,-0.9891,-0.99256,-0.99553,-0.99786,-0.99939,0
0,0.99959,0.99846,0.99667,0.99429,0.9914,0.98811,0.98452,0.98074,0.97686,0.97299,0.96922,0.96562,0.96227,0.95922,0.95654,0.95427,0.95243,0.95107,0.9502,0.94982,0.94995,0.95057,0.95168,0.95326,0.95527,0.95768,0.96046,0.96354,0.96688,0.97041,0.97406,0.97776,0.98143,0.985,0.98837,0.99148,0.99422,0.99653,0.99831,0.99949,0.99999,0.99971,0.99857,0.99646,0.99325,0.98878,0.98283,0.97507,0.96503,0.95195,0.9346,0.91082,0.87664,0.8241,0.73589,0.57215,0.25222,-0.25568,-0.68802,-0.88809,-0.96275,-0.98985,-0.99866,-0.99988,-0.99776,-0.99415,-0.98996,-0.98565,-0.98149,-0.97767,-0.9743,-0.97146,-0.96923,-0.96765,-0.96677,-0.96659,-0.96713,-0.96835,-0.97021,-0.97264,-0.97556,-0.97884,-0.98236,-0.98596,-0.98949,-0.99277,-0.99563,-0.99789,-0.9994,0
0,0.99952,0.99824,0.9962,0.99352,0.9903,0.98667,0.98277,0.97871,0.97462,0.97061,0.96679,0.96323,0.96003,0.95724,0.95492,0.95311,0.95185,0.95115,0.95103,0.95148,0.95251,0.95409,0.9562,0.95879,0.96182,0.96522,0.96892,0.97285,0.97691,0.98099,0.98499,0.98878,0.99223,0.99521,0.99759,0.99923,0.99997,0.99968,0.99821,0.99542,0.99114,0.98522,0.97747,0.96766,0.95552,0.94072,0.9228,0.90113,0.87485,0.84273,0.80301,0.75307,0.68913,0.60561,0.49474,0.34688,0.15386,-0.081731,-0.33507,-0.56419,-0.73806,-0.85329,-0.92328,-0.96339,-0.98507,-0.99565,-0.99961,-0.99966,-0.99746,-0.99407,-0.99017,-0.98622,-0.98254,-0.97935,-0.9768,-0.97501,-0.97402,-0.97385,-0.97448,-0.97586,-0.9779,-0.98047,-0.98344,-0.98663,-0.98987,-0.99297,-0.99571,-0.99792,-0.9994,0
0,0.99944,0.99795,0.99563,0.99258,0.98898,0.98496,0.9807,0.97634,0.97203,0.9679,0.96405,0.96059,0.95761,0.95516,0.95331,0.95208,0.95151,0.95161,0.95238,0.9538,0.95585,0.95849,0.96166,0.9653,0.96931,0.97359,0.97803,0.98248,0.9868,0.99081,0.99433,0.99716,0.99912,0.99998,0.99954,0.99761,0.99398,0.98847,0.9809,0.97113,0.95897,0.94429,0.92691,0.90665,0.88329,0.85657,0.82611,0.79147,0.75205,0.70704,0.65543,0.59589,0.5268,0.44616,0.35178,0.2415,0.1139,-0.030552,-0.18808,-0.35066,-0.50699,-0.64571,-0.75924,-0.84551,-0.90696,-0.94822,-0.97429,-0.98948,-0.99718,-0.99988,-0.99939,-0.99701,-0.99366,-0.99,-0.98649,-0.98346,-0.98113,-0.97964,-0.97903,-0.9793,-0.9804,-0.9822,-0.98457,-0.98732,-0.99025,-0.99315,-0.99578,-0.99793,-0.9994,0
0,0.99934,0.99761,0.99493,0.99146,0.98741,0.98295,0.97829,0.97361,0.96908,0.96485,0.96104,0.95776,0.95509,0.95311,0.95187,0.95138,0.95167,0.95274,0.95456,0.9571,0.9603,0.96407,0.96833,0.97295,0.97778,0.98265,0.98735,0.99167,0.99535,0.99813,0.99972,0.99986,0.99826,0.99465,0.98882,0.98054,0.96967,0.9561,0.93976,0.92061,0.89867,0.87397,0.84654,0.8164,0.78356,0.74798,0.70957,0.66819,0.62357,0.57541,0.52326,0.46658,0.40471,0.3369,0.2623,0.1801,0.089586,-0.0095869,-0.11711,-0.23163,-0.35044,-0.46938,-0.58327,-0.68684,-0.77586,-0.84806,-0.9033,-0.94311,-0.96997,-0.98666,-0.99578,-0.99954,-0.99975,-0.9978,-0.99474,-0.99135,-0.98817,-0.98559,-0.98382,-0.98298,-0.98308,-0.98405,-0.98576,-0.98802,-0.99062,-0.9933,-0.99583,-0.99794,-0.99939,0
0,0.99922,0.99719,0.99409,0.99012,0.98554,0.98059,0.9755,0.97049,0.96577,0.9615,0.95781,0.95483,0.95264,0.9513,0.95086,0.95132,0.95268,0.95492,0.95798,0.96178,0.96622,0.97114,0.97638,0.98172,0.98691,0.99167,0.99566,0.99854,0.99993,0.99945,0.99675,0.99149,0.9834,0.97229,0.95803,0.94061,0.9201,0.89665,0.87047,0.8418,0.81091,0.77806,0.74348,0.70735,0.66981,0.63094,0.59074,0.54917,0.50609,0.46134,0.41465,0.36571,0.31413,0.25948,0.20125,0.13891,0.071918,-0.00023628,-0.07793,-0.16129,-0.25005,-0.34331,-0.4394,-0.53579,-0.62918,-0.71591,-0.79263,-0.8569,-0.90768,-0.94529,-0.97119,-0.98742,-0.99621,-0.99968,-0.99964,-0.99754,-0.99453,-0.99142,-0.98876,-0.98689,-0.98598,-0.98606,-0.98704,-0.98876,-0.99098,-0.99344,-0.99585,-0.99792,-0.99938,0
0,0.99907,0.99668,0.99307,0.98852,0.98334,0.97783,0.9723,0.96699,0.96213,0.95792,0.95451,0.95201,0.9505,0.95005,0.95066,0.95234,0.95503,0.95867,0.96315,0.9683,0.97394,0.9798,0.98559,0.99094,0.99544,0.99862,0.99998,0.99904,0.99531,0.98838,0.97794,0.9638,0.94592,0.92443,0.89957,0.87172,0.84131,0.80883,0.77474,0.73947,0.70338,0.66678,0.62988,0.59283,0.55569,0.51847,0.48112,0.44354,0.40558,0.36705,0.32773,0.28735,0.24562,0.20219,0.15671,0.10875,0.057884,0.0036363,-0.054456,-0.11682,-0.18382,-0.25561,-0.33208,-0.41266,-0.49616,-0.58066,-0.6635,-0.74152,-0.8115,-0.87083,-0.918,-0.95286,-0.97648,-0.99074,-0.99785,-0.99998,-0.99904,-0.99653,-0.99357,-0.99095,-0.9891,-0.98826,-0.98844,-0.98954,-0.99134,-0.99355,-0.99584,-0.99788,-0.99936,0
0,0.99888,0.99605,0.99183,0.9866,0.98075,0.97466,0.96868,0.96313,0.95826,0.95428,0.95136,0.9496,0.94908,0.94984,0.95184,0.95505,0.95936,0.9646,0.97057,0.97697,0.98344,0.98954,0.99474,0.99844,0.99999,0.99872,0.99401,0.98534,0.97233,0.95483,0.93292,0.90691,0.87732,0.84478,0.81,0.77368,0.73649,0.69895,0.66151,0.62451,0.58815,0.55255,0.51777,0.48378,0.45051,0.41787,0.3857,0.35386,0.32215,0.29039,0.25836,0.22583,0.19255,0.15826,0.12266,0.085426,0.046222,0.0046621,-0.039665,-0.087194,-0.13837,-0.19365,-0.25339,-0.31787,-0.38709,-0.46066,-0.53762,-0.61623,-0.69397,-0.7676,-0.83373,-0.88944,-0.93297,-0.96413,-0.98413,-0.99509,-0.9995,-0.99972,-0.9977,-0.99494,-0.9924,-0.99067,-0.99001,-0.99041,-0.99171,-0.99363,-0.99579,-0.99782,-0.99933,0
0,0.99863,0.99527,0.99034,0.98432,0.97774,0.97105,0.96469,0.95902,0.95434,0.95086,0.94875,0.94812,0.949,0.95138,0.95519,0.96027,0.96641,0.97329,0.98049,0.98747,0.99357,0.99803,0.99998,0.99853,0.99284,0.98224,0.96628,0.94487,0.91827,0.88709,0.85218,0.81454,0.77516,0.73497,0.69478,0.65518,0.61661,0.57938,0.54362,0.50939,0.47666,0.44536,0.41536,0.38651,0.35866,0.33164,0.30528,0.27939,0.25379,0.22831,0.20275,0.17693,0.15064,0.12367,0.095794,0.066771,0.03633,0.0041732,-0.030028,-0.06664,-0.10607,-0.14876,-0.19518,-0.24584,-0.30119,-0.36158,-0.42716,-0.49765,-0.57212,-0.64879,-0.72485,-0.79661,-0.86017,-0.91224,-0.95114,-0.9771,-0.99202,-0.99868,-0.99995,-0.99834,-0.99572,-0.9933,-0.99178,-0.9914,-0.99212,-0.99368,-0.9957,-0.99772,-0.99928,0
0,0.99833,0.99431,0.98853,0.98163,0.97427,0.96703,0.96042,0.95487,0.9507,0.94813,0.94733,0.94835,0.95117,0.9557,0.96172,0.9689,0.97678,0.98472,0.99191,0.99736,0.99994,0.99842,0.99168,0.97881,0.95929,0.93314,0.90092,0.86368,0.82273,0.77952,0.73536,0.69138,0.64844,0.60714,0.56784,0.53073,0.49584,0.46311,0.43241,0.4036,0.37647,0.35085,0.32654,0.30335,0.28109,0.2596,0.23871,0.21825,0.19807,0.17801,0.15793,0.13766,0.11706,0.095965,0.074198,0.051575,0.027893,0.0029254,-0.023581,-0.051912,-0.082397,-0.11541,-0.15139,-0.19082,-0.23426,-0.28227,-0.33546,-0.39432,-0.45911,-0.52961,-0.60479,-0.68249,-0.75916,-0.83022,-0.89095,-0.93795,-0.97019,-0.98914,-0.99789,-1,-0.99861,-0.99606,-0.9938,-0.99257,-0.9926,-0.99372,-0.99555,-0.99756,-0.99921,0
0,0.99793,0.99311,0.98633,0.97846,0.97034,0.96268,0.95611,0.95107,0.94793,0.94691,0.94809,0.95147,0.95689,0.96404,0.97242,0.98132,0.98975,0.99643,0.99985,0.99836,0.99037,0.97465,0.95062,0.91851,0.8794,0.83499,0.78724,0.7381,0.68919,0.64175,0.59661,0.55424,0.51484,0.4784,0.44482,0.4139,0.38541,0.3591,0.33472,0.31205,0.29085,0.27093,0.25208,0.23415,0.21695,0.20035,0.18421,0.16839,0.15278,0.13724,0.12167,0.10595,0.089956,0.073573,0.056669,0.039107,0.020734,0.0013825,-0.019139,-0.041047,-0.064595,-0.090078,-0.11785,-0.14832,-0.18198,-0.21941,-0.26127,-0.30829,-0.36125,-0.42083,-0.48743,-0.56082,-0.63961,-0.72072,-0.79922,-0.86904,-0.92479,-0.96375,-0.98677,-0.99737,-1,-0.99861,-0.99606,-0.99401,-0.99321,-0.99376,-0.99533,-0.99734,-0.99911,0
0,0.9974,0.99158,0.98366,0.97479,0.96602,0.95826,0.9522,0.94836,0.94706,0.94848,0.95257,0.95913,0.96765,0.97736,0.98708,0.99521,0.9997,0.99826,0.98866,0.96918,0.93921,0.89944,0.8518,0.79898,0.74378,0.68867,0.63547,0.58535,0.53893,0.49642,0.45778,0.42277,0.39109,0.36241,0.3364,0.31274,0.29112,0.27128,0.25297,0.23598,0.22011,0.20519,0.19107,0.17761,0.16468,0.15216,0.13996,0.12796,0.11609,0.10424,0.092341,0.080297,0.068023,0.055429,0.04242,0.028896,0.014746,-0.00015703,-0.015951,-0.032797,-0.050883,-0.070434,-0.091718,-0.11506,-0.14085,-0.16957,-0.2018,-0.23825,-0.27977,-0.32732,-0.38194,-0.44459,-0.51582,-0.59516,-0.68032,-0.76641,-0.8461,-0.91161,-0.95797,-0.98514,-0.99726,-1,-0.99837,-0.99578,-0.99405,-0.99385,-0.99504,-0.99702,-0.99895,0
0,0.99668,0.98963,0.98043,0.97062,0.96155,0.95428,0.9496,0.94801,0.94977,0.95484,0.96285,0.97301,0.98396,0.9937,0.9995,0.99809,0.98624,0.96158,0.92355,0.87378,0.81566,0.7533,0.69046,0.62996,0.57355,0.52206,0.4757,0.4343,0.39747,0.36475,0.33564,0.3097,0.28649,0.26565,0.24685,0.22979,0.21423,0.19995,0.18676,0.1745,0.16302,0.15219,0.14191,0.13207,0.12257,0.11335,0.10431,0.095395,0.086531,0.077655,0.068706,0.059619,0.050334,0.040786,0.030905,0.020619,0.0098473,-0.0014992,-0.013522,-0.026337,-0.040082,-0.05492,-0.07105,-0.088711,-0.1082,-0.12988,-0.15422,-0.1818,-0.21333,-0.24974,-0.29213,-0.34182,-0.40026,-0.46878,-0.548,-0.63674,-0.73063,-0.8213,-0.8981,-0.9529,-0.98436,-0.99756,-0.99994,-0.99785,-0.99527,-0.99409,-0.99469,-0.99657,-0.99872,0
0,0.99566,0.98711,0.97658,0.96615,0.95749,0.95182,0.94994,0.95225,0.95867,0.96854,0.98043,0.99189,0.99924,0.99779,0.98271,0.95066,0.90151,0.83874,0.76813,0.69564,0.62583,0.56145,0.50369,0.4527,0.40809,0.36921,0.33533,0.30576,0.27987,0.2571,0.23699,0.21914,0.2032,0.18888,0.17595,0.16421,0.15346,0.14357,0.1344,0.12583,0.11778,0.11015,0.10286,0.095855,0.089059,0.082419,0.075882,0.069398,0.062922,0.056408,0.049811,0.043089,0.036197,0.02909,0.021718,0.014031,0.0059721,-0.002522,-0.011522,-0.021111,-0.031386,-0.042464,-0.054484,-0.06762,-0.082083,-0.098141,-0.11613,-0.13649,-0.15976,-0.18668,-0.21817,-0.25544,-0.30003,-0.3538,-0.41883,-0.4969,-0.5884,-0.69015,-0.79322,-0.88354,-0.9484,-0.98445,-0.9982,-0.99971,-0.99701,-0.99466,-0.99434,-0.99595,-0.99835,0
0,0.99417,0.98383,0.97219,0.96195,0.95512,0.95299,0.95617,0.96446,0.97658,0.98968,0.9989,0.99734,0.97757,0.93482,0.87024,0.79093,0.70634,0.62435,0.54961,0.48393,0.42737,0.37912,0.33807,0.3031,0.27321,0.24755,0.22538,0.20613,0.18931,0.17452,0.16144,0.1498,0.13937,0.12998,0.12146,0.11369,0.10654,0.099935,0.093776,0.087994,0.082526,0.077315,0.07231,0.067465,0.06274,0.058095,0.053495,0.048907,0.0443,0.039643,0.034905,0.030057,0.025069,0.019908,0.014542,0.0089358,0.0030498,-0.0031582,-0.0097369,-0.016743,-0.024244,-0.032319,-0.041065,-0.0506,-0.06107,-0.07266,-0.085605,-0.10021,-0.11686,-0.13608,-0.15855,-0.18521,-0.21728,-0.25642,-0.30483,-0.36523,-0.44066,-0.53341,-0.6425,-0.75947,-0.8665,-0.94405,-0.98528,-0.999,-0.99913,-0.99587,-0.99414,-0.99511,-0.99776,0
0,0.99193,0.9797,0.96777,0.95956,0.95726,0.96181,0.97263,0.98689,0.99836,0.99681,0.97032,0.91194,0.82615,0.72682,0.62829,0.53939,0.46329,0.3998,0.34735,0.30406,0.2682,0.23831,0.2132,0.19195,0.17383,0.15826,0.14479,0.13305,0.12275,0.11365,0.10557,0.098338,0.091833,0.085941,0.080571,0.075642,0.071088,0.06685,0.062878,0.059126,0.055556,0.052131,0.04882,0.045594,0.042427,0.039294,0.036172,0.033039,0.029875,0.026659,0.023373,0.019995,0.016505,0.012884,0.0091089,0.0051563,0.0010005,-0.0033859,-0.0080346,-0.012984,-0.018277,-0.023967,-0.030117,-0.036804,-0.044125,-0.052201,-0.061186,-0.071279,-0.082741,-0.095915,-0.11126,-0.12942,-0.15124,-0.17794,-0.21119,-0.25335,-0.30765,-0.37824,-0.46965,-0.58424,-0.71615,-0.8443,-0.93892,-0.98662,-0.9997,-0.99802,-0.99452,-0.99413,-0.9968,0
0,0.98855,0.97503,0.96516,0.9628,0.96943,0.98331,0.99732,0.99649,0.96081,0.87959,0.7653,0.64374,0.53404,0.44308,0.37037,0.31285,0.26724,0.23077,0.20131,0.17723,0.15734,0.14073,0.12674,0.11483,0.10462,0.095795,0.088111,0.081374,0.075428,0.070148,0.065428,0.061184,0.057343,0.053845,0.050638,0.047678,0.044926,0.04235,0.03992,0.03761,0.035396,0.033259,0.031178,0.029136,0.027117,0.025106,0.02309,0.021053,0.018984,0.01687,0.014698,0.012455,0.01013,0.0077094,0.0051789,0.002524,-0.00027108,-0.0032231,-0.0063516,-0.0096805,-0.013237,-0.017054,-0.021171,-0.025634,-0.030504,-0.035855,-0.041783,-0.048409,-0.055894,-0.064451,-0.074367,-0.08603,-0.099984,-0.11699,-0.13814,-0.16501,-0.19995,-0.24637,-0.30924,-0.39519,-0.51102,-0.65686,-0.81168,-0.93108,-0.98808,-1,-0.99631,-0.99338,-0.99531,0
0,0.98392,0.97196,0.96972,0.97936,0.99519,0.99694,0.94973,0.83523,0.68403,0.54111,0.4265,0.34012,0.27585,0.22765,0.19093,0.16247,0.14003,0.12205,0.10744,0.09541,0.085389,0.076954,0.069784,0.063638,0.058327,0.053703,0.04965,0.046074,0.042899,0.040062,0.037512,0.035206,0.033108,0.031186,0.029413,0.027767,0.026228,0.024778,0.023401,0.022082,0.02081,0.019572,0.018358,0.017158,0.015962,0.014763,0.013552,0.012321,0.011062,0.0097692,0.0084341,0.0070497,0.0056087,0.0041034,0.0025259,0.00086768,-0.00087971,-0.0027258,-0.0046822,-0.0067625,-0.0089823,-0.01136,-0.013918,-0.016683,-0.019688,-0.022976,-0.026601,-0.030632,-0.035158,-0.0403,-0.046219,-0.053133,-0.061348,-0.071291,-0.083578,-0.099113,-0.11925,-0.14607,-0.1828,-0.23458,-0.30938,-0.41846,-0.57187,-0.75787,-0.91589,-0.98895,-0.99969,-0.99424,-0.99339,0
0,0.98037,0.97851,0.99165,0.99842,0.93909,0.77584,0.5791,0.42097,0.31107,0.23654,0.18513,0.14864,0.122,0.10202,0.086674,0.074649,0.065053,0.057275,0.050882,0.045562,0.041088,0.037287,0.034029,0.031216,0.028767,0.026621,0.024728,0.023048,0.021548,0.0202,0.018982,0.017875,0.016862,0.015928,0.015062,0.014254,0.013492,0.01277,0.012079,0.011412,0.010764,0.010128,0.0094995,0.0088732,0.0082444,0.0076088,0.0069622,0.0063005,0.0056198,0.0049164,0.0041865,0.0034263,0.0026321,0.0017999,0.00092582,5.5467e-06,-0.00096477,-0.0019898,-0.0030758,-0.0042293,-0.0054582,-0.0067716,-0.0081804,-0.0096979,-0.011341,-0.01313,-0.015091,-0.01726,-0.01968,-0.02241,-0.02553,-0.029147,-0.03341,-0.038526,-0.044795,-0.052652,-0.062753,-0.076104,-0.094302,-0.11997,-0.15754,-0.21478,-0.3052,-0.44957,-0.66101,-0.88023,-0.98739,-0.99896,-0.99292,0
0,0.99057,0.99971,0.92945,0.69313,0.44603,0.28723,0.19444,0.13869,0.10343,0.080004,0.063755,0.052064,0.043388,0.036778,0.031627,0.027535,0.024229,0.021519,0.019269,0.01738,0.015777,0.014405,0.013221,0.012192,0.01129,0.010496,0.0097914,0.0091628,0.0085987,0.0080893,0.0076266,0.0072036,0.0068144,0.0064537,0.0061171,0.0058004,0.0055002,0.0052131,0.0049362,0.0046669,0.0044026,0.004141,0.0038801,0.0036178,0.0033522,0.0030814,0.0028038,0.0025178,0.0022216,0.0019138,0.0015927,0.001257,0.00090495,0.00053508,0.00014578,-0.00026433,-0.00069671,-0.0011534,-0.0016368,-0.0021496,-0.0026946,-0.0032756,-0.0038966,-0.0045629,-0.0052809,-0.0060587,-0.0069067,-0.0078382,-0.0088709,-0.010028,-0.011339,-0.012848,-0.014611,-0.016708,-0.019255,-0.022415,-0.026436,-0.031694,-0.038782,-0.048667,-0.063009,-0.08479,-0.1197,-0.1792,-0.28708,-0.48567,-0.77997,-0.97445,-0.99924,0
0,0.89127,0.54302,0.27286,0.14528,0.085123,0.054277,0.037102,0.026828,0.020292,0.015912,0.012844,0.010615,0.0089429,0.0076566,0.0066447,0.0058335,0.0051727,0.0046268,0.0041702,0.0037842,0.0034547,0.003171,0.0029248,0.0027097,0.0025203,0.0023527,0.0022034,0.0020695,0.0019487,0.0018392,0.0017391,0.0016471,0.0015619,0.0014824,0.0014075,0.0013366,0.0012686,0.001203,0.001139,0.0010761,0.0010136,0.00095105,0.00088795,0.00082381,0.00075818,0.00069063,0.00062075,0.00054815,0.00047245,0.00039329,0.0003103,0.00022314,0.00013145,3.4867e-05,-6.6881e-05,-0.00017401,-0.00028687,-0.00040599,-0.00053187,-0.00066509,-0.0008063,-0.00095625,-0.0011159,-0.0012863,-0.0014689,-0.0016657,-0.0018788,-0.0021114,-0.0023675,-0.0026523,-0.0029729,-0.0033388,-0.0037631,-0.004264,-0.0048669,-0.0056087,-0.0065436,-0.0077536,-0.0093664,-0.011589,-0.014773,-0.019549,-0.027136,-0.040075,-0.064174,-0.11388,-0.22702,-0.48713,-0.86444,0
0,0,0,0,0,0,0,0,0,0,0,0,0,0,0,0,0,0,0,0,0,0,0,0,0,0,0,0,0,0,0,0,0,0,0,0,0,0,0,0,0,0,0,0,0,0,0,0,0,0,0,0,0,0,0,0,0,0,0,0,0,0,0,0,0,0,0,0,0,0,0,0,0,0,0,0,0,0,0,0,0,0,0,0,0,0,0,0,0,0,0
