0,0,0,0,0,0,0,0,0,0,0,0,0,0,0,0,0,0,0,0,0,0,0,0,0,0,0,0,0,0,0,0,0,0,0,0,0,0,0,0,0,0,0,0,0,0,0,0,0,0,0,0,0,0,0,0,0,0,0,0,0,0,0,0,0,0,0,0,0,0,0,0,0,0,0,0,0,0,0,0,0,0,0,0,0,0,0,0,0,0,0
0,-0.70625,-0.43672,-0.23932,-0.074558,0.14853,0.85396,0.57724,0.33365,0.23909,0.18724,0.15369,0.12989,0.11199,0.098003,0.086741,0.077473,0.069709,0.063109,0.057429,0.052487,0.048146,0.044298,0.04086,0.037765,0.034956,0.032389,0.030027,0.027837,0.025792,0.023871,0.022052,0.020319,0.018656,0.01705,0.015491,0.013966,0.012467,0.010985,0.0095123,0.008042,0.0065673,0.0050818,0.0035795,0.0020546,0.00050148,-0.0010853,-0.0027112,-0.0043819,-0.0061036,-0.0078827,-0.0097259,-0.011641,-0.013635,-0.015719,-0.017901,-0.020194,-0.022612,-0.025169,-0.027883,-0.030777,-0.033877,-0.037214,-0.040826,-0.044762,-0.049081,-0.053861,-0.059201,-0.065234,-0.072142,-0.080176,-0.089705,-0.10129,-0.11581,-0.1348,-0.16114,-0.20106,-0.27092,-0.43021,-0.93816,-0.45271,-0.16432,-0.054197,0.013781,0.071227,0.13207,0.20796,0.31426,0.47374,0.70803,0
0,-0.89819,-0.70509,-0.40457,0.26444,0.9653,0.68184,0.51942,0.41862,0.34855,0.2966,0.25647,0.22455,0.19859,0.1771,0.15905,0.14369,0.13048,0.11901,0.10896,0.10009,0.092198,0.085126,0.078746,0.072954,0.067659,0.06279,0.058282,0.054082,0.050144,0.046428,0.0429,0.039528,0.036285,0.033149,0.030097,0.02711,0.024172,0.021266,0.018378,0.015496,0.012605,0.0096951,0.0067547,0.003773,0.00073949,-0.002356,-0.0055238,-0.0087744,-0.012119,-0.015569,-0.019137,-0.022837,-0.026681,-0.030688,-0.034874,-0.039259,-0.043867,-0.048723,-0.053858,-0.059308,-0.065114,-0.071327,-0.078006,-0.085225,-0.093074,-0.10166,-0.11114,-0.12167,-0.1335,-0.14695,-0.16243,-0.18055,-0.20219,-0.22869,-0.26222,-0.30653,-0.36884,-0.46461,-0.63121,-0.92329,-0.80965,-0.3218,-0.067421,0.093333,0.2293,0.36934,0.52818,0.70682,0.88115,0
0,-0.96992,-0.9109,-0.68927,0.80404,0.70553,0.62038,0.54521,0.47999,0.42407,0.37637,0.33569,0.30089,0.271,0.24517,0.22273,0.20312,0.18587,0.17062,0.15705,0.1449,0.13398,0.12409,0.1151,0.10687,0.099305,0.092303,0.085788,0.07969,0.07395,0.068514,0.063335,0.058374,0.053592,0.048958,0.044441,0.040016,0.035657,0.031344,0.027055,0.022773,0.018479,0.014156,0.0097898,0.0053642,0.00086467,-0.0037234,-0.0084144,-0.013223,-0.018165,-0.023256,-0.028513,-0.033953,-0.039596,-0.045464,-0.051579,-0.057968,-0.064659,-0.071687,-0.079089,-0.086908,-0.095196,-0.10401,-0.11343,-0.12352,-0.1344,-0.14618,-0.15901,-0.17307,-0.18859,-0.20586,-0.22525,-0.24725,-0.2725,-0.30191,-0.33676,-0.37893,-0.43138,-0.49899,-0.59039,-0.72112,-0.90603,-0.96523,-0.42729,0.039851,0.32073,0.5289,0.70321,0.84679,0.94909,0
0,-0.9968,-0.96606,0.59602,0.70468,0.67968,0.63344,0.58221,0.53152,0.48375,0.4399,0.40026,0.36471,0.33295,0.30463,0.27936,0.25678,0.23654,0.21835,0.20194,0.18708,0.17358,0.16125,0.14995,0.13953,0.12989,0.12092,0.11253,0.10465,0.097197,0.090117,0.083352,0.076852,0.070574,0.064478,0.058527,0.052687,0.046931,0.041229,0.035556,0.029889,0.024205,0.018484,0.012706,0.0068513,0.0009019,-0.0051606,-0.011354,-0.017697,-0.024209,-0.030908,-0.037814,-0.04495,-0.052338,-0.060003,-0.067971,-0.076273,-0.084941,-0.094013,-0.10353,-0.11354,-0.12409,-0.13525,-0.14709,-0.1597,-0.17316,-0.18759,-0.20313,-0.21993,-0.23819,-0.25813,-0.28003,-0.30423,-0.33114,-0.36129,-0.39531,-0.43405,-0.47857,-0.53037,-0.59154,-0.66532,-0.75722,-0.87622,-0.9987,-0.42164,0.39984,0.68902,0.83585,0.9252,0.9774,0
0,-0.98974,0.27407,0.70521,0.72607,0.70174,0.66398,0.6213,0.57744,0.53444,0.49346,0.4551,0.41962,0.38705,0.35731,0.3302,0.30553,0.28307,0.2626,0.24391,0.22681,0.21112,0.19667,0.18333,0.17095,0.15942,0.14864,0.13852,0.12895,0.11988,0.11123,0.10295,0.094963,0.087234,0.079713,0.072359,0.065134,0.058003,0.050933,0.043895,0.03686,0.029803,0.0227,0.015526,0.008259,0.00087787,-0.006639,-0.014313,-0.022164,-0.030215,-0.038488,-0.047004,-0.055787,-0.064864,-0.07426,-0.084004,-0.094128,-0.10467,-0.11565,-0.12714,-0.13916,-0.15178,-0.16504,-0.17903,-0.1938,-0.20945,-0.22608,-0.24379,-0.26271,-0.28298,-0.30477,-0.32825,-0.35363,-0.38114,-0.41103,-0.44357,-0.47902,-0.51767,-0.55976,-0.60549,-0.65502,-0.70852,-0.76655,-0.83194,-0.92214,0.38425,0.86035,0.92985,0.96798,0.99019,0
0,-0.50386,0.73188,0.77891,0.76472,0.73506,0.69883,0.65954,0.6192,0.57912,0.5402,0.50302,0.46792,0.43508,0.40453,0.37624,0.35011,0.326,0.30376,0.28324,0.26428,0.24673,0.23045,0.2153,0.20117,0.18793,0.17549,0.16375,0.15261,0.14201,0.13187,0.12212,0.11271,0.10358,0.094672,0.085949,0.077368,0.068887,0.060472,0.052089,0.043706,0.035294,0.026826,0.018274,0.0096138,0.00082089,-0.0081286,-0.017258,-0.02659,-0.036149,-0.045958,-0.05604,-0.066422,-0.07713,-0.088189,-0.099631,-0.11149,-0.12379,-0.13657,-0.14988,-0.16375,-0.17823,-0.19338,-0.20925,-0.2259,-0.24341,-0.26185,-0.2813,-0.30185,-0.32359,-0.34663,-0.37107,-0.39702,-0.42456,-0.45379,-0.48474,-0.51743,-0.55178,-0.58759,-0.62452,-0.66191,-0.6987,-0.73296,-0.76048,-0.76741,-0.62847,0.99693,0.98864,0.99066,0.99632,0
0,0.82138,0.85194,0.83187,0.80283,0.76939,0.73327,0.6956,0.65732,0.61919,0.58181,0.54566,0.51107,0.47824,0.44729,0.41825,0.3911,0.36576,0.34215,0.32016,0.29966,0.28054,0.26267,0.24594,0.23024,0.21545,0.20148,0.18824,0.17564,0.16359,0.15203,0.14089,0.1301,0.11961,0.10936,0.099309,0.089402,0.0796,0.069864,0.060159,0.050448,0.040701,0.030887,0.020977,0.010944,0.00076068,-0.0095976,-0.020156,-0.03094,-0.041973,-0.053279,-0.064885,-0.076814,-0.089093,-0.10175,-0.11481,-0.1283,-0.14226,-0.15672,-0.17171,-0.18728,-0.20345,-0.22028,-0.2378,-0.25608,-0.27515,-0.29508,-0.31591,-0.33771,-0.36052,-0.3844,-0.4094,-0.43553,-0.46282,-0.49125,-0.52075,-0.5512,-0.58241,-0.61404,-0.64561,-0.67638,-0.70517,-0.72997,-0.74664,-0.74372,-0.66861,0.067517,0.98511,0.99982,0.9992,0
0,0.94232,0.9047,0.87027,0.83609,0.80116,0.76533,0.72883,0.69204,0.65538,0.61927,0.58406,0.55003,0.51741,0.48631,0.45683,0.42897,0.40274,0.37806,0.35489,0.33312,0.31267,0.29343,0.27531,0.2582,0.24201,0.22665,0.21202,0.19804,0.18464,0.17174,0.15926,0.14716,0.13536,0.12381,0.11245,0.10125,0.090159,0.079129,0.068124,0.057108,0.046048,0.034909,0.023662,0.012278,0.00072811,-0.011014,-0.022974,-0.035177,-0.047649,-0.060414,-0.073496,-0.08692,-0.10071,-0.11489,-0.1295,-0.14454,-0.16006,-0.17608,-0.19262,-0.20973,-0.22743,-0.24575,-0.26473,-0.28439,-0.30479,-0.32593,-0.34787,-0.37062,-0.3942,-0.41863,-0.44391,-0.47002,-0.49693,-0.52455,-0.55278,-0.58146,-0.61035,-0.63911,-0.6673,-0.69426,-0.71902,-0.74003,-0.75432,-0.75481,-0.71773,-0.50026,0.68797,0.99138,0.99999,0
0,0.97,0.93356,0.89835,0.86379,0.82918,0.79423,0.75895,0.7235,0.68814,0.65317,0.61887,0.58547,0.55316,0.52211,0.49241,0.46411,0.43722,0.41174,0.38762,0.36481,0.34323,0.32281,0.30347,0.28511,0.26766,0.25102,0.23511,0.21985,0.20518,0.191,0.17726,0.16389,0.15082,0.13801,0.1254,0.11294,0.10058,0.088287,0.076009,0.063712,0.05136,0.038919,0.026358,0.013646,0.00075492,-0.012344,-0.025675,-0.039266,-0.05314,-0.067322,-0.081835,-0.096701,-0.11194,-0.12759,-0.14365,-0.16016,-0.17714,-0.1946,-0.21258,-0.2311,-0.25017,-0.26981,-0.29006,-0.31093,-0.33243,-0.35458,-0.37739,-0.40086,-0.42499,-0.44977,-0.47516,-0.50112,-0.52759,-0.55446,-0.58162,-0.60888,-0.63604,-0.66279,-0.68876,-0.71345,-0.73614,-0.75575,-0.77038,-0.77601,-0.76158,-0.68117,-0.16819,0.9209,0.99821,0
0,0.98122,0.95124,0.91912,0.88641,0.85329,0.81977,0.7859,0.75184,0.71777,0.68393,0.65054,0.61782,0.58596,0.5551,0.52535,0.49679,0.46947,0.44338,0.41852,0.39486,0.37234,0.35091,0.3305,0.31103,0.29243,0.27463,0.25754,0.2411,0.22522,0.20984,0.19489,0.18031,0.16603,0.152,0.13817,0.12449,0.1109,0.097362,0.083837,0.070283,0.056665,0.042946,0.029095,0.01508,0.00087347,-0.013553,-0.028227,-0.043171,-0.05841,-0.073966,-0.089862,-0.10612,-0.12275,-0.13979,-0.15724,-0.17513,-0.19347,-0.21228,-0.23158,-0.25137,-0.27167,-0.2925,-0.31386,-0.33575,-0.35819,-0.38116,-0.40466,-0.42868,-0.45319,-0.47817,-0.50356,-0.5293,-0.55532,-0.58152,-0.60776,-0.6339,-0.65974,-0.68504,-0.70951,-0.73279,-0.75439,-0.77361,-0.78932,-0.79939,-0.79877,-0.77118,-0.62681,0.45565,0.98909,0
0,0.98704,0.96287,0.93468,0.90473,0.87375,0.84205,0.80982,0.77724,0.74451,0.71183,0.67941,0.64745,0.61612,0.58558,0.55593,0.52728,0.49968,0.47317,0.44774,0.42339,0.40009,0.3778,0.35645,0.336,0.31638,0.29752,0.27935,0.26179,0.24479,0.22828,0.21218,0.19644,0.181,0.1658,0.15079,0.13591,0.12112,0.10638,0.091634,0.07685,0.06199,0.047018,0.031902,0.016611,0.0011164,-0.01461,-0.030592,-0.046855,-0.063421,-0.080309,-0.097541,-0.11513,-0.1331,-0.15146,-0.17023,-0.18942,-0.20903,-0.22909,-0.24959,-0.27055,-0.29196,-0.31384,-0.33616,-0.35894,-0.38216,-0.4058,-0.42985,-0.45428,-0.47905,-0.50412,-0.52944,-0.55493,-0.58052,-0.60611,-0.63158,-0.6568,-0.68161,-0.70583,-0.72924,-0.7516,-0.77258,-0.79177,-0.80856,-0.82191,-0.82969,-0.82624,-0.78927,-0.52006,0.93245,0
0,0.9905,0.97091,0.94652,0.91955,0.891,0.86135,0.83091,0.79992,0.76859,0.73713,0.70574,0.67461,0.64391,0.61379,0.58437,0.55577,0.52804,0.50125,0.4754,0.45052,0.42657,0.40355,0.3814,0.36009,0.33955,0.31972,0.30055,0.28198,0.26393,0.24634,0.22916,0.21232,0.19576,0.17943,0.16327,0.14724,0.13129,0.11536,0.099426,0.083439,0.067364,0.051166,0.034812,0.018271,0.0015165,-0.015479,-0.032739,-0.050285,-0.068138,-0.086316,-0.10484,-0.12371,-0.14295,-0.16258,-0.18259,-0.203,-0.2238,-0.24501,-0.26663,-0.28864,-0.31105,-0.33385,-0.35703,-0.38056,-0.40444,-0.42863,-0.45311,-0.47785,-0.50279,-0.52788,-0.55308,-0.5783,-0.60348,-0.62852,-0.65332,-0.67778,-0.70177,-0.72514,-0.74776,-0.76946,-0.79004,-0.80928,-0.82689,-0.84243,-0.85517,-0.86341,-0.8621,-0.8248,-0.0003952,0
0,0.99273,0.97667,0.95565,0.93158,0.9055,0.87799,0.84943,0.8201,0.79024,0.76005,0.72975,0.69952,0.66953,0.63993,0.61086,0.58242,0.55469,0.52775,0.50162,0.47632,0.45187,0.42823,0.4054,0.38332,0.36197,0.34127,0.32119,0.30167,0.28264,0.26405,0.24584,0.22795,0.21032,0.1929,0.17565,0.1585,0.14141,0.12434,0.10724,0.090079,0.072817,0.055419,0.037853,0.020092,0.0021062,-0.016127,-0.034631,-0.053425,-0.072527,-0.091952,-0.11171,-0.13182,-0.15228,-0.17311,-0.19429,-0.21585,-0.23777,-0.26004,-0.28268,-0.30565,-0.32896,-0.35258,-0.3765,-0.40069,-0.42512,-0.44976,-0.47458,-0.49953,-0.52457,-0.54964,-0.57469,-0.59964,-0.62443,-0.64898,-0.6732,-0.69701,-0.72031,-0.743,-0.76498,-0.78615,-0.8064,-0.82563,-0.84373,-0.86059,-0.87607,-0.88993,-0.90162,-0.90901,-0.89016,0
0,0.99427,0.98094,0.96278,0.94139,0.9177,0.89232,0.86566,0.83802,0.80966,0.7808,0.75164,0.72237,0.69316,0.66417,0.63554,0.60737,0.57976,0.55278,0.52648,0.5009,0.47604,0.45191,0.42849,0.40576,0.38368,0.36221,0.3413,0.32091,0.30097,0.28144,0.26225,0.24336,0.22472,0.20626,0.18794,0.16971,0.15152,0.13333,0.11511,0.096798,0.078377,0.059807,0.041059,0.022104,0.0029175,-0.016523,-0.036238,-0.056244,-0.076556,-0.097185,-0.11814,-0.13943,-0.16106,-0.18302,-0.20532,-0.22795,-0.25091,-0.27418,-0.29775,-0.3216,-0.34571,-0.37007,-0.39463,-0.41938,-0.44428,-0.46929,-0.49438,-0.51949,-0.54457,-0.56958,-0.59446,-0.61914,-0.64356,-0.66767,-0.69137,-0.71461,-0.73732,-0.75942,-0.78086,-0.80156,-0.82149,-0.8406,-0.85889,-0.8764,-0.89321,-0.90953,-0.9258,-0.94301,-0.96341,0
0,0.99537,0.98418,0.96844,0.94943,0.92798,0.90465,0.87986,0.85391,0.82707,0.79956,0.77158,0.74333,0.71497,0.68667,0.65855,0.63075,0.60335,0.57644,0.55008,0.52432,0.49917,0.47464,0.45074,0.42745,0.40473,0.38257,0.36091,0.33971,0.31893,0.29852,0.27842,0.25859,0.23897,0.21951,0.20017,0.1809,0.16164,0.14238,0.12305,0.10363,0.084074,0.064361,0.044458,0.024339,0.0039818,-0.016635,-0.037527,-0.05871,-0.080193,-0.10199,-0.12409,-0.14652,-0.16926,-0.19231,-0.21566,-0.2393,-0.26323,-0.28741,-0.31184,-0.33649,-0.36134,-0.38634,-0.41148,-0.43672,-0.46201,-0.48733,-0.51261,-0.53783,-0.56292,-0.58784,-0.61254,-0.63696,-0.66104,-0.68473,-0.70797,-0.73071,-0.75289,-0.77446,-0.7954,-0.81566,-0.83523,-0.85412,-0.87236,-0.89002,-0.90728,-0.92438,-0.94179,-0.96033,-0.981,0
0,0.99618,0.98669,0.97299,0.95608,0.93667,0.91528,0.89229,0.868,0.84267,0.81652,0.78975,0.76256,0.7351,0.70755,0.68003,0.65267,0.62557,0.59883,0.5725,0.54665,0.5213,0.49648,0.47219,0.44842,0.42515,0.40237,0.38004,0.35812,0.33656,0.31533,0.29437,0.27365,0.2531,0.23269,0.21237,0.19209,0.17181,0.15149,0.1311,0.11059,0.089937,0.06911,0.048081,0.026828,0.0053294,-0.016432,-0.038469,-0.060794,-0.083412,-0.10633,-0.12955,-0.15306,-0.17686,-0.20094,-0.22529,-0.24989,-0.27472,-0.29976,-0.32498,-0.35036,-0.37586,-0.40145,-0.4271,-0.45275,-0.47839,-0.50395,-0.52939,-0.55468,-0.57975,-0.60457,-0.62908,-0.65324,-0.677,-0.7003,-0.72311,-0.74539,-0.76709,-0.78818,-0.80865,-0.82847,-0.84765,-0.86621,-0.8842,-0.90171,-0.91885,-0.93585,-0.95296,-0.97048,-0.98802,0
0,0.9968,0.98867,0.97667,0.96161,0.94406,0.92446,0.90318,0.88049,0.85664,0.83185,0.8063,0.78019,0.75368,0.72692,0.70006,0.67322,0.6465,0.62001,0.5938,0.56795,0.5425,0.51746,0.49287,0.46871,0.44498,0.42166,0.39873,0.37614,0.35388,0.33189,0.31013,0.28856,0.26714,0.24582,0.22456,0.20332,0.18205,0.16071,0.13928,0.11772,0.095996,0.074084,0.051958,0.0296,0.0069897,-0.015885,-0.039036,-0.062468,-0.086186,-0.11019,-0.13447,-0.15903,-0.18385,-0.20891,-0.23421,-0.25971,-0.28539,-0.31122,-0.33718,-0.36323,-0.38933,-0.41544,-0.44154,-0.46756,-0.49348,-0.51924,-0.54481,-0.57013,-0.59517,-0.61987,-0.6442,-0.66811,-0.69155,-0.7145,-0.73691,-0.75876,-0.78001,-0.80065,-0.82066,-0.84004,-0.8588,-0.87696,-0.89457,-0.91169,-0.92842,-0.94485,-0.96108,-0.97699,-0.99161,0
0,0.99729,0.99026,0.9797,0.96624,0.95036,0.93242,0.91274,0.89158,0.86917,0.84571,0.82138,0.79637,0.77083,0.74492,0.71877,0.6925,0.66623,0.64006,0.61405,0.58829,0.56281,0.53765,0.51283,0.48837,0.46425,0.44046,0.417,0.39382,0.37091,0.34822,0.32572,0.30336,0.28112,0.25893,0.23677,0.2146,0.19238,0.17006,0.14763,0.12504,0.10228,0.079311,0.056118,0.032683,0.0089907,-0.014968,-0.0392,-0.063709,-0.088492,-0.11355,-0.13886,-0.16442,-0.19021,-0.21622,-0.24241,-0.26876,-0.29524,-0.32182,-0.34846,-0.37512,-0.40177,-0.42836,-0.45485,-0.4812,-0.50737,-0.5333,-0.55896,-0.5843,-0.60928,-0.63387,-0.65801,-0.68167,-0.70482,-0.72743,-0.74947,-0.77091,-0.79174,-0.81194,-0.83151,-0.85044,-0.86876,-0.88647,-0.90361,-0.92022,-0.93635,-0.95201,-0.96715,-0.98143,-0.99371,0
0,0.99767,0.99155,0.98222,0.97016,0.95576,0.93933,0.92115,0.90144,0.88041,0.85825,0.83513,0.81122,0.78667,0.76163,0.73623,0.71059,0.68483,0.65905,0.63332,0.60771,0.58228,0.55708,0.53211,0.50741,0.48298,0.45881,0.43488,0.41118,0.38768,0.36435,0.34116,0.31807,0.29504,0.27204,0.24903,0.22597,0.20283,0.17957,0.15617,0.13259,0.10881,0.08482,0.060588,0.036104,0.011359,-0.013655,-0.038939,-0.064492,-0.090309,-0.11638,-0.14269,-0.16922,-0.19594,-0.22285,-0.24989,-0.27705,-0.30428,-0.33156,-0.35884,-0.38607,-0.41322,-0.44025,-0.4671,-0.49374,-0.52012,-0.5462,-0.57193,-0.59727,-0.62219,-0.64665,-0.67061,-0.69404,-0.71691,-0.7392,-0.76088,-0.78194,-0.80237,-0.82215,-0.84128,-0.85977,-0.87762,-0.89485,-0.91148,-0.92751,-0.94296,-0.95777,-0.9718,-0.98461,-0.99505,0
0,0.99798,0.99261,0.98432,0.97348,0.96041,0.94536,0.92857,0.91022,0.89052,0.86961,0.84768,0.82486,0.80131,0.77716,0.75254,0.72758,0.70238,0.67704,0.65165,0.62627,0.60097,0.57578,0.55075,0.52589,0.50121,0.47672,0.4524,0.42824,0.40422,0.38031,0.35648,0.33271,0.30895,0.28518,0.26136,0.23745,0.21343,0.18926,0.16492,0.14038,0.11563,0.090637,0.065395,0.039892,0.014121,-0.01192,-0.038229,-0.064798,-0.091618,-0.11867,-0.14594,-0.17341,-0.20104,-0.2288,-0.25666,-0.28459,-0.31254,-0.34048,-0.36835,-0.39612,-0.42374,-0.45116,-0.47835,-0.50524,-0.53181,-0.55801,-0.5838,-0.60913,-0.63398,-0.65831,-0.6821,-0.7053,-0.72791,-0.74989,-0.77124,-0.79194,-0.81198,-0.83135,-0.85006,-0.86811,-0.8855,-0.90223,-0.91832,-0.93375,-0.94849,-0.96245,-0.97543,-0.98696,-0.99597,0
0,0.99824,0.99349,0.9861,0.97633,0.96444,0.95065,0.93513,0.91806,0.89961,0.87991,0.85913,0.83739,0.81484,0.79159,0.76779,0.74354,0.71894,0.6941,0.6691,0.64402,0.6189,0.59381,0.56877,0.54382,0.51897,0.49423,0.46958,0.44502,0.42054,0.39611,0.3717,0.3473,0.32286,0.29837,0.27378,0.24906,0.2242,0.19916,0.17392,0.14846,0.12275,0.096791,0.070566,0.044069,0.017299,-0.0097427,-0.037049,-0.064608,-0.092403,-0.12042,-0.14862,-0.17699,-0.20549,-0.23408,-0.26273,-0.29139,-0.32003,-0.34859,-0.37703,-0.4053,-0.43336,-0.46115,-0.48864,-0.51577,-0.54251,-0.56881,-0.59464,-0.61997,-0.64474,-0.66895,-0.69256,-0.71556,-0.73791,-0.75961,-0.78063,-0.80099,-0.82066,-0.83964,-0.85794,-0.87555,-0.89248,-0.90872,-0.92426,-0.93909,-0.95313,-0.96629,-0.97832,-0.98875,-0.99663,0
0,0.99845,0.99424,0.98761,0.97878,0.96796,0.95529,0.94095,0.92508,0.9078,0.88927,0.8696,0.84892,0.82735,0.80502,0.78205,0.75853,0.73458,0.71028,0.68573,0.66099,0.63612,0.61119,0.58622,0.56124,0.53629,0.51135,0.48644,0.46155,0.43667,0.41177,0.38685,0.36187,0.3368,0.31163,0.28631,0.26084,0.23517,0.2093,0.18319,0.15683,0.1302,0.10331,0.076125,0.048661,0.020917,-0.0071009,-0.03538,-0.063904,-0.092652,-0.1216,-0.15071,-0.17996,-0.2093,-0.2387,-0.2681,-0.29748,-0.32677,-0.35592,-0.3849,-0.41365,-0.44212,-0.47026,-0.49803,-0.52539,-0.55228,-0.57868,-0.60455,-0.62985,-0.65456,-0.67865,-0.70209,-0.72488,-0.74699,-0.76842,-0.78915,-0.80917,-0.82849,-0.8471,-0.865,-0.88219,-0.89867,-0.91442,-0.92944,-0.94367,-0.95706,-0.96946,-0.98063,-0.99013,-0.99712,0
0,0.99863,0.99487,0.98891,0.98091,0.97103,0.95939,0.94613,0.93137,0.91521,0.89778,0.87918,0.85953,0.83894,0.81753,0.79539,0.77263,0.74935,0.72564,0.70157,0.67723,0.65267,0.62795,0.60311,0.57818,0.55318,0.52812,0.50301,0.47785,0.45263,0.42733,0.40194,0.37643,0.35079,0.32498,0.29899,0.2728,0.24637,0.2197,0.19275,0.16553,0.13802,0.11021,0.082096,0.05369,0.024995,-0.0039754,-0.033206,-0.062673,-0.092351,-0.12221,-0.15221,-0.18231,-0.21247,-0.24265,-0.2728,-0.30286,-0.33278,-0.36251,-0.39201,-0.42121,-0.45008,-0.47855,-0.50659,-0.53415,-0.56119,-0.58768,-0.61358,-0.63886,-0.6635,-0.68748,-0.71077,-0.73336,-0.75525,-0.77641,-0.79685,-0.81656,-0.83555,-0.8538,-0.87132,-0.8881,-0.90415,-0.91943,-0.93394,-0.94762,-0.96039,-0.9721,-0.98252,-0.99123,-0.99749,0
0,0.99878,0.99541,0.99003,0.98277,0.97373,0.96303,0.95076,0.93703,0.92192,0.90553,0.88796,0.86932,0.84969,0.82918,0.80788,0.78589,0.76331,0.74021,0.71668,0.69278,0.66859,0.64414,0.61948,0.59465,0.56966,0.54455,0.5193,0.49393,0.46843,0.44279,0.41699,0.39101,0.36484,0.33846,0.31184,0.28496,0.25782,0.23038,0.20264,0.17458,0.14621,0.11752,0.088503,0.059178,0.029555,-0.00034797,-0.030509,-0.060901,-0.091491,-0.12224,-0.15311,-0.18405,-0.21502,-0.24596,-0.27682,-0.30755,-0.33809,-0.36839,-0.39838,-0.42803,-0.45727,-0.48607,-0.51436,-0.54212,-0.5693,-0.59588,-0.62181,-0.64707,-0.67165,-0.69552,-0.71866,-0.74107,-0.76274,-0.78366,-0.80383,-0.82325,-0.84191,-0.85982,-0.87698,-0.89337,-0.909,-0.92385,-0.93787,-0.95103,-0.96322,-0.97432,-0.98408,-0.99211,-0.99778,0
0,0.99891,0.99588,0.99101,0.98439,0.97612,0.96627,0.95491,0.94213,0.928,0.91261,0.89603,0.87835,0.85966,0.84004,0.81959,0.79839,0.77652,0.75406,0.7311,0.70769,0.68389,0.65977,0.63535,0.61068,0.58578,0.56066,0.53534,0.50982,0.4841,0.45817,0.43202,0.40563,0.37898,0.35207,0.32487,0.29736,0.26953,0.24137,0.21287,0.18401,0.15481,0.12526,0.095367,0.065147,0.034616,0.0037985,-0.027277,-0.058578,-0.090064,-0.12169,-0.15342,-0.18519,-0.21695,-0.24864,-0.28021,-0.31159,-0.34274,-0.37358,-0.40407,-0.43414,-0.46376,-0.49286,-0.52141,-0.54936,-0.57668,-0.60334,-0.6293,-0.65455,-0.67907,-0.70284,-0.72584,-0.74808,-0.76955,-0.79024,-0.81015,-0.82929,-0.84765,-0.86523,-0.88204,-0.89807,-0.91331,-0.92773,-0.94131,-0.95398,-0.96565,-0.97619,-0.98536,-0.99282,-0.99801,0
0,0.99902,0.99628,0.99186,0.98583,0.97824,0.96916,0.95864,0.94675,0.93354,0.91908,0.90345,0.8867,0.86892,0.85018,0.83057,0.81015,0.78902,0.76723,0.74486,0.72197,0.69863,0.67487,0.65075,0.62629,0.60153,0.57647,0.55114,0.52553,0.49965,0.47349,0.44704,0.42029,0.39323,0.36584,0.3381,0.31,0.28154,0.25269,0.22346,0.19384,0.16384,0.13346,0.10271,0.071615,0.040195,0.00848,-0.023496,-0.055692,-0.088064,-0.12056,-0.15313,-0.18572,-0.21826,-0.2507,-0.28296,-0.315,-0.34674,-0.37812,-0.40909,-0.43959,-0.46957,-0.49899,-0.52778,-0.55593,-0.58339,-0.61013,-0.63613,-0.66137,-0.68583,-0.7095,-0.73238,-0.75446,-0.77573,-0.79621,-0.81588,-0.83475,-0.85282,-0.8701,-0.88659,-0.90227,-0.91713,-0.93116,-0.94432,-0.95654,-0.96774,-0.97778,-0.98644,-0.99341,-0.99819,0
0,0.99912,0.99664,0.99262,0.9871,0.98013,0.97175,0.962,0.95093,0.93859,0.92502,0.91028,0.89443,0.87754,0.85966,0.84088,0.82125,0.80086,0.77975,0.75801,0.73568,0.71282,0.68948,0.6657,0.64151,0.61694,0.592,0.56671,0.54108,0.5151,0.48877,0.46208,0.43503,0.4076,0.37978,0.35156,0.32292,0.29386,0.26437,0.23445,0.2041,0.17332,0.14214,0.11056,0.078604,0.046311,0.013712,-0.019152,-0.052234,-0.085484,-0.11884,-0.15226,-0.18565,-0.21897,-0.25215,-0.28511,-0.31779,-0.35013,-0.38205,-0.4135,-0.44443,-0.47477,-0.50449,-0.53354,-0.56187,-0.58947,-0.6163,-0.64234,-0.66758,-0.69199,-0.71558,-0.73834,-0.76027,-0.78136,-0.80163,-0.82107,-0.83969,-0.8575,-0.87449,-0.89066,-0.90602,-0.92054,-0.9342,-0.94696,-0.95878,-0.96954,-0.97914,-0.98735,-0.9939,-0.99834,0
0,0.9992,0.99695,0.99328,0.98823,0.98182,0.97409,0.96505,0.95474,0.9432,0.93047,0.91658,0.9016,0.88556,0.86853,0.85057,0.83173,0.81208,0.79167,0.77057,0.74883,0.7265,0.70362,0.68022,0.65635,0.63202,0.60726,0.58207,0.55647,0.53045,0.50401,0.47715,0.44985,0.42211,0.39392,0.36526,0.33613,0.30652,0.27642,0.24585,0.21479,0.18328,0.15131,0.11892,0.086131,0.052981,0.01951,-0.014233,-0.048195,-0.082318,-0.11654,-0.15079,-0.185,-0.2191,-0.25302,-0.28667,-0.32,-0.35293,-0.3854,-0.41734,-0.44869,-0.4794,-0.50943,-0.53872,-0.56726,-0.595,-0.62192,-0.64801,-0.67324,-0.69762,-0.72113,-0.74378,-0.76557,-0.78649,-0.80657,-0.82579,-0.84418,-0.86173,-0.87844,-0.89433,-0.90937,-0.92357,-0.93689,-0.9493,-0.96073,-0.97111,-0.9803,-0.98813,-0.99431,-0.99846,0
0,0.99927,0.99723,0.99388,0.98924,0.98334,0.97619,0.96781,0.95821,0.94743,0.93548,0.92241,0.90825,0.89305,0.87684,0.85968,0.84162,0.82272,0.80303,0.78259,0.76146,0.73968,0.7173,0.69433,0.67083,0.6468,0.62227,0.59724,0.57172,0.54572,0.51924,0.49225,0.46477,0.43678,0.40826,0.37922,0.34964,0.31952,0.28887,0.25768,0.22596,0.19373,0.16101,0.12783,0.094217,0.060222,0.025888,-0.0087281,-0.043567,-0.078562,-0.11364,-0.14874,-0.18377,-0.21865,-0.25331,-0.28768,-0.32166,-0.35519,-0.3882,-0.42063,-0.45241,-0.4835,-0.51384,-0.54339,-0.57213,-0.60002,-0.62704,-0.65318,-0.67842,-0.70277,-0.72621,-0.74876,-0.77041,-0.79118,-0.81107,-0.83009,-0.84826,-0.86556,-0.88202,-0.89763,-0.91239,-0.92628,-0.93928,-0.95136,-0.96245,-0.97247,-0.98131,-0.98879,-0.99466,-0.99856,0
0,0.99934,0.99747,0.99441,0.99015,0.98472,0.9781,0.97032,0.96139,0.95131,0.94011,0.92781,0.91444,0.90003,0.88463,0.86826,0.85098,0.83283,0.81385,0.79409,0.77359,0.7524,0.73054,0.70805,0.68496,0.66128,0.63703,0.61221,0.58685,0.56093,0.53445,0.50741,0.47979,0.4516,0.42282,0.39345,0.36348,0.3329,0.30173,0.26996,0.23761,0.2047,0.17125,0.1373,0.10288,0.068051,0.032862,-0.002624,-0.038339,-0.074211,-0.11016,-0.1461,-0.18196,-0.21764,-0.25306,-0.28813,-0.32278,-0.35693,-0.3905,-0.42343,-0.45565,-0.48711,-0.51777,-0.54759,-0.57654,-0.60458,-0.63171,-0.6579,-0.68316,-0.70748,-0.73087,-0.75332,-0.77486,-0.79547,-0.81519,-0.83402,-0.85197,-0.86905,-0.88527,-0.90062,-0.91511,-0.92872,-0.94142,-0.95319,-0.96397,-0.97367,-0.98219,-0.98936,-0.99495,-0.99865,0
0,0.9994,0.99769,0.99489,0.99097,0.98596,0.97984,0.97262,0.9643,0.95488,0.94438,0.93281,0.9202,0.90657,0.89194,0.87634,0.85983,0.84242,0.82417,0.8051,0.78526,0.76467,0.74338,0.7214,0.69875,0.67547,0.65155,0.62701,0.60185,0.57606,0.54965,0.52261,0.49493,0.4666,0.43762,0.40797,0.37765,0.34667,0.31502,0.28271,0.24977,0.2162,0.18205,0.14735,0.11214,0.076488,0.040448,0.004092,-0.032504,-0.069258,-0.10608,-0.14289,-0.17959,-0.21608,-0.25227,-0.28807,-0.3234,-0.35818,-0.39232,-0.42576,-0.45843,-0.49029,-0.52128,-0.55137,-0.58053,-0.60874,-0.63598,-0.66224,-0.68752,-0.71183,-0.73516,-0.75753,-0.77894,-0.79942,-0.81898,-0.83763,-0.85538,-0.87224,-0.88823,-0.90334,-0.91757,-0.93091,-0.94334,-0.95483,-0.96531,-0.97473,-0.98296,-0.98985,-0.9952,-0.99872,0
0,0.99945,0.99789,0.99532,0.99172,0.98709,0.98142,0.97472,0.96697,0.95817,0.94833,0.93746,0.92557,0.91268,0.8988,0.88397,0.8682,0.85154,0.83401,0.81564,0.79647,0.77652,0.75581,0.73437,0.71223,0.68938,0.66585,0.64163,0.61673,0.59114,0.56486,0.53788,0.51019,0.48179,0.45266,0.42279,0.39218,0.36084,0.32876,0.29596,0.26245,0.22826,0.19343,0.158,0.12202,0.08555,0.048662,0.011434,-0.02605,-0.063697,-0.10141,-0.1391,-0.17665,-0.21397,-0.25096,-0.28752,-0.32355,-0.35897,-0.3937,-0.42767,-0.46081,-0.49307,-0.52441,-0.55478,-0.58417,-0.61255,-0.63991,-0.66624,-0.69155,-0.71584,-0.73913,-0.76142,-0.78273,-0.80307,-0.82247,-0.84095,-0.85851,-0.87516,-0.89093,-0.90581,-0.9198,-0.93289,-0.94507,-0.95629,-0.96651,-0.97566,-0.98363,-0.99028,-0.99542,-0.99878,0
0,0.9995,0.99807,0.9957,0.99239,0.98812,0.98287,0.97664,0.96942,0.96121,0.952,0.94179,0.93059,0.91841,0.90526,0.89116,0.87614,0.86021,0.84341,0.82574,0.80725,0.78795,0.76786,0.747,0.72539,0.70302,0.67992,0.65608,0.63149,0.60616,0.58007,0.55321,0.52558,0.49716,0.46794,0.43792,0.40708,0.37542,0.34297,0.30971,0.27568,0.24091,0.20542,0.16928,0.13254,0.095258,0.057522,0.019417,-0.018964,-0.05752,-0.096146,-0.13473,-0.17317,-0.21134,-0.24915,-0.28648,-0.32324,-0.35933,-0.39467,-0.42918,-0.46281,-0.49549,-0.52719,-0.55786,-0.58748,-0.61604,-0.64353,-0.66994,-0.69529,-0.71958,-0.74282,-0.76503,-0.78624,-0.80646,-0.82572,-0.84402,-0.8614,-0.87786,-0.89342,-0.90808,-0.92184,-0.9347,-0.94663,-0.95761,-0.96759,-0.97649,-0.98423,-0.99066,-0.99562,-0.99884,0
0,0.99954,0.99823,0.99606,0.993,0.98905,0.9842,0.97841,0.97169,0.96402,0.9554,0.94581,0.93527,0.92378,0.91133,0.89796,0.88366,0.86846,0.85237,0.83542,0.81762,0.79899,0.77954,0.75929,0.73824,0.7164,0.69377,0.67035,0.64614,0.62112,0.59528,0.56861,0.5411,0.51273,0.48348,0.45336,0.42234,0.39044,0.35765,0.32399,0.28948,0.25415,0.21804,0.18121,0.14372,0.10563,0.067048,0.028058,-0.011234,-0.050717,-0.090275,-0.12979,-0.16913,-0.20819,-0.24685,-0.28498,-0.32249,-0.35928,-0.39526,-0.43035,-0.46448,-0.4976,-0.52967,-0.56065,-0.59052,-0.61927,-0.64689,-0.6734,-0.69878,-0.72307,-0.74628,-0.76842,-0.78953,-0.80963,-0.82874,-0.84689,-0.86408,-0.88036,-0.89571,-0.91017,-0.92371,-0.93635,-0.94806,-0.95881,-0.96856,-0.97724,-0.98477,-0.991,-0.99578,-0.99889,0
0,0.99958,0.99838,0.99638,0.99356,0.98991,0.98541,0.98004,0.97378,0.96663,0.95856,0.94957,0.93965,0.92882,0.91705,0.90438,0.89079,0.87631,0.86094,0.8447,0.8276,0.80965,0.79086,0.77124,0.75079,0.72951,0.70741,0.68446,0.66067,0.63602,0.61049,0.58407,0.55674,0.52849,0.49928,0.46912,0.43799,0.4059,0.37283,0.33882,0.30387,0.26802,0.23131,0.19381,0.15558,0.1167,0.077262,0.037377,-0.0028426,-0.043275,-0.083792,-0.12426,-0.16455,-0.20453,-0.24407,-0.28305,-0.32135,-0.35886,-0.39551,-0.43119,-0.46585,-0.49943,-0.53189,-0.5632,-0.59333,-0.62228,-0.65005,-0.67664,-0.70207,-0.72636,-0.74954,-0.77162,-0.79263,-0.81261,-0.83158,-0.84957,-0.8666,-0.88269,-0.89785,-0.91211,-0.92545,-0.93787,-0.94937,-0.95991,-0.96945,-0.97792,-0.98525,-0.9913,-0.99593,-0.99893,0
0,0.99962,0.99851,0.99667,0.99408,0.9907,0.98653,0.98154,0.97572,0.96904,0.9615,0.95307,0.94376,0.93355,0.92244,0.91044,0.89755,0.88378,0.86912,0.85359,0.83719,0.81994,0.80183,0.78286,0.76304,0.74237,0.72082,0.6984,0.67509,0.65086,0.62571,0.5996,0.57251,0.54444,0.51534,0.48521,0.45403,0.4218,0.38852,0.3542,0.31886,0.28253,0.24526,0.20711,0.16815,0.12848,0.088188,0.047396,0.006229,-0.035179,-0.076688,-0.11815,-0.15943,-0.20037,-0.24083,-0.28069,-0.31981,-0.3581,-0.39544,-0.43175,-0.46697,-0.50103,-0.5339,-0.56554,-0.59594,-0.6251,-0.65302,-0.67971,-0.7052,-0.72949,-0.75264,-0.77465,-0.79558,-0.81544,-0.83428,-0.85211,-0.86897,-0.88488,-0.89986,-0.91392,-0.92706,-0.93928,-0.95058,-0.96091,-0.97025,-0.97854,-0.98568,-0.99157,-0.99607,-0.99896,0
0,0.99965,0.99863,0.99694,0.99454,0.99143,0.98756,0.98293,0.97751,0.97129,0.96423,0.95634,0.9476,0.93799,0.92752,0.91618,0.90397,0.89088,0.87693,0.86211,0.84642,0.82987,0.81245,0.79416,0.775,0.75496,0.73402,0.71216,0.68938,0.66563,0.64091,0.61517,0.5884,0.56057,0.53165,0.50162,0.47046,0.43817,0.40473,0.37016,0.33447,0.2977,0.2599,0.22113,0.18147,0.141,0.099853,0.058141,0.016003,-0.026411,-0.068948,-0.11145,-0.15375,-0.1957,-0.23713,-0.27792,-0.31792,-0.357,-0.39508,-0.43206,-0.46786,-0.50243,-0.53572,-0.56772,-0.59841,-0.62779,-0.65587,-0.68266,-0.7082,-0.7325,-0.75562,-0.77757,-0.7984,-0.81815,-0.83685,-0.85453,-0.87123,-0.88696,-0.90175,-0.91562,-0.92857,-0.9406,-0.9517,-0.96185,-0.971,-0.9791,-0.98608,-0.99182,-0.99619,-0.999,0
0,0.99968,0.99875,0.99719,0.99498,0.99209,0.98851,0.98421,0.97917,0.97337,0.96678,0.9594,0.9512,0.94217,0.93231,0.9216,0.91005,0.89764,0.88438,0.87027,0.85529,0.83945,0.82274,0.80515,0.78667,0.76729,0.74699,0.72574,0.70353,0.68032,0.65609,0.63079,0.60441,0.57689,0.54822,0.51836,0.48729,0.45499,0.42146,0.3867,0.35073,0.31357,0.27527,0.2359,0.19555,0.1543,0.11229,0.06964,0.026507,-0.016948,-0.060554,-0.10414,-0.14752,-0.19052,-0.23299,-0.27475,-0.31567,-0.35561,-0.39447,-0.43214,-0.46856,-0.50366,-0.53741,-0.56978,-0.60077,-0.63037,-0.65862,-0.68552,-0.71111,-0.73542,-0.7585,-0.78039,-0.80113,-0.82076,-0.83933,-0.85685,-0.87339,-0.88895,-0.90356,-0.91724,-0.93,-0.94185,-0.95276,-0.96272,-0.97169,-0.97963,-0.98644,-0.99205,-0.9963,-0.99903,0
0,0.9997,0.99885,0.99741,0.99537,0.99271,0.98939,0.9854,0.98071,0.97531,0.96916,0.96225,0.95457,0.9461,0.93682,0.92673,0.91582,0.90408,0.8915,0.87808,0.86381,0.84868,0.83269,0.81581,0.79804,0.77935,0.75973,0.73913,0.71754,0.69493,0.67124,0.64645,0.62051,0.59338,0.56503,0.53541,0.50451,0.47228,0.43873,0.40385,0.36764,0.33014,0.29139,0.25146,0.21043,0.16841,0.12553,0.081927,0.03777,-0.0067636,-0.051486,-0.096204,-0.14072,-0.18485,-0.2284,-0.2712,-0.3131,-0.35395,-0.39363,-0.43204,-0.46911,-0.50477,-0.53899,-0.57175,-0.60305,-0.6329,-0.66131,-0.68832,-0.71396,-0.73828,-0.76133,-0.78316,-0.8038,-0.82331,-0.84173,-0.85911,-0.87547,-0.89086,-0.90529,-0.91879,-0.93137,-0.94302,-0.95375,-0.96354,-0.97234,-0.98011,-0.98678,-0.99225,-0.9964,-0.99905,0
0,0.99973,0.99894,0.99762,0.99574,0.99327,0.9902,0.9865,0.98214,0.97711,0.97138,0.96492,0.95773,0.94979,0.94107,0.93158,0.92129,0.91019,0.89829,0.88556,0.87199,0.85758,0.84231,0.82616,0.80911,0.79114,0.77222,0.75232,0.7314,0.70943,0.68635,0.66212,0.63669,0.61003,0.58207,0.55278,0.52211,0.49004,0.45654,0.4216,0.38523,0.34745,0.30829,0.26783,0.22616,0.18337,0.13961,0.095041,0.04983,0.0041755,-0.041715,-0.087628,-0.13335,-0.17867,-0.22337,-0.26728,-0.31022,-0.35203,-0.39259,-0.43178,-0.46954,-0.50579,-0.54051,-0.57368,-0.6053,-0.63539,-0.66398,-0.6911,-0.7168,-0.74112,-0.76414,-0.78589,-0.80643,-0.82581,-0.84409,-0.86131,-0.8775,-0.89271,-0.90697,-0.92028,-0.93268,-0.94415,-0.9547,-0.96432,-0.97295,-0.98057,-0.9871,-0.99245,-0.99649,-0.99908,0
0,0.99975,0.99903,0.99781,0.99607,0.99379,0.99095,0.98752,0.98347,0.97879,0.97344,0.96742,0.96069,0.95325,0.94508,0.93615,0.92646,0.916,0.90475,0.8927,0.87984,0.86614,0.8516,0.83619,0.81988,0.80266,0.78447,0.7653,0.74509,0.72381,0.70139,0.67779,0.65295,0.62682,0.59933,0.57044,0.5401,0.50826,0.4749,0.43998,0.40351,0.36551,0.326,0.28506,0.24276,0.19922,0.15459,0.10903,0.062729,0.015908,-0.031209,-0.078384,-0.12538,-0.17196,-0.2179,-0.26299,-0.30704,-0.34988,-0.39137,-0.4314,-0.46989,-0.50677,-0.54201,-0.57561,-0.60757,-0.63791,-0.66667,-0.69389,-0.71964,-0.74397,-0.76694,-0.78861,-0.80905,-0.8283,-0.84643,-0.86348,-0.8795,-0.89453,-0.9086,-0.92173,-0.93394,-0.94524,-0.95562,-0.96506,-0.97354,-0.98101,-0.9874,-0.99263,-0.99658,-0.9991,0
0,0.99977,0.99911,0.99798,0.99638,0.99427,0.99164,0.98846,0.9847,0.98034,0.97537,0.96975,0.96346,0.9565,0.94884,0.94047,0.93137,0.92152,0.91091,0.89953,0.88736,0.87438,0.86057,0.8459,0.83035,0.81388,0.79647,0.77805,0.7586,0.73805,0.71635,0.69344,0.66925,0.64373,0.61679,0.58839,0.55846,0.52694,0.49379,0.45898,0.4225,0.38435,0.34455,0.30316,0.26028,0.21601,0.1705,0.12393,0.076516,0.028479,-0.019927,-0.068439,-0.11679,-0.16472,-0.21198,-0.25834,-0.30358,-0.34752,-0.39001,-0.43093,-0.47019,-0.50773,-0.54353,-0.57757,-0.60987,-0.64047,-0.66941,-0.69674,-0.72254,-0.74686,-0.76978,-0.79136,-0.81167,-0.83079,-0.84876,-0.86564,-0.88148,-0.89633,-0.91021,-0.92315,-0.93518,-0.9463,-0.9565,-0.96578,-0.9741,-0.98142,-0.98768,-0.9928,-0.99666,-0.99912,0
0,0.99979,0.99918,0.99814,0.99666,0.99472,0.99228,0.98933,0.98584,0.98179,0.97716,0.97192,0.96606,0.95955,0.95238,0.94454,0.936,0.92675,0.91677,0.90604,0.89456,0.88228,0.8692,0.85529,0.8405,0.82482,0.80819,0.79056,0.7719,0.75213,0.73121,0.70904,0.68558,0.66073,0.63444,0.60661,0.57717,0.54607,0.51323,0.47862,0.44221,0.40398,0.36396,0.3222,0.27877,0.23379,0.18741,0.13982,0.09125,0.041943,-0.0078209,-0.057752,-0.10755,-0.15693,-0.20561,-0.25333,-0.29985,-0.34497,-0.38853,-0.4304,-0.47049,-0.50873,-0.5451,-0.57961,-0.61227,-0.64313,-0.67225,-0.69968,-0.72551,-0.74981,-0.77267,-0.79415,-0.81434,-0.8333,-0.8511,-0.8678,-0.88346,-0.89811,-0.9118,-0.92455,-0.93639,-0.94733,-0.95736,-0.96647,-0.97464,-0.98182,-0.98796,-0.99296,-0.99674,-0.99914,0
0,0.99981,0.99924,0.99829,0.99692,0.99512,0.99287,0.99013,0.98689,0.98313,0.97882,0.97394,0.96848,0.96241,0.95571,0.94837,0.94037,0.9317,0.92233,0.91225,0.90143,0.88986,0.87751,0.86435,0.85034,0.83545,0.81962,0.80282,0.78498,0.76604,0.74593,0.72458,0.7019,0.67781,0.65223,0.62506,0.59622,0.56563,0.5332,0.49889,0.46264,0.42444,0.38428,0.3422,0.29828,0.25262,0.20538,0.15676,0.107,0.056365,0.0051668,-0.046274,-0.097627,-0.14856,-0.19877,-0.24796,-0.29586,-0.34226,-0.38697,-0.42985,-0.47082,-0.5098,-0.54678,-0.58177,-0.6148,-0.64593,-0.67521,-0.70274,-0.7286,-0.75287,-0.77565,-0.79701,-0.81706,-0.83585,-0.85347,-0.86998,-0.88544,-0.8999,-0.91339,-0.92595,-0.93759,-0.94835,-0.9582,-0.96715,-0.97516,-0.98221,-0.98822,-0.99312,-0.99681,-0.99916,0
0,0.99982,0.99931,0.99843,0.99716,0.9955,0.99341,0.99087,0.98787,0.98437,0.98036,0.97583,0.97073,0.96507,0.95883,0.95197,0.94449,0.93638,0.9276,0.91815,0.90799,0.89712,0.88549,0.87308,0.85985,0.84576,0.83076,0.8148,0.79782,0.77975,0.76051,0.74002,0.71819,0.69494,0.67015,0.64373,0.61558,0.5856,0.5537,0.51979,0.48382,0.44573,0.40553,0.36321,0.31886,0.27256,0.22448,0.17482,0.12384,0.07182,0.019106,-0.033947,-0.086966,-0.13958,-0.19144,-0.24222,-0.29162,-0.3394,-0.38535,-0.42932,-0.47123,-0.51099,-0.54862,-0.58411,-0.61751,-0.6489,-0.67835,-0.70596,-0.73183,-0.75606,-0.77874,-0.79997,-0.81986,-0.83847,-0.8559,-0.8722,-0.88745,-0.9017,-0.91498,-0.92734,-0.93879,-0.94936,-0.95903,-0.96782,-0.97568,-0.98258,-0.98847,-0.99327,-0.99688,-0.99918,0
0,0.99984,0.99936,0.99855,0.99738,0.99584,0.99391,0.99156,0.98877,0.98552,0.98179,0.97757,0.97283,0.96756,0.96174,0.95535,0.94837,0.94079,0.93259,0.92375,0.91424,0.90405,0.89314,0.88148,0.86903,0.85575,0.84159,0.8265,0.8104,0.79323,0.7749,0.75533,0.73442,0.71207,0.68816,0.66258,0.63523,0.60597,0.5747,0.54132,0.50573,0.46789,0.42774,0.38528,0.34057,0.29369,0.2448,0.1941,0.14186,0.088398,0.034079,-0.020697,-0.075512,-0.12995,-0.18361,-0.23612,-0.28714,-0.33641,-0.38371,-0.42886,-0.47176,-0.51236,-0.55065,-0.58666,-0.62045,-0.6521,-0.68171,-0.70939,-0.73525,-0.7594,-0.78197,-0.80305,-0.82276,-0.84117,-0.85838,-0.87447,-0.8895,-0.90352,-0.91659,-0.92873,-0.93999,-0.95036,-0.95986,-0.96848,-0.97619,-0.98295,-0.98872,-0.99342,-0.99695,-0.99919,0
0,0.99985,0.99941,0.99866,0.99758,0.99616,0.99436,0.99218,0.98959,0.98658,0.98312,0.97919,0.97478,0.96988,0.96446,0.95851,0.95201,0.94495,0.9373,0.92905,0.92018,0.91065,0.90045,0.88953,0.87787,0.86541,0.8521,0.83788,0.82269,0.80646,0.78908,0.77048,0.75055,0.72917,0.70622,0.68158,0.65512,0.6267,0.59618,0.56345,0.52839,0.49091,0.45094,0.40845,0.36348,0.31609,0.26643,0.2147,0.16117,0.1062,0.050185,-0.0064378,-0.063194,-0.11961,-0.17523,-0.22963,-0.28244,-0.33333,-0.38208,-0.4285,-0.47247,-0.51396,-0.55295,-0.5895,-0.62367,-0.65558,-0.68533,-0.71305,-0.73888,-0.76295,-0.78537,-0.80628,-0.82578,-0.84397,-0.86095,-0.8768,-0.89159,-0.90538,-0.91822,-0.93015,-0.94119,-0.95137,-0.96069,-0.96913,-0.97669,-0.98331,-0.98896,-0.99356,-0.99702,-0.99921,0
0,0.99986,0.99946,0.99876,0.99776,0.99644,0.99478,0.99275,0.99035,0.98755,0.98433,0.98068,0.97659,0.97203,0.96699,0.96146,0.95542,0.94885,0.94174,0.93406,0.9258,0.91693,0.90743,0.89725,0.88636,0.87472,0.86226,0.84894,0.83468,0.81941,0.80303,0.78544,0.76654,0.7462,0.7243,0.70069,0.67523,0.64776,0.61812,0.58618,0.55178,0.51481,0.47516,0.43278,0.38765,0.33984,0.28947,0.23672,0.1819,0.12536,0.067542,0.0089366,-0.049925,-0.1085,-0.16627,-0.22275,-0.2775,-0.33018,-0.38052,-0.4283,-0.47343,-0.51585,-0.55558,-0.59268,-0.62724,-0.65938,-0.68926,-0.71701,-0.74278,-0.76672,-0.78898,-0.80968,-0.82894,-0.84689,-0.86362,-0.87921,-0.89374,-0.90728,-0.91988,-0.93158,-0.94241,-0.95238,-0.96151,-0.96978,-0.97718,-0.98367,-0.9892,-0.9937,-0.99708,-0.99923,0
0,0.99987,0.9995,0.99885,0.99793,0.9967,0.99515,0.99327,0.99104,0.98843,0.98545,0.98206,0.97825,0.97402,0.96934,0.9642,0.9586,0.9525,0.9459,0.93878,0.93112,0.92289,0.91407,0.90462,0.8945,0.88367,0.87208,0.85966,0.84634,0.83205,0.8167,0.80017,0.78235,0.76313,0.74234,0.71986,0.6955,0.6691,0.64049,0.60947,0.57589,0.53959,0.50042,0.45829,0.41316,0.36504,0.31403,0.26032,0.20419,0.14602,0.086295,0.025556,-0.035596,-0.096541,-0.15668,-0.21544,-0.27235,-0.32699,-0.37906,-0.42833,-0.4747,-0.51811,-0.55861,-0.59627,-0.63121,-0.66359,-0.69356,-0.7213,-0.74698,-0.77076,-0.79281,-0.81327,-0.83228,-0.84995,-0.86639,-0.8817,-0.89596,-0.90924,-0.92158,-0.93304,-0.94364,-0.95341,-0.96234,-0.97044,-0.97768,-0.98403,-0.98944,-0.99384,-0.99714,-0.99924,0
0,0.99988,0.99953,0.99894,0.99808,0.99693,0.99549,0.99374,0.99166,0.98924,0.98646,0.98331,0.97978,0.97585,0.97151,0.96675,0.96155,0.95591,0.94981,0.94322,0.93614,0.92853,0.92037,0.91163,0.90228,0.89226,0.88152,0.87001,0.85766,0.84437,0.83006,0.81463,0.79795,0.77989,0.76031,0.73903,0.71589,0.69069,0.66323,0.6333,0.60071,0.56525,0.52675,0.48505,0.44008,0.39179,0.34026,0.28563,0.2282,0.16836,0.10662,0.043577,-0.020075,-0.08363,-0.14639,-0.2077,-0.26699,-0.3238,-0.37776,-0.42866,-0.47636,-0.52083,-0.56213,-0.60036,-0.63567,-0.66825,-0.69828,-0.72598,-0.75152,-0.77511,-0.79691,-0.81709,-0.8358,-0.85316,-0.86929,-0.8843,-0.89826,-0.91125,-0.92332,-0.93453,-0.9449,-0.95444,-0.96318,-0.9711,-0.97818,-0.98439,-0.98968,-0.99398,-0.99721,-0.99926,0
0,0.99989,0.99957,0.99901,0.99821,0.99714,0.9958,0.99416,0.99223,0.98997,0.98738,0.98445,0.98117,0.97752,0.9735,0.96909,0.96429,0.95908,0.95344,0.94737,0.94085,0.93384,0.92634,0.9183,0.90969,0.90048,0.8906,0.87999,0.8686,0.85633,0.8431,0.82879,0.81329,0.79646,0.77814,0.75816,0.73633,0.71245,0.68629,0.65762,0.62619,0.59178,0.55414,0.51309,0.46847,0.4202,0.36828,0.31285,0.25415,0.19259,0.12871,0.063196,-0.0031963,-0.069641,-0.13532,-0.19947,-0.26142,-0.32064,-0.37671,-0.42938,-0.47852,-0.52411,-0.56624,-0.60504,-0.6407,-0.67345,-0.70351,-0.7311,-0.75646,-0.7798,-0.80131,-0.82116,-0.83953,-0.85655,-0.87234,-0.88701,-0.90065,-0.91333,-0.92512,-0.93606,-0.94617,-0.9555,-0.96403,-0.97176,-0.97867,-0.98474,-0.98991,-0.99411,-0.99727,-0.99927,0
0,0.9999,0.99959,0.99907,0.99832,0.99732,0.99607,0.99454,0.99273,0.99062,0.98821,0.98548,0.98243,0.97905,0.97532,0.97125,0.96681,0.96201,0.95683,0.95125,0.94526,0.93884,0.93196,0.92461,0.91674,0.90831,0.89928,0.88958,0.87915,0.86791,0.85577,0.84262,0.82833,0.81277,0.79579,0.77719,0.75678,0.73434,0.70962,0.68237,0.65231,0.61914,0.58261,0.54244,0.49841,0.45038,0.39827,0.34215,0.28225,0.21896,0.15285,0.084654,0.015249,-0.054412,-0.12337,-0.19071,-0.25566,-0.31757,-0.37597,-0.43059,-0.48128,-0.52807,-0.57105,-0.61042,-0.64641,-0.67928,-0.7093,-0.73674,-0.76186,-0.78489,-0.80604,-0.82552,-0.8435,-0.86013,-0.87554,-0.88984,-0.90313,-0.91549,-0.92697,-0.93762,-0.94748,-0.95657,-0.96488,-0.97243,-0.97917,-0.9851,-0.99014,-0.99425,-0.99733,-0.99929,0
0,0.9999,0.99962,0.99913,0.99842,0.99748,0.9963,0.99487,0.99317,0.9912,0.98895,0.98641,0.98357,0.98043,0.97698,0.97322,0.96913,0.96471,0.95995,0.95484,0.94937,0.94351,0.93725,0.93057,0.92341,0.91576,0.90757,0.89877,0.8893,0.87909,0.86805,0.85607,0.84303,0.82879,0.81319,0.79605,0.77715,0.75627,0.73314,0.70749,0.67899,0.64731,0.61213,0.57312,0.52997,0.48244,0.43039,0.37379,0.3128,0.24779,0.17934,0.10825,0.035527,-0.037737,-0.1104,-0.18137,-0.2497,-0.31465,-0.37566,-0.43243,-0.48482,-0.53286,-0.57672,-0.61664,-0.65291,-0.68585,-0.71576,-0.74298,-0.76777,-0.79042,-0.81116,-0.8302,-0.84774,-0.86393,-0.87892,-0.89282,-0.90573,-0.91773,-0.92888,-0.93923,-0.94882,-0.95766,-0.96575,-0.9731,-0.97968,-0.98545,-0.99038,-0.99438,-0.99739,-0.9993,0
0,0.99991,0.99964,0.99918,0.99851,0.99762,0.9965,0.99515,0.99355,0.9917,0.98959,0.98722,0.98458,0.98166,0.97847,0.975,0.97124,0.96718,0.96283,0.95817,0.95319,0.94788,0.94221,0.93617,0.92972,0.92283,0.91545,0.90754,0.89903,0.88985,0.87991,0.86912,0.85734,0.84445,0.83029,0.81467,0.79738,0.77817,0.75678,0.73289,0.70616,0.67622,0.64268,0.60514,0.5632,0.51651,0.46482,0.408,0.3461,0.27943,0.20857,0.13438,0.057978,-0.019347,-0.096226,-0.17135,-0.24357,-0.31197,-0.37592,-0.43507,-0.48929,-0.53867,-0.58342,-0.62386,-0.66035,-0.69327,-0.72299,-0.74988,-0.77427,-0.79645,-0.8167,-0.83523,-0.85227,-0.86797,-0.88249,-0.89595,-0.90844,-0.92006,-0.93086,-0.94089,-0.95019,-0.95877,-0.96664,-0.97378,-0.98018,-0.98581,-0.99061,-0.99451,-0.99745,-0.99932,0
0,0.99991,0.99966,0.99921,0.99857,0.99773,0.99667,0.99539,0.99388,0.99213,0.99015,0.98793,0.98546,0.98275,0.9798,0.97659,0.97314,0.96943,0.96546,0.96123,0.95672,0.95193,0.94683,0.94142,0.93565,0.9295,0.92293,0.91589,0.90832,0.90016,0.89133,0.88172,0.87123,0.85972,0.84703,0.83299,0.81738,0.79995,0.78042,0.75847,0.73373,0.70579,0.67419,0.63846,0.59812,0.55268,0.50176,0.44507,0.38253,0.31435,0.24105,0.16353,0.083049,0.0011136,-0.080624,-0.16055,-0.23726,-0.30964,-0.37693,-0.43873,-0.49495,-0.54573,-0.59136,-0.63226,-0.66888,-0.70168,-0.7311,-0.75756,-0.78143,-0.80305,-0.82271,-0.84066,-0.85712,-0.87227,-0.88627,-0.89924,-0.91128,-0.92249,-0.93291,-0.9426,-0.9516,-0.95991,-0.96753,-0.97447,-0.98069,-0.98617,-0.99084,-0.99465,-0.99751,-0.99933,0
0,0.99992,0.99967,0.99924,0.99863,0.99782,0.9968,0.99558,0.99414,0.99249,0.99062,0.98853,0.98622,0.9837,0.98097,0.97801,0.97484,0.97146,0.96785,0.96403,0.95997,0.95568,0.95113,0.94632,0.94121,0.93578,0.92999,0.92381,0.91718,0.91002,0.90228,0.89386,0.88466,0.87454,0.86335,0.85093,0.83706,0.82151,0.80397,0.78412,0.76158,0.73589,0.70657,0.67304,0.63473,0.59104,0.54138,0.4853,0.42253,0.35308,0.27739,0.19634,0.11133,0.024126,-0.063262,-0.14883,-0.2308,-0.3078,-0.37892,-0.4437,-0.50209,-0.55432,-0.60081,-0.64209,-0.67872,-0.71126,-0.74023,-0.76612,-0.78935,-0.81029,-0.82926,-0.84653,-0.86234,-0.87687,-0.89028,-0.90271,-0.91427,-0.92502,-0.93504,-0.94437,-0.95304,-0.96107,-0.96845,-0.97517,-0.98121,-0.98653,-0.99107,-0.99478,-0.99757,-0.99935,0
0,0.99992,0.99968,0.99926,0.99866,0.99788,0.9969,0.99572,0.99434,0.99277,0.99099,0.98902,0.98686,0.98451,0.98197,0.97925,0.97635,0.97327,0.97001,0.96657,0.96294,0.95913,0.95511,0.95087,0.94641,0.94168,0.93665,0.9313,0.92558,0.91942,0.91276,0.90551,0.89758,0.88886,0.87919,0.86842,0.85635,0.84273,0.8273,0.8097,0.78955,0.76639,0.73966,0.70876,0.67299,0.6316,0.58384,0.52901,0.46657,0.39628,0.31837,0.23366,0.14363,0.050356,-0.043693,-0.13598,-0.22422,-0.30667,-0.38222,-0.45036,-0.51111,-0.56483,-0.6121,-0.65362,-0.69009,-0.72219,-0.75054,-0.7757,-0.79813,-0.81825,-0.83641,-0.85289,-0.86795,-0.88178,-0.89455,-0.90639,-0.9174,-0.92767,-0.93725,-0.9462,-0.95453,-0.96225,-0.96938,-0.97588,-0.98173,-0.98689,-0.9913,-0.99491,-0.99763,-0.99936,0
0,0.99992,0.99968,0.99927,0.99868,0.99791,0.99695,0.99581,0.99448,0.99297,0.99128,0.98941,0.98737,0.98518,0.98282,0.98031,0.97766,0.97486,0.97193,0.96886,0.96564,0.96228,0.95877,0.9551,0.95125,0.94719,0.94291,0.93837,0.93353,0.92834,0.92273,0.91664,0.90998,0.90264,0.89449,0.88538,0.87513,0.86351,0.85025,0.83504,0.81747,0.79707,0.77329,0.74544,0.71274,0.67433,0.62923,0.57647,0.51516,0.44471,0.36499,0.27661,0.18106,0.080746,-0.021268,-0.12169,-0.21755,-0.30654,-0.38729,-0.45925,-0.52254,-0.57774,-0.62566,-0.66722,-0.7033,-0.73472,-0.76222,-0.78642,-0.80787,-0.82701,-0.84422,-0.8598,-0.87401,-0.88705,-0.8991,-0.91028,-0.9207,-0.93044,-0.93956,-0.94809,-0.95606,-0.96347,-0.97032,-0.97659,-0.98225,-0.98725,-0.99153,-0.99504,-0.99769,-0.99937,0
0,0.99992,0.99968,0.99927,0.99868,0.99792,0.99697,0.99585,0.99455,0.99309,0.99146,0.98968,0.98776,0.9857,0.98351,0.9812,0.97878,0.97625,0.97362,0.9709,0.96808,0.96516,0.96214,0.959,0.95574,0.95234,0.94877,0.94502,0.94103,0.93678,0.9322,0.92724,0.92181,0.91583,0.90918,0.90173,0.8933,0.8837,0.87268,0.85994,0.84509,0.82768,0.80714,0.78278,0.75374,0.71904,0.6775,0.62786,0.56882,0.49926,0.41849,0.32668,0.22518,0.11668,0.0049854,-0.10554,-0.21084,-0.30786,-0.39479,-0.47109,-0.53709,-0.59368,-0.64203,-0.68332,-0.71868,-0.74911,-0.77547,-0.79847,-0.81871,-0.83668,-0.85277,-0.8673,-0.88055,-0.8927,-0.90395,-0.91441,-0.92418,-0.93335,-0.94196,-0.95005,-0.95763,-0.96471,-0.97128,-0.97731,-0.98277,-0.98761,-0.99176,-0.99517,-0.99774,-0.99939,0
0,0.99992,0.99967,0.99925,0.99866,0.99789,0.99695,0.99583,0.99455,0.99312,0.99155,0.98984,0.98801,0.98607,0.98403,0.9819,0.9797,0.97743,0.97509,0.9727,0.97026,0.96776,0.96521,0.96259,0.9599,0.95713,0.95425,0.95125,0.94809,0.94474,0.94116,0.93728,0.93305,0.92839,0.9232,0.91737,0.91075,0.90316,0.89439,0.88416,0.87214,0.85788,0.84085,0.82037,0.79556,0.76535,0.72842,0.68319,0.62792,0.5608,0.48035,0.3859,0.27827,0.16025,0.036584,-0.086808,-0.2042,-0.31128,-0.40571,-0.48695,-0.55575,-0.61352,-0.66189,-0.70247,-0.73666,-0.76569,-0.79054,-0.81203,-0.83079,-0.84736,-0.86214,-0.87547,-0.88762,-0.89878,-0.90913,-0.91879,-0.92786,-0.9364,-0.94446,-0.95208,-0.95925,-0.96599,-0.97226,-0.97804,-0.9833,-0.98797,-0.99199,-0.9953,-0.9978,-0.9994,0
0,0.99991,0.99966,0.99923,0.99862,0.99783,0.99687,0.99575,0.99447,0.99306,0.99152,0.98987,0.98812,0.98628,0.98438,0.98243,0.98043,0.9784,0.97634,0.97427,0.97219,0.9701,0.968,0.96588,0.96375,0.96158,0.95937,0.95709,0.95472,0.95224,0.9496,0.94676,0.94368,0.94028,0.93649,0.93222,0.92734,0.92171,0.91515,0.90742,0.89824,0.88723,0.87389,0.8576,0.83752,0.81256,0.78133,0.74203,0.69246,0.63007,0.55223,0.4569,0.34363,0.21476,0.076031,-0.064321,-0.19777,-0.31792,-0.42157,-0.50841,-0.57992,-0.63837,-0.68613,-0.72531,-0.75773,-0.78481,-0.80769,-0.82728,-0.84425,-0.85916,-0.87242,-0.88437,-0.89527,-0.90532,-0.91468,-0.92346,-0.93175,-0.93961,-0.94708,-0.95419,-0.96093,-0.96729,-0.97326,-0.97878,-0.98383,-0.98833,-0.99222,-0.99542,-0.99785,-0.99941,0
0,0.99991,0.99964,0.99918,0.99854,0.99773,0.99674,0.99559,0.99431,0.99289,0.99137,0.98976,0.98807,0.98634,0.98456,0.98276,0.98096,0.97916,0.97738,0.97562,0.97389,0.97219,0.97053,0.9689,0.96729,0.96571,0.96413,0.96254,0.96093,0.95927,0.95752,0.95567,0.95366,0.95145,0.94897,0.94616,0.94292,0.93914,0.93469,0.92937,0.92297,0.91516,0.90556,0.89361,0.8786,0.85952,0.83501,0.80323,0.76168,0.70709,0.63552,0.54284,0.42607,0.28566,0.12774,-0.035944,-0.19185,-0.32967,-0.44489,-0.53788,-0.6116,-0.66977,-0.71583,-0.75264,-0.78242,-0.80684,-0.8272,-0.84442,-0.85924,-0.87219,-0.88369,-0.89407,-0.90357,-0.91237,-0.92062,-0.92843,-0.93587,-0.94299,-0.94982,-0.95638,-0.96266,-0.96863,-0.97427,-0.97953,-0.98435,-0.98868,-0.99244,-0.99554,-0.99791,-0.99943,0
0,0.9999,0.99961,0.99912,0.99844,0.99758,0.99654,0.99536,0.99404,0.99261,0.99109,0.9895,0.98787,0.98621,0.98455,0.98291,0.98129,0.97972,0.9782,0.97674,0.97536,0.97405,0.97282,0.97166,0.97057,0.96955,0.96857,0.96765,0.96674,0.96585,0.96493,0.96398,0.96296,0.96183,0.96055,0.95906,0.95732,0.95522,0.95269,0.94958,0.94574,0.94095,0.93492,0.92723,0.91733,0.90442,0.88735,0.86444,0.83324,0.79017,0.73019,0.64662,0.53216,0.3821,0.20018,0.0026374,-0.18698,-0.35011,-0.48001,-0.57915,-0.65363,-0.70967,-0.75231,-0.78529,-0.81128,-0.83216,-0.84929,-0.86362,-0.87587,-0.88654,-0.89603,-0.90462,-0.91255,-0.91996,-0.92699,-0.93373,-0.94024,-0.94656,-0.9527,-0.95867,-0.96445,-0.97001,-0.9753,-0.98028,-0.98488,-0.98904,-0.99266,-0.99566,-0.99796,-0.99944,0
0,0.99989,0.99957,0.99903,0.9983,0.99737,0.99627,0.99502,0.99365,0.99219,0.99065,0.98908,0.98749,0.9859,0.98435,0.98285,0.98142,0.98007,0.97881,0.97766,0.97662,0.9757,0.97489,0.97419,0.9736,0.97312,0.97273,0.97242,0.97217,0.97199,0.97183,0.97169,0.97154,0.97136,0.97111,0.97077,0.97029,0.96963,0.96872,0.9675,0.96585,0.96367,0.96076,0.95689,0.95169,0.94465,0.93499,0.92148,0.9022,0.87405,0.83192,0.76755,0.66842,0.51914,0.31116,0.06157,-0.18448,-0.38684,-0.535,-0.6383,-0.70991,-0.76039,-0.79688,-0.82399,-0.8447,-0.86097,-0.87409,-0.88496,-0.8942,-0.90226,-0.90947,-0.91607,-0.92225,-0.92813,-0.93383,-0.9394,-0.94489,-0.95034,-0.95573,-0.96106,-0.96631,-0.97142,-0.97635,-0.98104,-0.98541,-0.98939,-0.99287,-0.99578,-0.99801,-0.99945,0
0,0.99988,0.99951,0.99892,0.99811,0.99709,0.99591,0.99458,0.99313,0.99161,0.99005,0.98847,0.9869,0.98539,0.98394,0.98258,0.98133,0.98021,0.97922,0.97838,0.97769,0.97715,0.97676,0.97652,0.97643,0.97646,0.97662,0.97689,0.97725,0.9777,0.9782,0.97876,0.97934,0.97993,0.98051,0.98106,0.98155,0.98195,0.98226,0.98241,0.98239,0.98212,0.98155,0.98057,0.97902,0.97668,0.9732,0.96798,0.96002,0.94756,0.92726,0.89259,0.83028,0.71383,0.50067,0.17103,-0.1882,-0.45884,-0.62564,-0.72447,-0.78493,-0.82386,-0.8502,-0.86884,-0.88259,-0.89311,-0.90146,-0.90831,-0.91415,-0.9193,-0.92399,-0.92841,-0.93268,-0.9369,-0.94114,-0.94545,-0.94984,-0.95434,-0.95892,-0.96357,-0.96824,-0.97288,-0.97743,-0.98181,-0.98594,-0.98973,-0.99308,-0.99589,-0.99805,-0.99946,0
0,0.99986,0.99944,0.99877,0.99786,0.99673,0.99543,0.99399,0.99245,0.99085,0.98924,0.98764,0.9861,0.98464,0.98329,0.98208,0.98103,0.98014,0.97944,0.97892,0.97858,0.97844,0.97848,0.9787,0.97908,0.97962,0.98029,0.98109,0.98199,0.98298,0.98403,0.98513,0.98625,0.98739,0.98851,0.98961,0.99066,0.99166,0.99259,0.99343,0.99418,0.99483,0.99537,0.99579,0.99607,0.99619,0.99611,0.99574,0.99492,0.99331,0.99018,0.98381,0.96962,0.93353,0.82407,0.46084,-0.21721,-0.62499,-0.77994,-0.8461,-0.87947,-0.89849,-0.9103,-0.91811,-0.92356,-0.92756,-0.93064,-0.93317,-0.93537,-0.93742,-0.93946,-0.94156,-0.94381,-0.94626,-0.94895,-0.9519,-0.95511,-0.95859,-0.96229,-0.9662,-0.97025,-0.97439,-0.97853,-0.98258,-0.98646,-0.99007,-0.99328,-0.99599,-0.99809,-0.99947,0
0,0.99983,0.99935,0.99858,0.99754,0.99627,0.99482,0.99324,0.99157,0.98988,0.98819,0.98656,0.98504,0.98364,0.9824,0.98135,0.9805,0.97987,0.97947,0.97929,0.97934,0.97961,0.98009,0.98076,0.98161,0.98263,0.98378,0.98504,0.98639,0.98781,0.98925,0.9907,0.99212,0.9935,0.99479,0.99599,0.99707,0.998,0.99877,0.99937,0.99977,0.99998,0.99997,0.99975,0.99932,0.99866,0.99779,0.9967,0.9954,0.99388,0.99215,0.99019,0.98796,0.98535,0.98195,0.97534,-0.99694,-0.98399,-0.9792,-0.97589,-0.97304,-0.97041,-0.96794,-0.96563,-0.96347,-0.96151,-0.95975,-0.95824,-0.95701,-0.95609,-0.95551,-0.95531,-0.95552,-0.95615,-0.95722,-0.95875,-0.96071,-0.96309,-0.96586,-0.96898,-0.97236,-0.97595,-0.97965,-0.98337,-0.98699,-0.99039,-0.99347,-0.99609,-0.99813,-0.99947,0
0,0.9998,0.99923,0.99833,0.99713,0.99569,0.99405,0.99229,0.99047,0.98865,0.98687,0.98521,0.98369,0.98236,0.98124,0.98037,0.97976,0.97941,0.97934,0.97953,0.97999,0.98069,0.98163,0.98277,0.98408,0.98555,0.98712,0.98877,0.99045,0.99213,0.99375,0.99528,0.99667,0.99788,0.99885,0.99956,0.99994,0.99996,0.99958,0.99873,0.99738,0.99546,0.99291,0.98963,0.98552,0.98043,0.97413,0.96633,0.95653,0.94396,0.92729,0.90414,0.86983,0.81419,0.71243,0.49889,0.04178,-0.55172,-0.86078,-0.96039,-0.99087,-0.9992,-0.99963,-0.99701,-0.99321,-0.98905,-0.9849,-0.98097,-0.97736,-0.97417,-0.97143,-0.96921,-0.96753,-0.96641,-0.96589,-0.96597,-0.96663,-0.96787,-0.96965,-0.97191,-0.97458,-0.97758,-0.98081,-0.98416,-0.98751,-0.99071,-0.99365,-0.99618,-0.99817,-0.99948,0
0,0.99976,0.99909,0.99802,0.99662,0.99495,0.99309,0.99111,0.9891,0.98712,0.98524,0.98353,0.98202,0.98077,0.9798,0.97913,0.97879,0.97877,0.97907,0.97969,0.98059,0.98177,0.98318,0.98479,0.98655,0.98842,0.99034,0.99225,0.9941,0.99581,0.99732,0.99856,0.99946,0.99994,0.99993,0.99935,0.99812,0.99616,0.99338,0.98967,0.98494,0.97905,0.97184,0.96311,0.95261,0.94,0.92482,0.9064,0.8838,0.85564,0.81982,0.77305,0.71015,0.6228,0.49815,0.31885,0.071521,-0.22754,-0.51505,-0.72872,-0.85972,-0.93215,-0.97014,-0.98903,-0.99741,-0.99994,-0.99923,-0.99674,-0.99335,-0.98962,-0.98588,-0.98239,-0.9793,-0.97674,-0.97478,-0.97347,-0.97286,-0.97293,-0.97366,-0.97502,-0.97692,-0.97929,-0.98202,-0.98497,-0.98802,-0.99102,-0.99382,-0.99626,-0.9982,-0.99949,0
0,0.9997,0.9989,0.99763,0.99598,0.99403,0.99189,0.98965,0.98741,0.98525,0.98325,0.98148,0.98,0.97885,0.97805,0.97764,0.97762,0.97799,0.97873,0.97982,0.98122,0.98291,0.98482,0.98689,0.98907,0.99127,0.99341,0.99541,0.99717,0.99858,0.99956,0.99999,0.99976,0.99876,0.99688,0.994,0.99,0.98477,0.97816,0.97006,0.96029,0.94869,0.93504,0.9191,0.90054,0.87897,0.85388,0.82456,0.79012,0.74934,0.70059,0.64168,0.56973,0.48107,0.37142,0.23667,0.074875,-0.11027,-0.30638,-0.49388,-0.65402,-0.77725,-0.86446,-0.92239,-0.95893,-0.98076,-0.99279,-0.99844,-1,-0.99902,-0.99656,-0.99335,-0.98988,-0.98652,-0.98353,-0.98108,-0.97929,-0.97822,-0.9779,-0.97831,-0.97941,-0.9811,-0.98327,-0.9858,-0.98854,-0.99132,-0.99397,-0.99633,-0.99822,-0.99949,0
0,0.99964,0.99866,0.99714,0.99518,0.99289,0.99041,0.98786,0.98534,0.98298,0.98085,0.97903,0.9776,0.97659,0.97603,0.97593,0.97631,0.97713,0.97839,0.98002,0.98199,0.98423,0.98665,0.98918,0.99169,0.9941,0.99626,0.99805,0.99933,0.99996,0.99979,0.99865,0.99641,0.99292,0.98802,0.98157,0.97345,0.96351,0.95163,0.93768,0.92153,0.90302,0.88201,0.8583,0.83167,0.80183,0.76842,0.73102,0.68905,0.64182,0.58846,0.52792,0.45895,0.38015,0.29007,0.18745,0.071689,-0.056531,-0.19444,-0.33675,-0.47598,-0.60408,-0.71452,-0.80388,-0.87208,-0.92141,-0.95528,-0.97722,-0.99037,-0.99725,-0.99983,-0.99958,-0.99761,-0.99472,-0.99152,-0.98842,-0.98574,-0.98367,-0.98235,-0.98181,-0.98205,-0.98301,-0.9846,-0.98666,-0.98906,-0.9916,-0.99411,-0.99638,-0.99823,-0.99949,0
0,0.99955,0.99836,0.99652,0.99418,0.99149,0.98861,0.98568,0.98286,0.98026,0.978,0.97616,0.97481,0.974,0.97374,0.97405,0.97492,0.97631,0.97818,0.98045,0.98305,0.98587,0.9888,0.9917,0.99442,0.99679,0.99863,0.99975,0.99995,0.99904,0.9968,0.99305,0.9876,0.98028,0.97096,0.95951,0.94582,0.92983,0.91148,0.89074,0.86759,0.84201,0.81398,0.78346,0.75041,0.71472,0.67627,0.63488,0.5903,0.54222,0.49023,0.43388,0.3726,0.30579,0.2328,0.15302,0.065987,-0.028438,-0.12985,-0.23704,-0.34776,-0.45871,-0.56576,-0.66462,-0.75161,-0.82438,-0.8822,-0.9258,-0.95691,-0.97772,-0.99049,-0.99728,-0.99983,-0.99958,-0.99763,-0.99484,-0.99185,-0.98912,-0.98693,-0.98549,-0.98487,-0.98506,-0.986,-0.98756,-0.98959,-0.99188,-0.99422,-0.99641,-0.99823,-0.99948,0
0,0.99944,0.99798,0.99576,0.99297,0.98979,0.98643,0.98307,0.9799,0.97707,0.97469,0.97286,0.97166,0.97113,0.97129,0.97213,0.97361,0.9757,0.97829,0.98129,0.98458,0.98799,0.99136,0.99447,0.9971,0.99902,0.99995,0.99964,0.99781,0.99421,0.98861,0.98079,0.97058,0.95787,0.94258,0.92471,0.90427,0.88136,0.85607,0.82855,0.79894,0.76738,0.73401,0.69894,0.66223,0.62393,0.58402,0.54246,0.49914,0.45389,0.40651,0.35674,0.30424,0.24865,0.18956,0.12654,0.059165,-0.012932,-0.089982,-0.17198,-0.25853,-0.34874,-0.44107,-0.53327,-0.62254,-0.7058,-0.78018,-0.84356,-0.89486,-0.93412,-0.96237,-0.98122,-0.99256,-0.99825,-0.99999,-0.99918,-0.99696,-0.99419,-0.9915,-0.98931,-0.98786,-0.98726,-0.98751,-0.98852,-0.99013,-0.99214,-0.99432,-0.99643,-0.99822,-0.99947,0
0,0.9993,0.99752,0.99483,0.99148,0.98773,0.98381,0.97998,0.97644,0.97337,0.97091,0.96917,0.96822,0.9681,0.96882,0.97035,0.97262,0.97555,0.97901,0.98283,0.98682,0.99074,0.99434,0.9973,0.99931,1,0.99902,0.99604,0.99072,0.98278,0.97202,0.9583,0.94156,0.92184,0.89928,0.87407,0.84647,0.81676,0.78524,0.7522,0.71793,0.68266,0.64657,0.60982,0.57249,0.53463,0.49624,0.45727,0.41761,0.37715,0.3357,0.29306,0.24897,0.20314,0.15525,0.10496,0.051874,-0.0043905,-0.064211,-0.12791,-0.19571,-0.26766,-0.3435,-0.42259,-0.50372,-0.58513,-0.66446,-0.73902,-0.80612,-0.86359,-0.91013,-0.9455,-0.97048,-0.98657,-0.99559,-0.99944,-0.99984,-0.99823,-0.99572,-0.99314,-0.991,-0.98963,-0.98916,-0.98955,-0.9907,-0.99239,-0.99439,-0.99641,-0.99819,-0.99946,0
0,0.99913,0.99694,0.99369,0.98969,0.98526,0.98072,0.97637,0.97245,0.96918,0.96672,0.96519,0.96465,0.96513,0.96662,0.96904,0.97231,0.97626,0.98069,0.98536,0.98996,0.99414,0.99748,0.99956,0.99989,0.998,0.99345,0.98585,0.97489,0.9604,0.94232,0.92074,0.89591,0.86816,0.83791,0.80562,0.77176,0.73678,0.70107,0.66497,0.62874,0.59259,0.55663,0.52096,0.48558,0.45048,0.41558,0.38081,0.34602,0.31108,0.2758,0.24,0.20345,0.1659,0.1271,0.086733,0.04449,1.6688e-05,-0.047056,-0.097108,-0.15052,-0.20763,-0.2687,-0.33385,-0.40294,-0.47545,-0.55034,-0.62595,-0.69999,-0.76974,-0.83239,-0.88556,-0.92784,-0.95901,-0.97997,-0.99242,-0.99842,-1,-0.99895,-0.99667,-0.9942,-0.99217,-0.99096,-0.99069,-0.99131,-0.99264,-0.99443,-0.99637,-0.99814,-0.99943,0
0,0.99892,0.99624,0.99231,0.98754,0.98234,0.97712,0.97223,0.96797,0.9646,0.96228,0.96114,0.96124,0.96258,0.96511,0.9687,0.97319,0.97833,0.98379,0.98917,0.99401,0.99776,0.9998,0.99951,0.99626,0.98948,0.97873,0.96372,0.94437,0.92084,0.89347,0.8628,0.82944,0.79408,0.75739,0.71996,0.68233,0.64491,0.60801,0.57185,0.53656,0.50221,0.46879,0.43628,0.40459,0.37363,0.34328,0.31339,0.28383,0.25443,0.22501,0.19541,0.16543,0.13486,0.10347,0.07103,0.037264,0.0018844,-0.035428,-0.075021,-0.11727,-0.16257,-0.21133,-0.26395,-0.32075,-0.38193,-0.44743,-0.51678,-0.58896,-0.6622,-0.73396,-0.80117,-0.86063,-0.90979,-0.94729,-0.97328,-0.98921,-0.99729,-0.99992,-0.99931,-0.9972,-0.99482,-0.99295,-0.99198,-0.992,-0.99291,-0.99445,-0.99629,-0.99806,-0.9994,0
0,0.99865,0.99538,0.99065,0.98499,0.97894,0.973,0.9676,0.96311,0.95979,0.95785,0.9574,0.95848,0.96104,0.96496,0.97005,0.97598,0.98234,0.98862,0.99417,0.99824,0.99999,0.99856,0.99312,0.983,0.96773,0.94716,0.92147,0.89117,0.85702,0.81994,0.78089,0.74079,0.70043,0.66046,0.62135,0.58344,0.54694,0.51194,0.47847,0.44648,0.4159,0.38661,0.35848,0.33137,0.30514,0.27964,0.25471,0.23022,0.20599,0.18189,0.15775,0.1334,0.10868,0.083405,0.057377,0.030385,0.0021948,-0.027453,-0.058848,-0.092313,-0.12821,-0.16694,-0.20896,-0.25472,-0.30471,-0.35936,-0.41894,-0.48346,-0.55247,-0.62475,-0.69817,-0.7696,-0.83527,-0.89148,-0.93561,-0.96686,-0.9863,-0.99632,-0.99981,-0.99946,-0.9974,-0.99511,-0.99345,-0.9928,-0.9932,-0.99444,-0.99616,-0.99794,-0.99934,0
0,0.99832,0.99432,0.98864,0.98198,0.97503,0.96839,0.96261,0.95808,0.95513,0.95394,0.95462,0.95715,0.96141,0.96715,0.97399,0.9814,0.98865,0.99486,0.99898,0.99984,0.99626,0.9872,0.97189,0.95003,0.92181,0.88796,0.84957,0.80796,0.76449,0.72038,0.67662,0.63399,0.59301,0.55398,0.51705,0.48226,0.44955,0.4188,0.38988,0.36262,0.33684,0.31238,0.28906,0.26674,0.24525,0.22444,0.20418,0.18432,0.16474,0.1453,0.12586,0.10631,0.086493,0.066275,0.045499,0.024,0.0015944,-0.021923,-0.04678,-0.073239,-0.1016,-0.13221,-0.16547,-0.20185,-0.24186,-0.28607,-0.33509,-0.38947,-0.44962,-0.5156,-0.58681,-0.66163,-0.73715,-0.80916,-0.87284,-0.92412,-0.96096,-0.98394,-0.99571,-0.99976,-0.99945,-0.99734,-0.99515,-0.99378,-0.99356,-0.99441,-0.99598,-0.99777,-0.99927,0
0,0.99789,0.99301,0.98624,0.97849,0.97063,0.96342,0.9575,0.95332,0.95122,0.95138,0.95383,0.95846,0.96497,0.97288,0.98145,0.98968,0.99631,0.99981,0.99852,0.99088,0.97566,0.95225,0.92086,0.8825,0.83878,0.79162,0.74287,0.69415,0.64668,0.6013,0.5585,0.51851,0.48137,0.44699,0.4152,0.3858,0.35856,0.33326,0.30968,0.28761,0.26687,0.24726,0.22864,0.21084,0.19374,0.17719,0.1611,0.14533,0.12978,0.11434,0.098923,0.08341,0.067698,0.051678,0.03523,0.018227,0.00052941,-0.01802,-0.037597,-0.058406,-0.080684,-0.10471,-0.13081,-0.15939,-0.19089,-0.22589,-0.26502,-0.309,-0.35862,-0.41464,-0.47761,-0.54757,-0.62357,-0.7031,-0.78176,-0.85361,-0.91282,-0.95574,-0.98232,-0.99555,-0.99982,-0.99929,-0.99705,-0.995,-0.99405,-0.99438,-0.99572,-0.99754,-0.99917,0
0,0.99733,0.99139,0.98337,0.97448,0.96584,0.95836,0.95278,0.9496,0.94914,0.95152,0.95662,0.96408,0.97325,0.98308,0.9921,0.9984,0.99973,0.99377,0.97854,0.95298,0.91729,0.87296,0.82241,0.7684,0.71352,0.65978,0.60857,0.56071,0.51654,0.47612,0.4393,0.40582,0.37538,0.34766,0.32235,0.29917,0.27784,0.25814,0.23983,0.22274,0.20669,0.19153,0.17712,0.16335,0.1501,0.13726,0.12476,0.11249,0.10037,0.088332,0.076287,0.06416,0.051869,0.039331,0.026458,0.013155,-0.00068374,-0.015176,-0.030453,-0.046671,-0.064008,-0.08268,-0.10294,-0.12511,-0.14955,-0.17674,-0.20723,-0.24172,-0.28102,-0.32611,-0.37804,-0.43784,-0.50623,-0.58306,-0.66651,-0.75225,-0.83326,-0.90154,-0.95128,-0.98153,-0.99587,-0.99994,-0.99894,-0.99653,-0.99476,-0.9944,-0.9954,-0.99721,-0.99901,0
0,0.99658,0.98935,0.97996,0.97002,0.96092,0.95377,0.94938,0.94827,0.95065,0.95644,0.96514,0.9758,0.98681,0.99588,0.99999,0.99574,0.98008,0.9512,0.90932,0.85682,0.79743,0.7352,0.67354,0.61481,0.5604,0.51088,0.46629,0.42638,0.39076,0.35895,0.3305,0.30498,0.282,0.26121,0.24232,0.22505,0.20919,0.19454,0.18092,0.16818,0.1562,0.14485,0.13405,0.12368,0.11368,0.10397,0.094479,0.08514,0.075895,0.066684,0.05745,0.048135,0.03868,0.029024,0.019104,0.0088479,-0.0018201,-0.012986,-0.024747,-0.037216,-0.050528,-0.064841,-0.080347,-0.09728,-0.11593,-0.13665,-0.15989,-0.18622,-0.21634,-0.25115,-0.29175,-0.33945,-0.39574,-0.46201,-0.5391,-0.62619,-0.71944,-0.81089,-0.88986,-0.94751,-0.98159,-0.99661,-1,-0.99833,-0.99584,-0.99457,-0.99502,-0.99675,-0.99877,0
0,0.99553,0.98675,0.97596,0.9653,0.95648,0.95078,0.94904,0.95164,0.95848,0.96884,0.98113,0.99268,0.99956,0.99689,0.97985,0.94554,0.89446,0.83065,0.76007,0.68848,0.62009,0.55729,0.50105,0.45139,0.40787,0.36981,0.33652,0.30733,0.28163,0.25889,0.23868,0.22061,0.20436,0.18966,0.17629,0.16404,0.15277,0.14232,0.13257,0.12342,0.11477,0.10656,0.098697,0.091127,0.083791,0.076636,0.069615,0.062682,0.055795,0.04891,0.041988,0.034988,0.027868,0.020585,0.013092,0.0053407,-0.0027245,-0.011164,-0.020048,-0.029457,-0.039488,-0.050254,-0.061894,-0.074576,-0.08851,-0.10396,-0.12125,-0.14082,-0.1632,-0.18911,-0.21947,-0.25548,-0.29865,-0.35085,-0.41419,-0.49057,-0.58062,-0.6816,-0.78503,-0.877,-0.94423,-0.98243,-0.99763,-0.99985,-0.99741,-0.99505,-0.99463,-0.99611,-0.9984,0
0,0.99403,0.98343,0.97147,0.96092,0.95384,0.95158,0.95478,0.96326,0.97572,0.98925,0.99882,0.99736,0.97733,0.93413,0.86925,0.7901,0.70615,0.62512,0.55143,0.48674,0.43101,0.3834,0.34282,0.30816,0.27843,0.2528,0.23056,0.21114,0.19407,0.17898,0.16553,0.15348,0.14261,0.13273,0.12371,0.11541,0.10773,0.10058,0.093872,0.087542,0.081531,0.075786,0.07026,0.06491,0.059699,0.054592,0.049557,0.044562,0.039579,0.034579,0.029536,0.02442,0.019203,0.013856,0.0083463,0.0026402,-0.0032996,-0.0095146,-0.016054,-0.022973,-0.030338,-0.038229,-0.046741,-0.055991,-0.066125,-0.077326,-0.089827,-0.10393,-0.12001,-0.1386,-0.16038,-0.18625,-0.21745,-0.25562,-0.30295,-0.36216,-0.43635,-0.52794,-0.63625,-0.7533,-0.86151,-0.94095,-0.98391,-0.99871,-0.99931,-0.99616,-0.99439,-0.99526,-0.99781,0
0,0.99178,0.97929,0.96702,0.95847,0.95588,0.96027,0.97116,0.98577,0.99793,0.99734,0.97189,0.9144,0.82928,0.73049,0.63246,0.54403,0.46835,0.40522,0.35306,0.30997,0.27423,0.24437,0.21925,0.19791,0.17966,0.1639,0.1502,0.13819,0.12759,0.11817,0.10973,0.10213,0.095226,0.088923,0.083129,0.077768,0.072775,0.068095,0.06368,0.059488,0.055481,0.051629,0.0479,0.044269,0.040712,0.037206,0.033732,0.030268,0.026796,0.023299,0.019758,0.016154,0.012468,0.0086824,0.0047746,0.00072248,-0.0034979,-0.0079139,-0.012558,-0.017467,-0.022686,-0.028266,-0.03427,-0.040777,-0.047882,-0.055707,-0.064404,-0.074174,-0.085276,-0.098054,-0.11297,-0.13065,-0.15195,-0.17807,-0.2107,-0.25216,-0.3057,-0.37546,-0.46604,-0.57996,-0.71175,-0.84066,-0.93673,-0.98575,-0.99959,-0.99819,-0.99472,-0.99426,-0.99685,0
0,0.98841,0.97465,0.96447,0.96179,0.96822,0.98217,0.99675,0.99716,0.96317,0.88342,0.76989,0.64851,0.53877,0.44777,0.37507,0.31759,0.27203,0.23562,0.20619,0.18213,0.16222,0.14557,0.1315,0.1195,0.10916,0.10018,0.092312,0.085374,0.079207,0.073687,0.068712,0.064197,0.060073,0.05628,0.052771,0.049501,0.046435,0.043542,0.040794,0.038166,0.035638,0.033191,0.030806,0.028469,0.026166,0.023882,0.021606,0.019325,0.017027,0.014703,0.012339,0.0099262,0.0074515,0.004903,0.0022678,-0.00046783,-0.0033185,-0.0063013,-0.0094365,-0.012748,-0.016262,-0.020012,-0.024037,-0.028384,-0.033115,-0.038303,-0.044045,-0.050463,-0.057719,-0.066026,-0.075671,-0.087045,-0.10069,-0.11737,-0.13816,-0.16467,-0.1992,-0.24518,-0.30758,-0.39302,-0.50837,-0.65398,-0.80918,-0.92961,-0.98758,-1,-0.99644,-0.99349,-0.99535,0
0,0.98381,0.97166,0.96919,0.97868,0.99471,0.99739,0.9518,0.83857,0.68758,0.54432,0.42935,0.34278,0.27846,0.23029,0.19364,0.16527,0.14291,0.12501,0.11045,0.098462,0.088457,0.080016,0.07282,0.066627,0.06125,0.056543,0.052389,0.048697,0.045391,0.04241,0.039705,0.037232,0.034958,0.032852,0.030889,0.029047,0.027308,0.025654,0.024072,0.022548,0.021071,0.019632,0.018219,0.016825,0.015442,0.014062,0.012679,0.011285,0.0098745,0.0084406,0.0069771,0.0054774,0.0039351,0.002343,0.00069396,-0.0010195,-0.0028055,-0.0046741,-0.0066372,-0.0087079,-0.010902,-0.013238,-0.015737,-0.018429,-0.021346,-0.024531,-0.028038,-0.031938,-0.036322,-0.04131,-0.047065,-0.053808,-0.061842,-0.071599,-0.083696,-0.099038,-0.11898,-0.14559,-0.18212,-0.23368,-0.30823,-0.41704,-0.57023,-0.75633,-0.91496,-0.98868,-0.99971,-0.99431,-0.99343,0
0,0.98031,0.97834,0.99144,0.99856,0.94021,0.77758,0.58055,0.42197,0.31182,0.23723,0.18586,0.14947,0.12294,0.10308,0.087857,0.075939,0.066437,0.058737,0.052407,0.047134,0.042691,0.038907,0.035653,0.032829,0.030357,0.028176,0.026238,0.024502,0.022937,0.021517,0.020218,0.019023,0.017915,0.016882,0.015912,0.014995,0.014123,0.013287,0.012481,0.011699,0.010935,0.010184,0.0094427,0.0087055,0.0079691,0.0072297,0.0064839,0.0057282,0.0049596,0.0041748,0.0033706,0.0025438,0.0016911,0.00080896,-0.00010603,-0.0010572,-0.0020488,-0.0030859,-0.0041745,-0.0053211,-0.0065336,-0.0078211,-0.0091947,-0.010668,-0.012258,-0.013986,-0.015879,-0.017972,-0.02031,-0.022954,-0.025982,-0.029504,-0.033669,-0.038688,-0.044859,-0.052623,-0.062634,-0.0759,-0.09402,-0.11961,-0.15711,-0.21428,-0.3046,-0.44885,-0.66023,-0.8797,-0.98726,-0.99898,-0.99295,0
0,0.99056,0.99972,0.92971,0.69349,0.44612,0.28712,0.19427,0.13854,0.10334,0.079997,0.063837,0.052235,0.043645,0.037113,0.032034,0.028005,0.024754,0.022091,0.019879,0.018019,0.016438,0.015081,0.013904,0.012876,0.011969,0.011164,0.010443,0.0097933,0.0092034,0.008664,0.0081675,0.0077072,0.0072776,0.0068737,0.0064915,0.0061273,0.0057779,0.0054403,0.005112,0.0047908,0.0044744,0.004161,0.0038489,0.0035364,0.0032219,0.002904,0.0025814,0.0022527,0.0019167,0.0015721,0.0012177,0.00085208,0.00047408,8.2321e-05,-0.00032429,-0.00074697,-0.0011875,-0.0016481,-0.0021308,-0.0026384,-0.0031739,-0.0037407,-0.0043433,-0.004987,-0.0056785,-0.0064261,-0.0072407,-0.0081359,-0.0091297,-0.010246,-0.011515,-0.012981,-0.0147,-0.016755,-0.01926,-0.022383,-0.026369,-0.031597,-0.03866,-0.048528,-0.062858,-0.084633,-0.11954,-0.17904,-0.2869,-0.48544,-0.77974,-0.97439,-0.99925,0
0,0.89127,0.54299,0.27279,0.14517,0.084996,0.054153,0.036992,0.026739,0.020229,0.015877,0.012837,0.010634,0.0089871,0.0077237,0.0067325,0.0059395,0.0052944,0.0047618,0.0043162,0.0039389,0.003616,0.0033368,0.0030932,0.0028789,0.0026887,0.0025186,0.0023654,0.0022263,0.002099,0.0019818,0.001873,0.0017714,0.0016757,0.0015849,0.0014982,0.0014147,0.0013338,0.0012549,0.0011774,0.0011008,0.0010247,0.00094849,0.00087194,0.00079463,0.00071623,0.0006364,0.00055485,0.00047127,0.00038538,0.00029692,0.00020558,0.0001111,1.3185e-05,-8.8368e-05,-0.00019372,-0.0003032,-0.00041724,-0.00053631,-0.00066089,-0.00079156,-0.00092897,-0.0010739,-0.0012274,-0.0013905,-0.0015649,-0.0017525,-0.0019557,-0.0021777,-0.0024227,-0.002696,-0.003005,-0.0033593,-0.0037723,-0.0042623,-0.0048551,-0.0055878,-0.006515,-0.0077189,-0.0093275,-0.011548,-0.014732,-0.019512,-0.027103,-0.040049,-0.064155,-0.11387,-0.227,-0.48711,-0.86443,0
0,0,0,0,0,0,0,0,0,0,0,0,0,0,0,0,0,0,0,0,0,0,0,0,0,0,0,0,0,0,0,0,0,0,0,0,0,0,0,0,0,0,0,0,0,0,0,0,0,0,0,0,0,0,0,0,0,0,0,0,0,0,0,0,0,0,0,0,0,0,0,0,0,0,0,0,0,0,0,0,0,0,0,0,0,0,0,0,0,0,0
