0,0,0,0,0,0,0,0,0,0,0,0,0,0,0,0,0,0,0,0,0,0,0,0,0,0,0,0,0,0,0,0,0,0,0,0,0,0,0,0,0,0,0,0,0,0,0,0,0,0,0,0,0,0,0,0,0,0,0,0,0,0,0,0,0,0,0,0,0,0,0,0,0,0,0,0,0,0,0,0,0,0,0,0,0,0,0,0,0,0,0
0,-0.7062,-0.43919,-0.2459,-0.090253,0.099169,0.62227,0.68948,0.36491,0.25282,0.19491,0.15859,0.13328,0.11448,0.099902,0.088233,0.078673,0.070693,0.06393,0.058123,0.053081,0.048659,0.044747,0.041255,0.038115,0.035268,0.032669,0.030277,0.028061,0.025992,0.024048,0.022208,0.020453,0.018769,0.017143,0.015562,0.014016,0.012494,0.010989,0.0094933,0.0079985,0.0064985,0.0049867,0.0034571,0.0019039,0.00032129,-0.0012962,-0.002954,-0.0046582,-0.0064149,-0.0082308,-0.010113,-0.012069,-0.014108,-0.016238,-0.018471,-0.020819,-0.023296,-0.025919,-0.028707,-0.031683,-0.034875,-0.038318,-0.042052,-0.046132,-0.050622,-0.055608,-0.061203,-0.067558,-0.074881,-0.083466,-0.093754,-0.10642,-0.1226,-0.14428,-0.17548,-0.22555,-0.32239,-0.5893,-0.87089,-0.28572,-0.11331,-0.030561,0.027428,0.080216,0.13852,0.21284,0.31794,0.47604,0.70804,0
0,-0.89693,-0.70512,-0.42319,0.10738,0.9999,0.73323,0.54539,0.43394,0.35862,0.30371,0.26174,0.2286,0.20178,0.17968,0.16116,0.14545,0.13196,0.12027,0.11005,0.10103,0.09302,0.08585,0.079387,0.073524,0.068168,0.063244,0.058687,0.054442,0.050462,0.046706,0.043138,0.039728,0.036447,0.033272,0.03018,0.027154,0.024174,0.021226,0.018294,0.015366,0.012428,0.0094693,0.0064783,0.0034442,0.00035625,-0.0027958,-0.0060224,-0.0093344,-0.012743,-0.016261,-0.019899,-0.023673,-0.027597,-0.031688,-0.035964,-0.040446,-0.045159,-0.050129,-0.05539,-0.06098,-0.066942,-0.073331,-0.080211,-0.087662,-0.095781,-0.10469,-0.11455,-0.12555,-0.13797,-0.15216,-0.16862,-0.18806,-0.21154,-0.24074,-0.27842,-0.32968,-0.40475,-0.52706,-0.75171,-0.99882,-0.56461,-0.20683,-0.015686,0.12034,0.24445,0.37756,0.5316,0.70688,0.87994,0
0,-0.96826,-0.90262,-0.69871,0.84848,0.727,0.63495,0.55607,0.48841,0.43077,0.38178,0.34012,0.30456,0.27407,0.24776,0.22494,0.20501,0.1875,0.17203,0.15828,0.14598,0.13493,0.12494,0.11585,0.10754,0.099904,0.092836,0.086261,0.080107,0.074313,0.068825,0.063595,0.058583,0.053749,0.049062,0.044491,0.04001,0.035595,0.031222,0.026872,0.022526,0.018165,0.013775,0.0093373,0.0048381,0.00026223,-0.004405,-0.0091783,-0.014073,-0.019104,-0.024288,-0.029642,-0.035185,-0.040937,-0.046919,-0.053156,-0.059675,-0.066506,-0.073685,-0.081251,-0.08925,-0.097736,-0.10677,-0.11643,-0.12681,-0.13801,-0.15016,-0.16343,-0.178,-0.19415,-0.21218,-0.23252,-0.25573,-0.28257,-0.31411,-0.35191,-0.39837,-0.45732,-0.53542,-0.64463,-0.8041,-0.98736,-0.77373,-0.22928,0.1172,0.34912,0.53749,0.70364,0.84489,0.94791,0
0,-0.99546,-0.99473,0.53086,0.70391,0.68363,0.63825,0.58703,0.53605,0.48789,0.44361,0.40355,0.36761,0.33551,0.30688,0.28133,0.25851,0.23806,0.21969,0.20313,0.18814,0.17452,0.16209,0.1507,0.1402,0.13049,0.12145,0.113,0.10505,0.097541,0.090401,0.083577,0.077018,0.070678,0.064518,0.058501,0.052594,0.046767,0.040991,0.035242,0.029496,0.02373,0.017923,0.012056,0.0061098,6.5018e-05,-0.0060963,-0.012392,-0.018842,-0.025464,-0.032278,-0.039305,-0.046566,-0.054085,-0.061888,-0.070003,-0.078459,-0.087292,-0.096539,-0.10624,-0.11646,-0.12723,-0.13864,-0.15075,-0.16365,-0.17744,-0.19225,-0.20822,-0.22552,-0.24435,-0.26498,-0.28769,-0.31288,-0.341,-0.37267,-0.40863,-0.44989,-0.49783,-0.55436,-0.62238,-0.70652,-0.81428,-0.94909,-0.92301,-0.072834,0.45541,0.69203,0.83191,0.92226,0.97641,0
0,-0.99546,0.010779,0.68234,0.72086,0.70087,0.66486,0.623,0.57953,0.53668,0.49571,0.45726,0.42165,0.38893,0.35902,0.33176,0.30694,0.28434,0.26374,0.24494,0.22773,0.21194,0.19741,0.18399,0.17154,0.15994,0.1491,0.13891,0.12928,0.12015,0.11144,0.10309,0.095039,0.087241,0.079649,0.072221,0.064918,0.057705,0.050549,0.043422,0.036295,0.029142,0.021938,0.01466,0.0072851,-0.00020771,-0.0078402,-0.015634,-0.023609,-0.031788,-0.040194,-0.048848,-0.057775,-0.067,-0.076552,-0.086459,-0.096754,-0.10747,-0.11865,-0.13034,-0.14257,-0.15542,-0.16893,-0.18319,-0.19825,-0.21422,-0.2312,-0.2493,-0.26866,-0.28942,-0.31176,-0.33588,-0.36199,-0.39035,-0.42123,-0.45495,-0.49182,-0.5322,-0.57645,-0.62494,-0.67816,-0.73696,-0.8036,-0.88625,-0.99977,0.59069,0.84412,0.92152,0.96468,0.98937,0
0,-0.76901,0.68278,0.76628,0.7593,0.73252,0.69782,0.65945,0.61968,0.57996,0.54124,0.50417,0.4691,0.43625,0.40566,0.3773,0.3511,0.32691,0.30459,0.284,0.26497,0.24735,0.23101,0.2158,0.2016,0.18831,0.17581,0.16401,0.15282,0.14216,0.13195,0.12214,0.11266,0.10345,0.094468,0.085664,0.076996,0.068425,0.059915,0.051432,0.042945,0.034424,0.025843,0.017174,0.0083921,-0.00052651,-0.0096058,-0.018869,-0.02834,-0.038041,-0.047997,-0.058232,-0.06877,-0.079639,-0.090867,-0.10248,-0.11452,-0.12701,-0.13998,-0.15349,-0.16758,-0.18229,-0.19768,-0.2138,-0.23072,-0.24851,-0.26725,-0.28703,-0.30793,-0.33006,-0.35351,-0.3784,-0.40484,-0.43292,-0.46273,-0.49433,-0.52772,-0.56285,-0.59951,-0.63738,-0.67582,-0.7138,-0.74943,-0.77843,-0.78391,-0.38065,0.98529,0.97919,0.98764,0.99566,0
0,0.74011,0.83582,0.82384,0.79798,0.7663,0.73132,0.69444,0.65673,0.619,0.58191,0.54595,0.51149,0.47874,0.44782,0.41879,0.39163,0.36627,0.34263,0.3206,0.30006,0.2809,0.26299,0.24622,0.23047,0.21564,0.20162,0.18833,0.17568,0.16357,0.15195,0.14075,0.12989,0.11932,0.10899,0.098848,0.088848,0.078948,0.069109,0.059294,0.049469,0.039603,0.029665,0.019626,0.0094599,-0.00086049,-0.01136,-0.022065,-0.032998,-0.044185,-0.055649,-0.067417,-0.079512,-0.091961,-0.10479,-0.11803,-0.13171,-0.14585,-0.16051,-0.1757,-0.19146,-0.20784,-0.22489,-0.24264,-0.26114,-0.28045,-0.30062,-0.32171,-0.34377,-0.36685,-0.39101,-0.41628,-0.44271,-0.47028,-0.49898,-0.52875,-0.55945,-0.59086,-0.62263,-0.65425,-0.68491,-0.71331,-0.73711,-0.75115,-0.73912,-0.60335,0.68725,0.99928,0.99856,0.99875,0
0,0.93152,0.89726,0.86478,0.83194,0.798,0.76294,0.72704,0.69072,0.65445,0.61863,0.58365,0.54979,0.51729,0.48628,0.45686,0.42904,0.40283,0.37816,0.35498,0.33321,0.31274,0.29348,0.27534,0.2582,0.24198,0.22658,0.21191,0.19789,0.18443,0.17147,0.15893,0.14675,0.13487,0.12324,0.11179,0.10049,0.089295,0.078154,0.067032,0.055894,0.044704,0.033432,0.022047,0.010519,-0.0011776,-0.013071,-0.025186,-0.037548,-0.050182,-0.063113,-0.076363,-0.089959,-0.10392,-0.11828,-0.13306,-0.14829,-0.16399,-0.18019,-0.19692,-0.21421,-0.23209,-0.2506,-0.26977,-0.28962,-0.31019,-0.33152,-0.35363,-0.37655,-0.4003,-0.42488,-0.45029,-0.47651,-0.5035,-0.53117,-0.55941,-0.58803,-0.61678,-0.64529,-0.67308,-0.69941,-0.72318,-0.74249,-0.75352,-0.74622,-0.6812,-0.25737,0.90213,0.99785,0.99995,0
0,0.9666,0.92943,0.89442,0.86029,0.82616,0.79167,0.7568,0.72172,0.68668,0.65198,0.6179,0.58468,0.55253,0.52159,0.49198,0.46374,0.43691,0.41146,0.38737,0.36457,0.343,0.32258,0.30323,0.28486,0.26739,0.25072,0.23478,0.21948,0.20475,0.19052,0.17671,0.16327,0.15013,0.13723,0.12452,0.11196,0.099491,0.087076,0.074673,0.062245,0.049757,0.037174,0.024466,0.011602,-0.0014447,-0.014703,-0.028198,-0.041954,-0.055996,-0.070348,-0.085032,-0.10007,-0.11549,-0.1313,-0.14754,-0.16422,-0.18137,-0.19901,-0.21715,-0.23582,-0.25505,-0.27485,-0.29524,-0.31624,-0.33787,-0.36014,-0.38304,-0.4066,-0.43079,-0.4556,-0.481,-0.50694,-0.53333,-0.56009,-0.58707,-0.61408,-0.64089,-0.66718,-0.69253,-0.71638,-0.73788,-0.75569,-0.76734,-0.76709,-0.73735,-0.59112,0.31852,0.97006,0.99937,0
0,0.97968,0.94867,0.9162,0.88348,0.85051,0.81721,0.7836,0.74979,0.71596,0.68234,0.64915,0.6166,0.58489,0.55415,0.52451,0.49604,0.46878,0.44275,0.41794,0.39431,0.37181,0.3504,0.32999,0.31052,0.29192,0.27409,0.25698,0.2405,0.22457,0.20914,0.19412,0.17947,0.16511,0.15099,0.13706,0.12327,0.10956,0.095901,0.082244,0.068553,0.05479,0.040921,0.026915,0.012742,-0.0016284,-0.016222,-0.031063,-0.046178,-0.061589,-0.077318,-0.093386,-0.10981,-0.12662,-0.14382,-0.16144,-0.17949,-0.19799,-0.21694,-0.23638,-0.25631,-0.27674,-0.29767,-0.31913,-0.34111,-0.36361,-0.38663,-0.41016,-0.43418,-0.45867,-0.48358,-0.50888,-0.53448,-0.56032,-0.58628,-0.61222,-0.63798,-0.66335,-0.68808,-0.71184,-0.73421,-0.75461,-0.77216,-0.78536,-0.79113,-0.78145,-0.72682,-0.42714,0.80466,0.99517,0
0,0.98619,0.96115,0.93245,0.90227,0.87124,0.8396,0.80749,0.77506,0.74249,0.70998,0.67771,0.6459,0.61471,0.58428,0.55475,0.52619,0.49867,0.47222,0.44685,0.42255,0.39928,0.37701,0.35569,0.33524,0.31562,0.29674,0.27855,0.26096,0.24392,0.22735,0.21119,0.19537,0.17985,0.16455,0.14944,0.13444,0.11953,0.10466,0.089774,0.074845,0.059833,0.044705,0.029427,0.01397,-0.0016946,-0.017593,-0.033749,-0.050186,-0.066925,-0.083987,-0.10139,-0.11915,-0.13728,-0.1558,-0.17472,-0.19405,-0.21381,-0.23399,-0.25461,-0.27567,-0.29717,-0.31911,-0.34149,-0.3643,-0.38753,-0.41116,-0.43517,-0.45953,-0.4842,-0.50913,-0.53426,-0.55953,-0.58485,-0.61011,-0.6352,-0.65997,-0.68425,-0.70785,-0.73052,-0.75198,-0.77184,-0.78957,-0.80434,-0.81458,-0.81678,-0.80055,-0.71698,-0.031784,0.97594,0
0,0.98997,0.96968,0.94478,0.91749,0.88877,0.85906,0.82864,0.79771,0.76647,0.73512,0.70384,0.67282,0.64224,0.61222,0.58291,0.55439,0.52675,0.50003,0.47424,0.44941,0.42551,0.40252,0.38039,0.35909,0.33855,0.31872,0.29953,0.28092,0.26282,0.24518,0.22793,0.21102,0.19437,0.17794,0.16167,0.14552,0.12944,0.11337,0.097293,0.081154,0.06492,0.048557,0.032033,0.01532,-0.0016094,-0.018781,-0.036218,-0.053941,-0.071968,-0.090318,-0.10901,-0.12804,-0.14744,-0.16721,-0.18736,-0.2079,-0.22882,-0.25013,-0.27183,-0.29392,-0.31638,-0.33921,-0.36239,-0.38591,-0.40974,-0.43387,-0.45824,-0.48284,-0.50761,-0.5325,-0.55745,-0.58239,-0.60723,-0.63189,-0.65626,-0.68023,-0.70365,-0.7264,-0.74829,-0.76914,-0.78871,-0.80672,-0.82272,-0.83603,-0.84526,-0.84701,-0.82933,-0.70947,0.79785,0
0,0.99238,0.97577,0.95427,0.92985,0.90354,0.87589,0.84727,0.81793,0.78809,0.75796,0.72774,0.69759,0.66768,0.63817,0.60919,0.58083,0.55318,0.5263,0.50023,0.47499,0.45058,0.42698,0.40417,0.38211,0.36075,0.34005,0.31996,0.3004,0.28133,0.26268,0.24439,0.22642,0.2087,0.19118,0.1738,0.15653,0.1393,0.12208,0.10483,0.087509,0.070079,0.052509,0.034768,0.016827,-0.0013391,-0.019754,-0.038438,-0.057409,-0.076685,-0.096279,-0.1162,-0.13647,-0.15707,-0.17803,-0.19934,-0.22101,-0.24302,-0.26537,-0.28806,-0.31107,-0.33439,-0.358,-0.38188,-0.40601,-0.43035,-0.45487,-0.47953,-0.50429,-0.52911,-0.55392,-0.57866,-0.60328,-0.62769,-0.65182,-0.67558,-0.69888,-0.72161,-0.74368,-0.76497,-0.78537,-0.80474,-0.82294,-0.83979,-0.85505,-0.86831,-0.87874,-0.88403,-0.87401,-0.67347,0
0,0.99401,0.98026,0.96168,0.93993,0.91598,0.89042,0.86364,0.83594,0.80756,0.77871,0.74958,0.72036,0.69122,0.6623,0.63373,0.60563,0.57808,0.55117,0.52493,0.49939,0.47458,0.45048,0.42708,0.40436,0.38228,0.3608,0.33987,0.31944,0.29945,0.27986,0.2606,0.24162,0.22287,0.2043,0.18585,0.16749,0.14915,0.13081,0.11242,0.093943,0.075345,0.056595,0.037663,0.018522,-0.0008505,-0.020476,-0.040374,-0.060559,-0.081044,-0.10184,-0.12295,-0.14439,-0.16615,-0.18824,-0.21064,-0.23336,-0.25639,-0.2797,-0.3033,-0.32715,-0.35124,-0.37555,-0.40003,-0.42468,-0.44944,-0.47428,-0.49916,-0.52403,-0.54885,-0.57355,-0.59809,-0.6224,-0.64641,-0.67007,-0.6933,-0.71603,-0.73818,-0.75969,-0.78048,-0.80049,-0.81965,-0.83792,-0.85525,-0.87162,-0.88703,-0.90153,-0.91522,-0.92819,-0.93829,0
0,0.99518,0.98365,0.96754,0.94821,0.92649,0.90295,0.87801,0.85196,0.82506,0.79753,0.76955,0.74132,0.713,0.68474,0.65667,0.62892,0.60157,0.57472,0.5484,0.52268,0.49756,0.47307,0.44918,0.4259,0.40318,0.381,0.35931,0.33807,0.31724,0.29675,0.27657,0.25664,0.23691,0.21733,0.19785,0.17843,0.15903,0.13959,0.12009,0.10049,0.080749,0.060846,0.04075,0.020439,-0.000111,-0.020917,-0.041995,-0.063358,-0.085014,-0.10697,-0.12923,-0.15179,-0.17465,-0.19781,-0.22125,-0.24496,-0.26893,-0.29314,-0.31756,-0.34218,-0.36696,-0.39188,-0.4169,-0.44199,-0.46711,-0.49221,-0.51725,-0.54219,-0.56697,-0.59156,-0.61589,-0.6399,-0.66356,-0.68679,-0.70954,-0.73177,-0.75342,-0.77443,-0.79478,-0.81442,-0.83335,-0.85154,-0.86904,-0.88591,-0.90229,-0.91846,-0.9349,-0.95265,-0.97374,0
0,0.99604,0.98627,0.97225,0.95505,0.93538,0.91378,0.89062,0.86621,0.84079,0.81459,0.78779,0.76059,0.73315,0.70561,0.67813,0.6508,0.62374,0.59704,0.57075,0.54493,0.51961,0.49481,0.47052,0.44676,0.42348,0.40068,0.37831,0.35633,0.33471,0.3134,0.29235,0.27152,0.25085,0.23031,0.20984,0.1894,0.16895,0.14845,0.12787,0.10717,0.086322,0.065294,0.044063,0.022609,0.00091095,-0.021045,-0.043272,-0.065777,-0.088567,-0.11164,-0.135,-0.15864,-0.18256,-0.20673,-0.23115,-0.25579,-0.28064,-0.30568,-0.33087,-0.35618,-0.38159,-0.40706,-0.43255,-0.45802,-0.48343,-0.50875,-0.53391,-0.55888,-0.58362,-0.60807,-0.63219,-0.65593,-0.67925,-0.70209,-0.72442,-0.7462,-0.76739,-0.78796,-0.80789,-0.82716,-0.84579,-0.86379,-0.88122,-0.89817,-0.91479,-0.93134,-0.94821,-0.96596,-0.98493,0
0,0.99669,0.98834,0.97607,0.96074,0.94295,0.92315,0.9017,0.87887,0.85492,0.83005,0.80446,0.77832,0.7518,0.72505,0.6982,0.67138,0.64468,0.61821,0.59204,0.56621,0.54077,0.51574,0.49115,0.46698,0.44323,0.41988,0.39689,0.37425,0.35191,0.32983,0.30796,0.28628,0.26472,0.24325,0.22183,0.20041,0.17895,0.15743,0.1358,0.11403,0.092096,0.069971,0.047633,0.025063,0.0022459,-0.02083,-0.044174,-0.06779,-0.091678,-0.11584,-0.14026,-0.16494,-0.18985,-0.21499,-0.24034,-0.26586,-0.29154,-0.31735,-0.34324,-0.3692,-0.39517,-0.42113,-0.44703,-0.47284,-0.49851,-0.52399,-0.54924,-0.57423,-0.5989,-0.62322,-0.64713,-0.67061,-0.69361,-0.71609,-0.73803,-0.7594,-0.78016,-0.80031,-0.81983,-0.83873,-0.85702,-0.87473,-0.89191,-0.90865,-0.92508,-0.94134,-0.95765,-0.97408,-0.98998,0
0,0.9972,0.98999,0.97921,0.96552,0.94941,0.93128,0.91144,0.89014,0.86762,0.84407,0.81969,0.79463,0.76907,0.74314,0.71699,0.69073,0.66447,0.63831,0.61232,0.58657,0.56109,0.53593,0.5111,0.48661,0.46246,0.43863,0.41511,0.39186,0.36885,0.34606,0.32343,0.30094,0.27854,0.2562,0.23386,0.2115,0.18907,0.16655,0.1439,0.12109,0.098102,0.074907,0.051489,0.027832,0.003923,-0.020245,-0.044675,-0.06937,-0.094324,-0.11953,-0.14498,-0.17065,-0.19653,-0.2226,-0.24882,-0.27518,-0.30163,-0.32815,-0.3547,-0.38125,-0.40774,-0.43414,-0.46042,-0.48652,-0.5124,-0.53802,-0.56334,-0.58832,-0.61292,-0.63709,-0.66081,-0.68404,-0.70674,-0.72889,-0.75046,-0.77144,-0.79181,-0.81155,-0.83068,-0.84918,-0.86709,-0.88444,-0.90125,-0.91761,-0.93358,-0.94923,-0.96459,-0.97945,-0.99274,0
0,0.99761,0.99133,0.98181,0.96956,0.95496,0.93836,0.92002,0.90018,0.87904,0.85679,0.83361,0.80965,0.78506,0.76,0.73458,0.70894,0.68318,0.6574,0.63167,0.60606,0.58062,0.5554,0.53042,0.50568,0.4812,0.45697,0.43297,0.40918,0.38557,0.36212,0.33879,0.31555,0.29235,0.26917,0.24596,0.22269,0.19933,0.17584,0.1522,0.12839,0.10437,0.080134,0.055662,0.030943,0.0059704,-0.019261,-0.044751,-0.070494,-0.096483,-0.1227,-0.14914,-0.17578,-0.20258,-0.22953,-0.25659,-0.28374,-0.31093,-0.33812,-0.36528,-0.39237,-0.41934,-0.44615,-0.47275,-0.49911,-0.52518,-0.55092,-0.57629,-0.60125,-0.62577,-0.6498,-0.67333,-0.69632,-0.71874,-0.74057,-0.7618,-0.78242,-0.8024,-0.82176,-0.84049,-0.85859,-0.8761,-0.89303,-0.9094,-0.92527,-0.94065,-0.95554,-0.96984,-0.98319,-0.99442,0
0,0.99793,0.99244,0.98399,0.97299,0.95975,0.94455,0.92761,0.90915,0.88933,0.86834,0.84634,0.82347,0.79988,0.7757,0.75106,0.72609,0.70088,0.67553,0.65013,0.62473,0.59941,0.5742,0.54913,0.52423,0.49949,0.47492,0.45051,0.42624,0.4021,0.37805,0.35407,0.33012,0.30617,0.2822,0.25816,0.23402,0.20976,0.18534,0.16074,0.13595,0.11093,0.085679,0.06018,0.034427,0.0084146,-0.017855,-0.044377,-0.071142,-0.098137,-0.12534,-0.15274,-0.1803,-0.208,-0.2358,-0.26366,-0.29156,-0.31945,-0.34728,-0.37501,-0.40261,-0.43002,-0.4572,-0.48411,-0.5107,-0.53693,-0.56277,-0.58818,-0.61311,-0.63754,-0.66144,-0.68478,-0.70754,-0.7297,-0.75123,-0.77214,-0.79241,-0.81203,-0.831,-0.84934,-0.86704,-0.88413,-0.90061,-0.91651,-0.93182,-0.94655,-0.96063,-0.9739,-0.9859,-0.99554,0
0,0.9982,0.99336,0.98583,0.97593,0.9639,0.94997,0.93434,0.91716,0.89861,0.87884,0.85799,0.8362,0.81361,0.79033,0.76651,0.74223,0.71762,0.69277,0.66775,0.64264,0.6175,0.59237,0.56728,0.54227,0.51735,0.49251,0.46776,0.44308,0.41845,0.39386,0.36928,0.34468,0.32003,0.29531,0.27048,0.24551,0.22038,0.19507,0.16955,0.1438,0.11781,0.091573,0.065072,0.038307,0.011281,-0.016002,-0.043533,-0.071295,-0.099271,-0.12744,-0.15577,-0.18423,-0.21279,-0.2414,-0.27004,-0.29866,-0.32721,-0.35564,-0.38392,-0.41199,-0.43982,-0.46734,-0.49453,-0.52134,-0.54772,-0.57364,-0.59907,-0.62398,-0.64832,-0.67209,-0.69525,-0.7178,-0.7397,-0.76095,-0.78155,-0.80148,-0.82075,-0.83936,-0.85731,-0.87462,-0.89127,-0.9073,-0.92269,-0.93744,-0.95151,-0.9648,-0.9771,-0.98794,-0.99632,0
0,0.99842,0.99413,0.9874,0.97846,0.96752,0.95475,0.94031,0.92435,0.907,0.88839,0.86867,0.84794,0.82634,0.80399,0.78098,0.75745,0.73348,0.70916,0.68458,0.65981,0.63491,0.60993,0.5849,0.55985,0.5348,0.50976,0.48473,0.4597,0.43466,0.40958,0.38446,0.35925,0.33395,0.30853,0.28295,0.25719,0.23124,0.20506,0.17865,0.15198,0.12505,0.097842,0.070363,0.042612,0.014593,-0.013682,-0.042198,-0.070935,-0.099869,-0.12897,-0.15821,-0.18755,-0.21694,-0.24635,-0.27574,-0.30505,-0.33423,-0.36325,-0.39205,-0.42057,-0.44879,-0.47664,-0.50409,-0.53109,-0.55761,-0.58361,-0.60906,-0.63393,-0.65819,-0.68183,-0.70482,-0.72716,-0.74882,-0.76981,-0.79011,-0.80973,-0.82866,-0.84691,-0.86449,-0.88139,-0.89763,-0.91319,-0.92808,-0.94227,-0.95569,-0.96823,-0.97965,-0.9895,-0.99688,0
0,0.9986,0.99478,0.98875,0.98066,0.97069,0.95898,0.94564,0.9308,0.91458,0.8971,0.87846,0.85878,0.83816,0.81672,0.79457,0.77179,0.74849,0.72476,0.70067,0.67629,0.65169,0.62691,0.602,0.57698,0.55188,0.5267,0.50146,0.47613,0.45073,0.42523,0.39962,0.37387,0.34796,0.32188,0.2956,0.26909,0.24234,0.21534,0.18806,0.1605,0.13266,0.10451,0.076081,0.047364,0.018374,-0.010872,-0.040355,-0.070048,-0.099921,-0.12994,-0.16007,-0.19026,-0.22047,-0.25066,-0.28077,-0.31075,-0.34055,-0.37013,-0.39942,-0.42838,-0.45697,-0.48513,-0.51283,-0.54002,-0.56666,-0.59273,-0.6182,-0.64304,-0.66722,-0.69074,-0.71357,-0.73571,-0.75714,-0.77787,-0.7979,-0.81721,-0.83582,-0.85373,-0.87094,-0.88745,-0.90327,-0.91839,-0.93279,-0.94643,-0.95924,-0.97109,-0.98173,-0.99073,-0.99731,0
0,0.99876,0.99535,0.98991,0.98258,0.97348,0.96272,0.9504,0.93662,0.92147,0.90505,0.88746,0.86879,0.84914,0.82862,0.80731,0.78532,0.76272,0.7396,0.71604,0.69211,0.66786,0.64335,0.61862,0.59369,0.5686,0.54335,0.51795,0.4924,0.4667,0.44083,0.41478,0.38854,0.36208,0.33539,0.30845,0.28123,0.25373,0.22594,0.19783,0.16941,0.14067,0.11161,0.082248,0.052587,0.022645,-0.0075549,-0.037987,-0.06862,-0.099417,-0.13034,-0.16134,-0.19237,-0.22339,-0.25433,-0.28515,-0.31579,-0.34619,-0.37631,-0.40609,-0.43547,-0.46442,-0.49288,-0.52081,-0.54818,-0.57495,-0.60109,-0.62657,-0.65138,-0.67549,-0.69888,-0.72156,-0.74352,-0.76474,-0.78522,-0.80498,-0.824,-0.8423,-0.85988,-0.87673,-0.89287,-0.90829,-0.92298,-0.93691,-0.95003,-0.96227,-0.97348,-0.98343,-0.99171,-0.99764,0
0,0.99889,0.99583,0.99092,0.98427,0.97595,0.96606,0.95467,0.94187,0.92772,0.91232,0.89573,0.87805,0.85936,0.83974,0.81929,0.79808,0.77621,0.75374,0.73075,0.70731,0.68347,0.65928,0.63478,0.61,0.58498,0.55972,0.53423,0.50851,0.48257,0.4564,0.42997,0.40329,0.37633,0.34908,0.32152,0.29364,0.26543,0.23687,0.20797,0.17871,0.14911,0.11917,0.088891,0.058304,0.027428,-0.003711,-0.035079,-0.066638,-0.098347,-0.13016,-0.16202,-0.19388,-0.22569,-0.25738,-0.2889,-0.32018,-0.35118,-0.38183,-0.41208,-0.44188,-0.47117,-0.49992,-0.52809,-0.55563,-0.58252,-0.60873,-0.63423,-0.65901,-0.68305,-0.70634,-0.72887,-0.75065,-0.77166,-0.79192,-0.81142,-0.83016,-0.84817,-0.86543,-0.88195,-0.89773,-0.91276,-0.92703,-0.94051,-0.95315,-0.96486,-0.97549,-0.98483,-0.9925,-0.99789,0
0,0.99901,0.99625,0.99181,0.98575,0.97814,0.96905,0.95852,0.94662,0.93342,0.91897,0.90335,0.88662,0.86886,0.85014,0.83054,0.81014,0.78901,0.76721,0.74483,0.72192,0.69852,0.67471,0.6505,0.62593,0.60104,0.57582,0.55031,0.52449,0.49837,0.47195,0.4452,0.41813,0.39073,0.36296,0.33484,0.30634,0.27745,0.24818,0.21851,0.18845,0.15801,0.1272,0.096033,0.064538,0.032741,0.00067652,-0.031616,-0.064093,-0.096704,-0.1294,-0.16212,-0.1948,-0.22739,-0.25982,-0.29203,-0.32396,-0.35554,-0.38672,-0.41744,-0.44764,-0.47729,-0.50633,-0.53472,-0.56244,-0.58945,-0.61572,-0.64124,-0.666,-0.68997,-0.71316,-0.73556,-0.75717,-0.77799,-0.79802,-0.81728,-0.83576,-0.85348,-0.87044,-0.88664,-0.90207,-0.91674,-0.93062,-0.94368,-0.95586,-0.96709,-0.97721,-0.98601,-0.99315,-0.9981,0
0,0.99911,0.99662,0.99259,0.98707,0.9801,0.97172,0.96199,0.95094,0.93862,0.92508,0.91038,0.89457,0.87771,0.85988,0.84113,0.82153,0.80115,0.78006,0.75831,0.73596,0.71306,0.68966,0.6658,0.6415,0.61679,0.59169,0.5662,0.54034,0.51411,0.48749,0.46049,0.43309,0.40529,0.37707,0.34843,0.31935,0.28983,0.25987,0.22947,0.19864,0.16739,0.13573,0.1037,0.071308,0.038604,0.0056245,-0.027585,-0.060972,-0.094483,-0.12806,-0.16163,-0.19513,-0.22851,-0.26168,-0.29458,-0.32714,-0.35931,-0.39101,-0.4222,-0.45281,-0.4828,-0.51213,-0.54076,-0.56865,-0.59578,-0.62212,-0.64767,-0.67241,-0.69632,-0.71942,-0.74169,-0.76314,-0.78377,-0.8036,-0.82263,-0.84086,-0.85831,-0.87497,-0.89086,-0.90597,-0.92029,-0.9338,-0.94647,-0.95824,-0.96901,-0.97867,-0.987,-0.99369,-0.99827,0
0,0.9992,0.99695,0.99328,0.98824,0.98185,0.97414,0.96513,0.95487,0.94338,0.9307,0.91687,0.90195,0.88597,0.869,0.85109,0.8323,0.81269,0.79231,0.77121,0.74946,0.7271,0.70416,0.68069,0.65671,0.63225,0.60731,0.58193,0.55609,0.5298,0.50305,0.47585,0.44818,0.42004,0.39141,0.3623,0.33269,0.30258,0.27198,0.24088,0.20931,0.17727,0.14479,0.1119,0.078637,0.045037,0.01115,-0.022972,-0.057268,-0.091676,-0.12613,-0.16056,-0.19489,-0.22905,-0.26296,-0.29656,-0.32976,-0.36252,-0.39475,-0.4264,-0.45743,-0.48777,-0.51739,-0.54624,-0.57431,-0.60157,-0.62799,-0.65357,-0.67829,-0.70215,-0.72516,-0.74731,-0.76861,-0.78907,-0.8087,-0.82751,-0.8455,-0.86269,-0.87908,-0.89468,-0.90948,-0.92347,-0.93663,-0.94893,-0.96031,-0.97069,-0.97993,-0.98784,-0.99414,-0.9984,0
0,0.99928,0.99723,0.9939,0.98929,0.98342,0.97631,0.96799,0.95845,0.94774,0.93587,0.92288,0.90881,0.89368,0.87756,0.86048,0.84249,0.82364,0.80399,0.78358,0.76246,0.74066,0.71823,0.6952,0.67159,0.64742,0.62272,0.59748,0.57172,0.54544,0.51863,0.49129,0.46341,0.43499,0.40601,0.37648,0.34638,0.31573,0.28452,0.25276,0.22048,0.18768,0.1544,0.12068,0.086546,0.052058,0.017268,-0.017763,-0.052969,-0.088279,-0.12362,-0.15891,-0.19407,-0.22902,-0.26369,-0.29799,-0.33185,-0.36519,-0.39796,-0.43009,-0.46153,-0.49223,-0.52214,-0.55124,-0.57949,-0.60687,-0.63338,-0.65899,-0.6837,-0.70752,-0.73045,-0.75248,-0.77365,-0.79394,-0.81338,-0.83197,-0.84974,-0.86668,-0.88281,-0.89813,-0.91264,-0.92632,-0.93916,-0.95112,-0.96214,-0.97215,-0.98101,-0.98856,-0.99452,-0.99852,0
0,0.99934,0.99749,0.99445,0.99023,0.98484,0.97829,0.97058,0.96173,0.95174,0.94064,0.92845,0.91519,0.90089,0.88559,0.86932,0.85213,0.83406,0.81515,0.79544,0.77496,0.75377,0.73188,0.70933,0.68614,0.66233,0.6379,0.61288,0.58727,0.56105,0.53424,0.50682,0.47879,0.45014,0.42087,0.39097,0.36045,0.32929,0.29752,0.26514,0.23217,0.19864,0.16459,0.13004,0.095057,0.059688,0.023997,-0.011945,-0.048066,-0.084284,-0.12052,-0.15668,-0.19269,-0.22845,-0.26388,-0.29889,-0.33341,-0.36737,-0.40068,-0.4333,-0.46516,-0.49622,-0.52644,-0.55578,-0.58422,-0.61174,-0.63833,-0.66398,-0.6887,-0.71248,-0.73533,-0.75726,-0.77829,-0.79842,-0.81768,-0.83608,-0.85362,-0.87033,-0.88621,-0.90127,-0.9155,-0.92889,-0.94142,-0.95307,-0.96376,-0.97343,-0.98196,-0.98918,-0.99484,-0.99861,0
0,0.99941,0.99772,0.99494,0.99108,0.98612,0.98008,0.97295,0.96473,0.95543,0.94505,0.93362,0.92114,0.90763,0.89313,0.87767,0.86127,0.84397,0.8258,0.8068,0.787,0.76643,0.74512,0.7231,0.70037,0.67696,0.65288,0.62813,0.60272,0.57663,0.54988,0.52245,0.49433,0.46552,0.43601,0.40581,0.3749,0.34329,0.311,0.27803,0.24442,0.21018,0.17537,0.14002,0.10419,0.067945,0.031354,-0.0055041,-0.042547,-0.079686,-0.11683,-0.15388,-0.19075,-0.22733,-0.26355,-0.2993,-0.3345,-0.36907,-0.40295,-0.43607,-0.46836,-0.4998,-0.53033,-0.55992,-0.58856,-0.61622,-0.64291,-0.6686,-0.69332,-0.71707,-0.73985,-0.76168,-0.78258,-0.80257,-0.82165,-0.83985,-0.85719,-0.87368,-0.88932,-0.90412,-0.91809,-0.93121,-0.94346,-0.95481,-0.9652,-0.97457,-0.98279,-0.98971,-0.99512,-0.99869,0
0,0.99946,0.99792,0.99539,0.99184,0.98729,0.98172,0.97512,0.96749,0.95883,0.94913,0.93842,0.92668,0.91394,0.90022,0.88554,0.86992,0.85339,0.83597,0.81769,0.79859,0.77867,0.75797,0.73651,0.71429,0.69134,0.66765,0.64323,0.61807,0.59219,0.56555,0.53817,0.51003,0.48112,0.45144,0.42099,0.38975,0.35774,0.32497,0.29146,0.25724,0.22232,0.18677,0.15063,0.11397,0.076852,0.039359,0.0015765,-0.036401,-0.074476,-0.11255,-0.15051,-0.18826,-0.22569,-0.26271,-0.29922,-0.33512,-0.37034,-0.4048,-0.43843,-0.47118,-0.503,-0.53385,-0.56371,-0.59255,-0.62036,-0.64715,-0.6729,-0.69762,-0.72134,-0.74406,-0.7658,-0.78658,-0.80641,-0.82533,-0.84335,-0.86049,-0.87676,-0.89217,-0.90674,-0.92046,-0.93332,-0.9453,-0.95637,-0.96649,-0.97558,-0.98352,-0.99018,-0.99536,-0.99876,0
0,0.99951,0.99811,0.99579,0.99254,0.98835,0.98321,0.97711,0.97003,0.96196,0.95292,0.94288,0.93186,0.91986,0.90689,0.89298,0.87812,0.86235,0.84568,0.82814,0.80974,0.7905,0.77044,0.74958,0.72791,0.70546,0.68221,0.65818,0.63334,0.60771,0.58127,0.554,0.5259,0.49696,0.46717,0.43652,0.40502,0.37266,0.33947,0.30545,0.27065,0.23509,0.19882,0.16191,0.12442,0.086432,0.04803,0.0093139,-0.029614,-0.068646,-0.10767,-0.14657,-0.18523,-0.22354,-0.26139,-0.29868,-0.33531,-0.37119,-0.40625,-0.44042,-0.47364,-0.50586,-0.53705,-0.56718,-0.59623,-0.62421,-0.65109,-0.6769,-0.70165,-0.72534,-0.748,-0.76965,-0.79031,-0.81001,-0.82876,-0.8466,-0.86355,-0.87961,-0.89481,-0.90914,-0.92262,-0.93524,-0.94697,-0.95779,-0.96765,-0.97647,-0.98417,-0.9906,-0.99557,-0.99882,0
0,0.99955,0.99827,0.99615,0.99317,0.98932,0.98458,0.97893,0.97236,0.96486,0.95642,0.94703,0.93669,0.9254,0.91317,0.9,0.8859,0.87088,0.85496,0.83816,0.82048,0.80194,0.78254,0.76231,0.74123,0.71932,0.69657,0.67297,0.64852,0.62321,0.59701,0.56993,0.54194,0.51303,0.48319,0.45242,0.42071,0.38806,0.35449,0.32002,0.28467,0.2485,0.21154,0.17388,0.13557,0.096707,0.057392,0.017727,-0.022171,-0.062183,-0.10218,-0.14205,-0.18166,-0.22088,-0.25959,-0.2977,-0.33509,-0.37166,-0.40735,-0.44208,-0.47578,-0.50842,-0.53996,-0.57038,-0.59966,-0.6278,-0.6548,-0.68067,-0.70543,-0.7291,-0.75171,-0.77327,-0.79382,-0.81338,-0.83198,-0.84965,-0.8664,-0.88226,-0.89725,-0.91137,-0.92462,-0.937,-0.9485,-0.95907,-0.96869,-0.97728,-0.98475,-0.99097,-0.99575,-0.99887,0
0,0.99959,0.99843,0.99648,0.99375,0.9902,0.98583,0.98061,0.97452,0.96755,0.95968,0.95091,0.94122,0.93061,0.91908,0.90663,0.89327,0.879,0.86382,0.84776,0.83081,0.81298,0.79428,0.7747,0.75425,0.73293,0.71072,0.68761,0.6636,0.63867,0.61279,0.58596,0.55814,0.52934,0.49952,0.46869,0.43683,0.40395,0.37006,0.33518,0.29934,0.26258,0.22497,0.18656,0.14744,0.10771,0.067467,0.026839,-0.014052,-0.055074,-0.096088,-0.13696,-0.17755,-0.21772,-0.25734,-0.2963,-0.33448,-0.37178,-0.40813,-0.44344,-0.47765,-0.51073,-0.54264,-0.57335,-0.60287,-0.63118,-0.6583,-0.68424,-0.70902,-0.73267,-0.75522,-0.7767,-0.79714,-0.81656,-0.83501,-0.85251,-0.86908,-0.88475,-0.89953,-0.91343,-0.92647,-0.93863,-0.9499,-0.96025,-0.96964,-0.97801,-0.98527,-0.99129,-0.99592,-0.99892,0
0,0.99963,0.99856,0.99679,0.99428,0.99102,0.98698,0.98216,0.97651,0.97004,0.96271,0.95452,0.94545,0.93549,0.92464,0.9129,0.90026,0.88672,0.87229,0.85696,0.84075,0.82365,0.80565,0.78676,0.76697,0.74627,0.72465,0.70209,0.67858,0.65408,0.62859,0.60207,0.57451,0.54588,0.51615,0.48533,0.4534,0.42035,0.3862,0.35096,0.31467,0.27737,0.23911,0.19998,0.16006,0.11946,0.078285,0.036674,-0.0052376,-0.047302,-0.089368,-0.13128,-0.1729,-0.21406,-0.25464,-0.29449,-0.3335,-0.37157,-0.40861,-0.44453,-0.47928,-0.51282,-0.54511,-0.57614,-0.6059,-0.63439,-0.66163,-0.68764,-0.71245,-0.73609,-0.75859,-0.77998,-0.8003,-0.8196,-0.83789,-0.85522,-0.87161,-0.88708,-0.90167,-0.91537,-0.92819,-0.94014,-0.95119,-0.96133,-0.97052,-0.97868,-0.98574,-0.99159,-0.99606,-0.99896,0
0,0.99966,0.99869,0.99706,0.99476,0.99176,0.98804,0.98358,0.97836,0.97234,0.96553,0.95788,0.9494,0.94007,0.92988,0.91882,0.90688,0.89407,0.88037,0.86578,0.85031,0.83394,0.81667,0.79849,0.77939,0.75936,0.73837,0.7164,0.69344,0.66944,0.6444,0.61827,0.59102,0.56264,0.53309,0.50235,0.47041,0.43726,0.40291,0.36737,0.33068,0.29287,0.25401,0.21418,0.17347,0.13199,0.089877,0.04726,0.0042989,-0.038846,-0.082007,-0.12502,-0.16771,-0.20992,-0.25149,-0.29229,-0.33219,-0.37106,-0.40882,-0.44539,-0.48071,-0.51473,-0.54742,-0.57877,-0.60879,-0.63747,-0.66484,-0.69093,-0.71576,-0.73938,-0.76182,-0.78313,-0.80335,-0.8225,-0.84065,-0.85781,-0.87402,-0.8893,-0.90369,-0.91719,-0.92981,-0.94155,-0.9524,-0.96234,-0.97132,-0.97929,-0.98617,-0.99186,-0.9962,-0.99899,0
0,0.99969,0.9988,0.99731,0.9952,0.99244,0.98902,0.9849,0.98006,0.97448,0.96815,0.96103,0.95311,0.94438,0.93481,0.92441,0.91316,0.90105,0.88807,0.87422,0.85949,0.84387,0.82734,0.80989,0.79151,0.77217,0.75185,0.73053,0.70817,0.68474,0.66021,0.63453,0.60768,0.57962,0.55031,0.51973,0.48786,0.45469,0.42021,0.38443,0.34739,0.30913,0.2697,0.22919,0.1877,0.14535,0.10228,0.058632,0.014587,-0.029682,-0.073988,-0.11815,-0.16197,-0.20529,-0.24792,-0.28972,-0.33055,-0.37028,-0.40881,-0.44606,-0.48197,-0.51649,-0.54961,-0.5813,-0.61158,-0.64046,-0.66796,-0.69412,-0.71898,-0.74258,-0.76497,-0.78619,-0.80629,-0.82531,-0.8433,-0.86029,-0.87633,-0.89142,-0.90562,-0.91892,-0.93134,-0.94288,-0.95353,-0.96327,-0.97207,-0.97986,-0.98657,-0.9921,-0.99632,-0.99903,0
0,0.99972,0.99891,0.99754,0.99561,0.99307,0.98991,0.98611,0.98164,0.97647,0.97059,0.96396,0.95657,0.94841,0.93946,0.92969,0.91911,0.90769,0.89542,0.8823,0.86831,0.85343,0.83765,0.82096,0.80331,0.78471,0.7651,0.74446,0.72276,0.69995,0.67599,0.65085,0.62446,0.5968,0.56782,0.53748,0.50576,0.47264,0.4381,0.40216,0.36483,0.32616,0.2862,0.24505,0.20279,0.15957,0.11553,0.070828,0.025661,-0.019779,-0.065286,-0.11065,-0.15568,-0.20017,-0.24393,-0.28679,-0.32861,-0.36924,-0.40859,-0.44656,-0.4831,-0.51815,-0.55171,-0.58376,-0.61431,-0.64339,-0.67103,-0.69727,-0.72215,-0.74573,-0.76806,-0.78919,-0.80917,-0.82805,-0.84588,-0.86271,-0.87855,-0.89347,-0.90746,-0.92057,-0.93279,-0.94414,-0.9546,-0.96415,-0.97276,-0.98038,-0.98694,-0.99233,-0.99642,-0.99906,0
0,0.99974,0.999,0.99775,0.99598,0.99365,0.99074,0.98724,0.9831,0.97832,0.97286,0.9667,0.95982,0.9522,0.94383,0.93468,0.92474,0.91399,0.90243,0.89002,0.87677,0.86264,0.84762,0.83169,0.81481,0.79696,0.7781,0.75819,0.73719,0.71506,0.69174,0.66719,0.64135,0.61416,0.58559,0.55558,0.5241,0.49111,0.4566,0.42056,0.38302,0.344,0.30356,0.26179,0.21879,0.17469,0.12967,0.08389,0.037561,-0.0091011,-0.055871,-0.10252,-0.14882,-0.19455,-0.23951,-0.28351,-0.32638,-0.36798,-0.40819,-0.44693,-0.48413,-0.51975,-0.55377,-0.58619,-0.61702,-0.64631,-0.67409,-0.7004,-0.7253,-0.74886,-0.77112,-0.79215,-0.81201,-0.83075,-0.84841,-0.86506,-0.88073,-0.89545,-0.90925,-0.92216,-0.93419,-0.94534,-0.95562,-0.96499,-0.97342,-0.98088,-0.98728,-0.99254,-0.99653,-0.99908,0
0,0.99977,0.99909,0.99795,0.99632,0.99418,0.99151,0.98827,0.98446,0.98003,0.97497,0.96925,0.96285,0.95575,0.94793,0.93938,0.93006,0.91997,0.90909,0.8974,0.88487,0.8715,0.85724,0.84208,0.82598,0.80891,0.79083,0.77169,0.75145,0.73005,0.70743,0.68354,0.65832,0.6317,0.60361,0.57402,0.54286,0.5101,0.4757,0.43965,0.40197,0.36266,0.3218,0.27945,0.23573,0.19077,0.14476,0.09787,0.050337,0.0023936,-0.045708,-0.093713,-0.14137,-0.18843,-0.23467,-0.27989,-0.32388,-0.36652,-0.40766,-0.44721,-0.48511,-0.52132,-0.55582,-0.58862,-0.61976,-0.64925,-0.67716,-0.70355,-0.72847,-0.75199,-0.77418,-0.7951,-0.81483,-0.83341,-0.85091,-0.86738,-0.88285,-0.89738,-0.91099,-0.9237,-0.93554,-0.9465,-0.95659,-0.96578,-0.97405,-0.98134,-0.9876,-0.99273,-0.99662,-0.99911,0
0,0.99979,0.99917,0.99812,0.99663,0.99467,0.99221,0.98923,0.98571,0.98161,0.97693,0.97163,0.96568,0.95908,0.95179,0.9438,0.93509,0.92564,0.91543,0.90443,0.89263,0.88,0.86651,0.85213,0.83683,0.82056,0.80329,0.78496,0.76551,0.74489,0.72304,0.69988,0.67535,0.64937,0.62187,0.59278,0.56204,0.5296,0.49541,0.45944,0.4217,0.38219,0.34095,0.29808,0.25367,0.20786,0.16085,0.11283,0.064043,0.014757,-0.034753,-0.084202,-0.13331,-0.1818,-0.22941,-0.27593,-0.32114,-0.36488,-0.407,-0.44742,-0.48607,-0.5229,-0.55791,-0.59111,-0.62255,-0.65226,-0.6803,-0.70675,-0.73168,-0.75516,-0.77726,-0.79807,-0.81765,-0.83608,-0.8534,-0.86967,-0.88496,-0.89928,-0.91269,-0.92521,-0.93685,-0.94762,-0.95753,-0.96654,-0.97464,-0.98179,-0.98791,-0.99292,-0.99671,-0.99913,0
0,0.99981,0.99924,0.99829,0.99692,0.99512,0.99286,0.99011,0.98686,0.98308,0.97875,0.97384,0.96833,0.96219,0.95541,0.94797,0.93984,0.931,0.92144,0.91113,0.90004,0.88815,0.87542,0.86183,0.84734,0.83189,0.81545,0.79796,0.77935,0.75957,0.73853,0.71617,0.69241,0.66715,0.64032,0.61184,0.58162,0.5496,0.51572,0.47994,0.44223,0.40259,0.36107,0.31772,0.27266,0.22603,0.17801,0.12883,0.078744,0.028048,-0.022954,-0.073942,-0.1246,-0.17462,-0.22373,-0.27165,-0.31816,-0.36308,-0.40627,-0.44761,-0.48705,-0.52454,-0.56008,-0.5937,-0.62544,-0.65536,-0.68353,-0.71004,-0.73496,-0.75839,-0.7804,-0.80108,-0.82051,-0.83875,-0.85589,-0.87197,-0.88705,-0.90117,-0.91438,-0.92669,-0.93814,-0.94872,-0.95844,-0.96728,-0.97522,-0.98221,-0.9882,-0.99309,-0.99679,-0.99915,0
0,0.99982,0.99931,0.99844,0.99718,0.99553,0.99345,0.99093,0.98793,0.98445,0.98044,0.9759,0.97079,0.9651,0.9588,0.95188,0.94431,0.93607,0.92714,0.91749,0.9071,0.89595,0.88398,0.87118,0.8575,0.8429,0.82731,0.81068,0.79295,0.77405,0.75389,0.73239,0.70946,0.68501,0.65894,0.63116,0.60157,0.57008,0.53663,0.50113,0.46357,0.42391,0.38218,0.33843,0.29277,0.24533,0.19631,0.14595,0.094518,0.042339,-0.010247,-0.062883,-0.11521,-0.16689,-0.2176,-0.26704,-0.31496,-0.36117,-0.40549,-0.44782,-0.48809,-0.52628,-0.56237,-0.59642,-0.62848,-0.65861,-0.6869,-0.71346,-0.73836,-0.76172,-0.78362,-0.80415,-0.82341,-0.84147,-0.8584,-0.87427,-0.88914,-0.90305,-0.91605,-0.92816,-0.9394,-0.94979,-0.95933,-0.968,-0.97578,-0.98262,-0.98848,-0.99326,-0.99687,-0.99917,0
0,0.99984,0.99937,0.99857,0.99742,0.99591,0.994,0.99168,0.98892,0.9857,0.982,0.9778,0.97308,0.96781,0.96197,0.95555,0.94851,0.94085,0.93253,0.92353,0.91383,0.90339,0.89219,0.88018,0.86731,0.85355,0.83884,0.8231,0.80628,0.7883,0.76907,0.74849,0.72648,0.70292,0.6777,0.65072,0.62187,0.59103,0.55811,0.52303,0.48572,0.44615,0.40432,0.36026,0.31406,0.26586,0.21585,0.16428,0.11145,0.057715,0.0034436,-0.05096,-0.10509,-0.15857,-0.21101,-0.2621,-0.31156,-0.35915,-0.4047,-0.44809,-0.48926,-0.52817,-0.56485,-0.59934,-0.6317,-0.66204,-0.69045,-0.71703,-0.74191,-0.76517,-0.78694,-0.80731,-0.82638,-0.84424,-0.86096,-0.87661,-0.89125,-0.90494,-0.91772,-0.92961,-0.94065,-0.95085,-0.9602,-0.9687,-0.97632,-0.98302,-0.98875,-0.99342,-0.99695,-0.99919,0
0,0.99985,0.99943,0.99869,0.99764,0.99625,0.9945,0.99236,0.98982,0.98686,0.98345,0.97957,0.9752,0.97033,0.96493,0.95898,0.95246,0.94534,0.93762,0.92925,0.92022,0.91049,0.90003,0.88881,0.87676,0.86385,0.85002,0.8352,0.81932,0.8023,0.78404,0.76445,0.74341,0.72082,0.69655,0.67048,0.64247,0.6124,0.58016,0.54562,0.50871,0.46935,0.42753,0.38326,0.3366,0.28768,0.23671,0.18392,0.12965,0.074275,0.018209,-0.038097,-0.094184,-0.14961,-0.20395,-0.25684,-0.30797,-0.35706,-0.40394,-0.44847,-0.49058,-0.53027,-0.56755,-0.60249,-0.63518,-0.66571,-0.69422,-0.72081,-0.74563,-0.76878,-0.7904,-0.81059,-0.82945,-0.84708,-0.86357,-0.87898,-0.89339,-0.90684,-0.91939,-0.93107,-0.9419,-0.9519,-0.96106,-0.96939,-0.97685,-0.98341,-0.98901,-0.99358,-0.99702,-0.99921,0
0,0.99987,0.99948,0.99881,0.99784,0.99657,0.99496,0.99299,0.99065,0.98792,0.98478,0.9812,0.97717,0.97267,0.96768,0.96218,0.95615,0.94956,0.94241,0.93465,0.92628,0.91724,0.90752,0.89707,0.88584,0.87379,0.86085,0.84696,0.83204,0.81601,0.79877,0.78022,0.76023,0.73869,0.71545,0.69039,0.66334,0.63417,0.60273,0.56889,0.53251,0.49352,0.45184,0.40748,0.36046,0.31091,0.259,0.205,0.14924,0.092139,0.034158,-0.024199,-0.08241,-0.13997,-0.19639,-0.25125,-0.3042,-0.35493,-0.40325,-0.449,-0.49214,-0.53264,-0.57055,-0.60595,-0.63894,-0.66966,-0.69825,-0.72483,-0.74957,-0.77258,-0.79402,-0.814,-0.83263,-0.85001,-0.86624,-0.8814,-0.89556,-0.90877,-0.92108,-0.93253,-0.94315,-0.95294,-0.96192,-0.97007,-0.97737,-0.98379,-0.98926,-0.99373,-0.99709,-0.99923,0
0,0.99988,0.99952,0.99891,0.99802,0.99685,0.99537,0.99356,0.99141,0.9889,0.986,0.9827,0.97899,0.97484,0.97024,0.96516,0.95959,0.95352,0.94691,0.93974,0.932,0.92364,0.91464,0.90495,0.89454,0.88334,0.8713,0.85835,0.84442,0.82941,0.81322,0.79575,0.77688,0.75646,0.73435,0.7104,0.68443,0.65629,0.62581,0.5928,0.55713,0.51866,0.4773,0.43298,0.38574,0.33564,0.28285,0.22764,0.17036,0.11145,0.051423,-0.0091516,-0.06968,-0.12958,-0.18829,-0.24533,-0.30027,-0.3528,-0.40268,-0.44976,-0.49398,-0.53534,-0.57391,-0.60977,-0.64307,-0.67396,-0.70259,-0.72914,-0.75376,-0.77661,-0.79783,-0.81757,-0.83594,-0.85305,-0.86901,-0.88389,-0.89778,-0.91073,-0.9228,-0.93401,-0.9444,-0.95399,-0.96277,-0.97075,-0.97789,-0.98416,-0.98951,-0.99387,-0.99716,-0.99925,0
0,0.99989,0.99956,0.999,0.99819,0.99711,0.99575,0.99408,0.9921,0.98979,0.98712,0.98408,0.98066,0.97684,0.9726,0.96792,0.9628,0.9572,0.95112,0.94452,0.93739,0.92969,0.9214,0.91246,0.90285,0.8925,0.88136,0.86936,0.85642,0.84246,0.82736,0.81102,0.79331,0.77408,0.75319,0.73045,0.70569,0.67871,0.64933,0.61734,0.58255,0.54478,0.50391,0.45982,0.4125,0.36197,0.3084,0.25201,0.19318,0.13238,0.070165,0.0071854,-0.055882,-0.11836,-0.1796,-0.23905,-0.29621,-0.35072,-0.40231,-0.45082,-0.4962,-0.53847,-0.5777,-0.61403,-0.64762,-0.67865,-0.70731,-0.73378,-0.75824,-0.78089,-0.80186,-0.82132,-0.8394,-0.85622,-0.87187,-0.88646,-0.90006,-0.91274,-0.92454,-0.93551,-0.94567,-0.95504,-0.96363,-0.97142,-0.9784,-0.98453,-0.98976,-0.99402,-0.99722,-0.99926,0
0,0.9999,0.9996,0.99908,0.99833,0.99734,0.99609,0.99455,0.99273,0.99059,0.98813,0.98534,0.98219,0.97867,0.97477,0.97048,0.96577,0.96064,0.95505,0.949,0.94246,0.9354,0.92779,0.91959,0.91076,0.90126,0.89101,0.87997,0.86803,0.85513,0.84115,0.82598,0.80948,0.79151,0.77191,0.75048,0.72704,0.70137,0.67325,0.64245,0.60873,0.57188,0.5317,0.48805,0.44084,0.39005,0.33579,0.27829,0.2179,0.15512,0.090578,0.024986,-0.040874,-0.10621,-0.17028,-0.2324,-0.29203,-0.34872,-0.40218,-0.45226,-0.49888,-0.5421,-0.58203,-0.61882,-0.65268,-0.68382,-0.71245,-0.7388,-0.76307,-0.78546,-0.80615,-0.82529,-0.84304,-0.85952,-0.87485,-0.88912,-0.90241,-0.91479,-0.92632,-0.93703,-0.94695,-0.9561,-0.96448,-0.97209,-0.97891,-0.98489,-0.99,-0.99416,-0.99729,-0.99928,0
0,0.99991,0.99963,0.99915,0.99846,0.99755,0.99639,0.99497,0.99329,0.99132,0.98905,0.98648,0.98358,0.98035,0.97677,0.97283,0.96852,0.96381,0.95871,0.95318,0.9472,0.94076,0.93381,0.92633,0.91828,0.9096,0.90025,0.89015,0.87923,0.86739,0.85455,0.84057,0.82534,0.80868,0.79044,0.77043,0.74842,0.7242,0.6975,0.66807,0.63563,0.59992,0.56069,0.51771,0.47083,0.41998,0.3652,0.30668,0.24475,0.17993,0.1129,0.044466,-0.024479,-0.093008,-0.16023,-0.22537,-0.28774,-0.34687,-0.40241,-0.45418,-0.50214,-0.54636,-0.58699,-0.62424,-0.65833,-0.68953,-0.7181,-0.74427,-0.76829,-0.79037,-0.81072,-0.8295,-0.84688,-0.86299,-0.87796,-0.89188,-0.90484,-0.91691,-0.92814,-0.93857,-0.94824,-0.95716,-0.96534,-0.97276,-0.97941,-0.98526,-0.99024,-0.9943,-0.99735,-0.99929,0
0,0.99991,0.99966,0.99922,0.99858,0.99773,0.99666,0.99535,0.99379,0.99197,0.98988,0.9875,0.98484,0.98187,0.97859,0.97498,0.97104,0.96675,0.96209,0.95706,0.95163,0.94578,0.93948,0.9327,0.9254,0.91753,0.90905,0.89989,0.88998,0.87922,0.86752,0.85477,0.84083,0.82554,0.80874,0.79021,0.76975,0.7471,0.722,0.69413,0.6632,0.62888,0.59085,0.54883,0.50257,0.45192,0.39683,0.33742,0.27401,0.20711,0.13743,0.065896,-0.0064734,-0.078585,-0.14938,-0.21791,-0.2834,-0.34525,-0.40308,-0.45671,-0.5061,-0.55138,-0.59272,-0.63039,-0.66468,-0.69589,-0.72431,-0.75025,-0.77395,-0.79566,-0.81561,-0.83398,-0.85094,-0.86665,-0.88121,-0.89475,-0.90735,-0.91909,-0.93,-0.94015,-0.94956,-0.95824,-0.96621,-0.97344,-0.97992,-0.98562,-0.99048,-0.99444,-0.99741,-0.99931,0
0,0.99992,0.99968,0.99927,0.99868,0.99789,0.99689,0.99567,0.99423,0.99254,0.99061,0.98842,0.98597,0.98324,0.98024,0.97694,0.97334,0.96944,0.96521,0.96065,0.95574,0.95046,0.94478,0.93867,0.93211,0.92504,0.91742,0.90918,0.90027,0.89059,0.88004,0.86853,0.8559,0.84202,0.82671,0.80976,0.79094,0.77,0.74664,0.72054,0.69135,0.65868,0.62217,0.58142,0.53612,0.48598,0.43086,0.37079,0.30601,0.23701,0.16454,0.089619,0.013432,-0.062728,-0.13759,-0.21,-0.27902,-0.34394,-0.40434,-0.46,-0.51094,-0.55731,-0.59936,-0.63742,-0.67184,-0.70298,-0.73119,-0.7568,-0.78011,-0.80138,-0.82086,-0.83876,-0.85525,-0.8705,-0.88463,-0.89775,-0.90997,-0.92134,-0.93192,-0.94177,-0.9509,-0.95934,-0.96708,-0.97412,-0.98043,-0.98597,-0.99071,-0.99457,-0.99748,-0.99932,0
0,0.99993,0.9997,0.99932,0.99876,0.99802,0.99709,0.99595,0.99461,0.99304,0.99125,0.98923,0.98697,0.98447,0.98172,0.97871,0.97544,0.9719,0.96808,0.96396,0.95955,0.95481,0.94972,0.94427,0.93841,0.93211,0.92533,0.91801,0.91008,0.90146,0.89207,0.8818,0.87051,0.85807,0.84429,0.82898,0.8119,0.79279,0.77134,0.74719,0.71997,0.68925,0.65457,0.61548,0.57152,0.52229,0.46752,0.40709,0.34113,0.27007,0.19469,0.11608,0.035614,-0.045158,-0.12469,-0.20158,-0.27465,-0.34308,-0.40636,-0.46427,-0.51686,-0.56436,-0.60709,-0.64548,-0.67996,-0.71094,-0.73884,-0.76403,-0.78685,-0.80759,-0.82653,-0.84388,-0.85984,-0.87457,-0.88822,-0.90089,-0.91268,-0.92367,-0.9339,-0.94343,-0.95227,-0.96045,-0.96796,-0.9748,-0.98093,-0.98633,-0.99095,-0.99471,-0.99754,-0.99934,0
0,0.99993,0.99972,0.99936,0.99883,0.99813,0.99726,0.99619,0.99493,0.99347,0.99181,0.98994,0.98785,0.98555,0.98304,0.98029,0.97733,0.97413,0.97068,0.967,0.96305,0.95883,0.95431,0.94948,0.94431,0.93876,0.9328,0.92636,0.9194,0.91183,0.90359,0.89455,0.88461,0.87361,0.86141,0.84779,0.83252,0.81535,0.79594,0.77394,0.74894,0.72045,0.68798,0.65094,0.60879,0.56097,0.50703,0.44666,0.37983,0.30685,0.22846,0.14584,0.060572,-0.025501,-0.11047,-0.19257,-0.27037,-0.34283,-0.40936,-0.46976,-0.52412,-0.57277,-0.61615,-0.65479,-0.6892,-0.71989,-0.74736,-0.77201,-0.79423,-0.81434,-0.83265,-0.84937,-0.86473,-0.8789,-0.89201,-0.90418,-0.91552,-0.92608,-0.93594,-0.94513,-0.95367,-0.96158,-0.96885,-0.97548,-0.98144,-0.98669,-0.99118,-0.99484,-0.9976,-0.99935,0
0,0.99993,0.99973,0.99939,0.99889,0.99822,0.99739,0.99638,0.9952,0.99383,0.99228,0.99054,0.98861,0.9865,0.9842,0.9817,0.97901,0.97613,0.97305,0.96976,0.96626,0.96253,0.95856,0.95433,0.94981,0.94499,0.93981,0.93424,0.92822,0.92168,0.91455,0.90674,0.89814,0.8886,0.87798,0.86609,0.85269,0.83754,0.82031,0.80063,0.77808,0.75213,0.72222,0.68771,0.64789,0.60207,0.54956,0.48984,0.42261,0.34799,0.2666,0.17967,0.08898,-0.0032419,-0.094613,-0.18289,-0.26625,-0.34341,-0.41366,-0.47681,-0.53306,-0.58286,-0.62681,-0.66556,-0.69976,-0.73002,-0.75688,-0.78085,-0.80234,-0.82171,-0.83927,-0.85529,-0.86997,-0.88349,-0.89601,-0.90764,-0.91848,-0.9286,-0.93805,-0.94688,-0.9551,-0.96273,-0.96976,-0.97617,-0.98195,-0.98705,-0.99141,-0.99497,-0.99766,-0.99937,0
0,0.99994,0.99974,0.99941,0.99892,0.99829,0.99749,0.99653,0.99541,0.99412,0.99266,0.99104,0.98925,0.98731,0.9852,0.98293,0.9805,0.97792,0.97517,0.97226,0.96918,0.96592,0.96247,0.95881,0.95492,0.95079,0.94637,0.94163,0.93652,0.93099,0.92496,0.91835,0.91106,0.90297,0.89393,0.88378,0.8723,0.85923,0.84428,0.82708,0.80718,0.78406,0.7571,0.72559,0.68871,0.64557,0.59528,0.53698,0.47006,0.3943,0.31008,0.21857,0.12177,0.022343,-0.076683,-0.1724,-0.26243,-0.34513,-0.41966,-0.48587,-0.54411,-0.59502,-0.6394,-0.67809,-0.71187,-0.74149,-0.76757,-0.79068,-0.81128,-0.82976,-0.84647,-0.86166,-0.87557,-0.88839,-0.90025,-0.91128,-0.92158,-0.93121,-0.94023,-0.94868,-0.95656,-0.9639,-0.97067,-0.97687,-0.98246,-0.9874,-0.99164,-0.9951,-0.99771,-0.99938,0
0,0.99994,0.99975,0.99942,0.99895,0.99833,0.99756,0.99663,0.99556,0.99433,0.99295,0.99143,0.98977,0.98798,0.98605,0.98399,0.9818,0.97949,0.97706,0.9745,0.97182,0.969,0.96605,0.96293,0.95965,0.95618,0.95249,0.94855,0.94432,0.93975,0.93478,0.92934,0.92333,0.91666,0.90919,0.90077,0.89121,0.88027,0.86766,0.85304,0.83598,0.81595,0.79231,0.76429,0.73099,0.69135,0.6442,0.58837,0.52277,0.4467,0.36011,0.26392,0.16025,0.052307,-0.056036,-0.1609,-0.25908,-0.34843,-0.42795,-0.49756,-0.55786,-0.60977,-0.65437,-0.69273,-0.72583,-0.75454,-0.7796,-0.80163,-0.82115,-0.83859,-0.85429,-0.86855,-0.88159,-0.89361,-0.90475,-0.91512,-0.92483,-0.93394,-0.9425,-0.95053,-0.95806,-0.96509,-0.9716,-0.97757,-0.98297,-0.98776,-0.99186,-0.99523,-0.99777,-0.9994,0
0,0.99994,0.99975,0.99942,0.99895,0.99834,0.99758,0.99668,0.99564,0.99446,0.99316,0.99172,0.99017,0.98851,0.98674,0.98487,0.98291,0.98086,0.97872,0.9765,0.9742,0.9718,0.96931,0.96672,0.96401,0.96117,0.95817,0.955,0.9516,0.94796,0.944,0.93968,0.93492,0.92962,0.92368,0.91695,0.90929,0.90046,0.89023,0.87826,0.86417,0.84743,0.82744,0.80339,0.77433,0.73905,0.69618,0.64413,0.58129,0.50626,0.41823,0.3176,0.20634,0.088234,-0.031686,-0.14809,-0.25649,-0.35399,-0.43937,-0.51274,-0.57508,-0.62776,-0.67225,-0.7099,-0.74195,-0.76942,-0.79315,-0.81385,-0.83207,-0.84828,-0.86282,-0.87601,-0.88807,-0.89919,-0.90953,-0.91918,-0.92825,-0.93679,-0.94485,-0.95245,-0.9596,-0.9663,-0.97254,-0.97828,-0.98348,-0.98811,-0.99209,-0.99536,-0.99783,-0.99941,0
0,0.99994,0.99974,0.99941,0.99894,0.99832,0.99757,0.99668,0.99566,0.99452,0.99326,0.9919,0.99044,0.9889,0.98728,0.98559,0.98383,0.98203,0.98017,0.97826,0.97632,0.97432,0.97228,0.97018,0.96801,0.96577,0.96343,0.96098,0.95838,0.95561,0.95262,0.94936,0.94577,0.94178,0.9373,0.93221,0.92638,0.91963,0.91174,0.90243,0.89136,0.87805,0.86194,0.84227,0.81805,0.78805,0.75069,0.70405,0.64591,0.57398,0.48632,0.38217,0.26289,0.13261,-0.0020438,-0.13348,-0.25512,-0.36284,-0.45518,-0.53263,-0.59685,-0.64988,-0.69371,-0.73013,-0.76063,-0.78642,-0.80846,-0.82751,-0.84417,-0.85892,-0.87213,-0.88409,-0.89505,-0.90518,-0.91462,-0.92348,-0.93185,-0.93977,-0.94729,-0.95443,-0.96118,-0.96754,-0.97349,-0.97899,-0.984,-0.98846,-0.99231,-0.99548,-0.99788,-0.99942,0
0,0.99993,0.99973,0.99939,0.9989,0.99828,0.99751,0.99662,0.99561,0.99449,0.99327,0.99197,0.99059,0.98915,0.98766,0.98613,0.98457,0.98299,0.9814,0.9798,0.97819,0.97657,0.97495,0.97332,0.97167,0.97,0.96828,0.96651,0.96466,0.9627,0.96061,0.95835,0.95586,0.9531,0.94998,0.94643,0.94233,0.93754,0.9319,0.92518,0.91708,0.90722,0.89511,0.88006,0.86119,0.83727,0.80668,0.76728,0.71632,0.65051,0.56633,0.46103,0.33418,0.18954,0.035634,-0.11621,-0.25573,-0.37667,-0.47731,-0.55903,-0.62464,-0.67723,-0.71959,-0.75401,-0.7823,-0.80585,-0.82574,-0.84276,-0.85756,-0.87061,-0.88228,-0.89286,-0.90257,-0.91159,-0.92005,-0.92804,-0.93564,-0.9429,-0.94984,-0.95648,-0.96281,-0.96881,-0.97446,-0.97971,-0.98451,-0.98881,-0.99253,-0.9956,-0.99793,-0.99943,0
0,0.99993,0.99971,0.99935,0.99884,0.99819,0.9974,0.9965,0.99548,0.99436,0.99317,0.9919,0.99059,0.98925,0.98788,0.9865,0.98513,0.98377,0.98242,0.98111,0.97983,0.97858,0.97736,0.97618,0.97502,0.97388,0.97275,0.97161,0.97045,0.96925,0.96799,0.96663,0.96515,0.96349,0.96162,0.95946,0.95694,0.95395,0.95038,0.94606,0.94076,0.93421,0.926,0.91562,0.9023,0.885,0.86223,0.83187,0.79092,0.73527,0.65965,0.55824,0.42671,0.26613,0.086472,-0.094693,-0.25976,-0.39844,-0.50894,-0.5946,-0.66046,-0.71126,-0.75087,-0.7822,-0.8074,-0.82802,-0.8452,-0.85978,-0.87237,-0.88344,-0.89335,-0.90236,-0.91069,-0.91848,-0.92585,-0.93289,-0.93966,-0.94619,-0.95251,-0.95861,-0.96448,-0.97011,-0.97544,-0.98043,-0.98502,-0.98915,-0.99274,-0.99572,-0.99799,-0.99945,0
0,0.99992,0.99969,0.9993,0.99875,0.99806,0.99724,0.99629,0.99525,0.99412,0.99294,0.9917,0.99045,0.98918,0.98793,0.98669,0.98549,0.98434,0.98325,0.98222,0.98125,0.98035,0.97953,0.97877,0.97807,0.97743,0.97684,0.97629,0.97577,0.97525,0.97473,0.97418,0.97358,0.9729,0.9721,0.97115,0.96999,0.96856,0.96678,0.96455,0.96172,0.95812,0.95347,0.94743,0.93945,0.92879,0.91428,0.89417,0.86576,0.82482,0.76492,0.67682,0.54947,0.37529,0.16115,-0.06543,-0.2702,-0.43377,-0.55541,-0.64338,-0.707,-0.75366,-0.78859,-0.81534,-0.83633,-0.85317,-0.86701,-0.87865,-0.88867,-0.89748,-0.90539,-0.91265,-0.91943,-0.92586,-0.93204,-0.93804,-0.9439,-0.94965,-0.9553,-0.96082,-0.96622,-0.97143,-0.97643,-0.98115,-0.98553,-0.98949,-0.99295,-0.99583,-0.99803,-0.99946,0
0,0.99991,0.99965,0.99922,0.99862,0.99788,0.99699,0.996,0.99491,0.99376,0.99257,0.99135,0.99014,0.98894,0.98779,0.9867,0.98567,0.98473,0.98388,0.98312,0.98247,0.98192,0.98147,0.98112,0.98086,0.98069,0.98061,0.98059,0.98063,0.98072,0.98084,0.98097,0.9811,0.98121,0.98129,0.98129,0.98121,0.98099,0.98061,0.98001,0.97913,0.97786,0.97608,0.9736,0.97015,0.9653,0.95839,0.94834,0.93335,0.91026,0.87343,0.81261,0.7099,0.53958,0.28518,-0.019228,-0.29444,-0.49455,-0.62609,-0.71118,-0.76747,-0.80607,-0.83352,-0.85377,-0.8692,-0.88133,-0.89117,-0.89939,-0.90646,-0.91272,-0.91843,-0.92375,-0.92884,-0.93379,-0.93867,-0.94353,-0.94841,-0.95331,-0.95822,-0.96313,-0.96801,-0.9728,-0.97744,-0.98188,-0.98603,-0.98982,-0.99316,-0.99594,-0.99808,-0.99947,0
0,0.9999,0.9996,0.99912,0.99845,0.99763,0.99667,0.9956,0.99445,0.99325,0.99203,0.99082,0.98964,0.98851,0.98746,0.98651,0.98566,0.98492,0.98432,0.98384,0.9835,0.98329,0.98321,0.98325,0.98342,0.98369,0.98406,0.98451,0.98504,0.98564,0.98627,0.98694,0.98762,0.98831,0.98899,0.98964,0.99024,0.9908,0.99128,0.99168,0.99197,0.99213,0.99212,0.9919,0.99139,0.99047,0.98894,0.98644,0.98233,0.97536,0.96296,0.93935,0.8905,0.7802,0.52706,0.078154,-0.35672,-0.60904,-0.73651,-0.80444,-0.84391,-0.86868,-0.88524,-0.89689,-0.90547,-0.91206,-0.91734,-0.92175,-0.92559,-0.92908,-0.93239,-0.93564,-0.9389,-0.94225,-0.94573,-0.94938,-0.95319,-0.95717,-0.9613,-0.96555,-0.96987,-0.9742,-0.97847,-0.98261,-0.98654,-0.99015,-0.99336,-0.99605,-0.99813,-0.99948,0
0,0.99988,0.99954,0.99898,0.99822,0.9973,0.99623,0.99506,0.99383,0.99257,0.99131,0.99009,0.98893,0.98787,0.98692,0.98611,0.98544,0.98492,0.98457,0.98439,0.98436,0.9845,0.98478,0.98521,0.98577,0.98645,0.98723,0.98809,0.98902,0.98999,0.991,0.99201,0.99302,0.994,0.99494,0.99583,0.99665,0.99739,0.99804,0.99859,0.99905,0.99941,0.99968,0.99985,0.99996,1,1,0.99998,0.99997,0.99999,0.99999,0.99975,0.99825,0.99073,0.94502,0.49882,-0.59688,-0.83806,-0.89689,-0.91953,-0.93046,-0.93639,-0.93981,-0.94186,-0.94312,-0.94394,-0.94454,-0.94505,-0.9456,-0.94627,-0.94711,-0.9482,-0.94956,-0.95124,-0.95324,-0.95559,-0.95827,-0.96126,-0.96455,-0.96808,-0.9718,-0.97564,-0.97952,-0.98335,-0.98704,-0.99047,-0.99354,-0.99615,-0.99817,-0.99949,0
0,0.99986,0.99945,0.9988,0.99792,0.99687,0.99567,0.99437,0.99303,0.99167,0.99036,0.98912,0.98798,0.98699,0.98615,0.98549,0.98501,0.98474,0.98466,0.98478,0.98509,0.98558,0.98623,0.98704,0.98797,0.98902,0.99014,0.99132,0.99253,0.99374,0.99493,0.99605,0.99709,0.99801,0.99879,0.99939,0.9998,0.99999,0.99993,0.9996,0.99897,0.99802,0.99671,0.99501,0.99288,0.99026,0.98704,0.98311,0.97825,0.9721,0.96402,0.95273,0.93537,0.90419,0.83125,0.55505,-0.54423,-0.96064,-0.99813,-0.9992,-0.99504,-0.99016,-0.98547,-0.98115,-0.97723,-0.9737,-0.97058,-0.96785,-0.96553,-0.96364,-0.96218,-0.96119,-0.96068,-0.96067,-0.96116,-0.96216,-0.96365,-0.9656,-0.96799,-0.97075,-0.97383,-0.97715,-0.9806,-0.9841,-0.98753,-0.99078,-0.99372,-0.99624,-0.9982,-0.99949,0
0,0.99983,0.99934,0.99857,0.99754,0.99631,0.99494,0.99348,0.992,0.99053,0.98914,0.98787,0.98676,0.98583,0.98512,0.98463,0.98437,0.98436,0.98459,0.98504,0.98571,0.98657,0.9876,0.98877,0.99006,0.99142,0.99281,0.99421,0.99555,0.9968,0.99791,0.99883,0.99952,0.99992,0.99998,0.99965,0.99888,0.99761,0.99578,0.99332,0.99015,0.98619,0.9813,0.97536,0.96816,0.95944,0.94881,0.93571,0.9193,0.89824,0.87031,0.83168,0.77531,0.68757,0.54158,0.29052,-0.098233,-0.51537,-0.78656,-0.91422,-0.96844,-0.99057,-0.99853,-0.99996,-0.99827,-0.99511,-0.99133,-0.98738,-0.98354,-0.97998,-0.97682,-0.97412,-0.97196,-0.97038,-0.96941,-0.96906,-0.96932,-0.97019,-0.97162,-0.97357,-0.97596,-0.97871,-0.98171,-0.98486,-0.98803,-0.99108,-0.99389,-0.99632,-0.99823,-0.9995,0
0,0.99979,0.9992,0.99827,0.99705,0.99561,0.99402,0.99236,0.9907,0.98909,0.98761,0.98631,0.98522,0.98438,0.9838,0.98352,0.98352,0.98382,0.98438,0.98521,0.98627,0.98752,0.98894,0.99047,0.99207,0.99368,0.99524,0.99669,0.99796,0.99899,0.99969,0.99999,0.99982,0.9991,0.99774,0.99565,0.99276,0.98895,0.98413,0.97817,0.97094,0.96228,0.95198,0.9398,0.92541,0.90838,0.88813,0.86387,0.83447,0.79834,0.75316,0.69553,0.62049,0.52095,0.38763,0.21114,-0.010764,-0.26086,-0.50007,-0.69097,-0.82209,-0.90367,-0.95146,-0.97814,-0.99204,-0.9983,-1,-0.999,-0.99649,-0.99319,-0.98961,-0.98608,-0.98283,-0.98003,-0.97779,-0.97618,-0.97526,-0.97502,-0.97547,-0.97655,-0.97821,-0.98035,-0.98286,-0.98563,-0.98852,-0.99137,-0.99405,-0.99639,-0.99826,-0.9995,0
0,0.99973,0.99901,0.99788,0.99642,0.99472,0.99286,0.99095,0.98907,0.98731,0.98572,0.98438,0.98332,0.98259,0.9822,0.98216,0.98247,0.98313,0.98409,0.98534,0.98683,0.98851,0.99031,0.99218,0.99403,0.99579,0.99736,0.99865,0.99956,0.99998,0.99981,0.99893,0.99724,0.99461,0.99093,0.98608,0.97994,0.97238,0.96327,0.95246,0.93979,0.92508,0.90809,0.88857,0.86619,0.84053,0.81105,0.77709,0.73774,0.69187,0.638,0.57422,0.49821,0.40721,0.29834,0.16934,0.019986,-0.1459,-0.31907,-0.48591,-0.63292,-0.75166,-0.84059,-0.9032,-0.94505,-0.97162,-0.98745,-0.99592,-0.99948,-0.99985,-0.99825,-0.99553,-0.9923,-0.989,-0.98594,-0.98334,-0.98136,-0.98007,-0.97953,-0.97971,-0.98059,-0.98207,-0.98406,-0.98642,-0.98901,-0.99165,-0.99419,-0.99645,-0.99828,-0.9995,0
0,0.99967,0.99877,0.9974,0.99563,0.9936,0.99142,0.9892,0.98707,0.98511,0.98341,0.98203,0.98104,0.98045,0.98029,0.98057,0.98126,0.98234,0.98378,0.98552,0.98749,0.98961,0.9918,0.99396,0.99597,0.9977,0.99904,0.99984,0.99995,0.99924,0.99753,0.9947,0.99059,0.98505,0.97795,0.96916,0.95855,0.94601,0.93141,0.91465,0.89562,0.87418,0.85019,0.82349,0.79387,0.76108,0.72481,0.68466,0.64014,0.59067,0.5355,0.47378,0.40451,0.32664,0.23912,0.14111,0.032365,-0.086398,-0.21293,-0.34315,-0.47139,-0.59129,-0.69722,-0.78562,-0.85543,-0.90776,-0.94504,-0.97018,-0.98602,-0.995,-0.99913,-0.99996,-0.99869,-0.99621,-0.99321,-0.99016,-0.98743,-0.98525,-0.98377,-0.98306,-0.98312,-0.98391,-0.98532,-0.98724,-0.9895,-0.99192,-0.99431,-0.9965,-0.99829,-0.9995,0
0,0.99958,0.99847,0.99678,0.99465,0.99221,0.98963,0.98706,0.98462,0.98245,0.98063,0.97924,0.97834,0.97796,0.97811,0.97878,0.97995,0.98156,0.98356,0.98585,0.98836,0.99094,0.99348,0.99582,0.9978,0.99924,0.99996,0.99975,0.99842,0.99578,0.99163,0.98579,0.97811,0.96843,0.95664,0.94265,0.92639,0.90783,0.88694,0.86372,0.83818,0.81033,0.78018,0.74771,0.71289,0.67565,0.63589,0.59345,0.54813,0.49964,0.44766,0.39178,0.33152,0.26639,0.19584,0.11938,0.03663,-0.052512,-0.14773,-0.24805,-0.35171,-0.45603,-0.55762,-0.65273,-0.73795,-0.81078,-0.87003,-0.91583,-0.9494,-0.97254,-0.98729,-0.99565,-0.99936,-0.99991,-0.99847,-0.99597,-0.9931,-0.99037,-0.98813,-0.98658,-0.98582,-0.98587,-0.98667,-0.98809,-0.98999,-0.99217,-0.99442,-0.99653,-0.99828,-0.9995,0
0,0.99947,0.9981,0.99602,0.99342,0.9905,0.98745,0.98445,0.98168,0.97928,0.97735,0.97599,0.97525,0.97516,0.97572,0.9769,0.97866,0.98092,0.98359,0.98652,0.98959,0.99261,0.99539,0.99771,0.99933,1,0.99945,0.99744,0.9937,0.988,0.98013,0.96992,0.95724,0.94204,0.92427,0.90399,0.88125,0.85619,0.82893,0.79965,0.7685,0.73563,0.70118,0.66526,0.62793,0.58923,0.54914,0.50763,0.46457,0.41982,0.37318,0.3244,0.27318,0.21918,0.16203,0.10133,0.036701,-0.032211,-0.10563,-0.18359,-0.26581,-0.35156,-0.43958,-0.52797,-0.61425,-0.69563,-0.76936,-0.8332,-0.88578,-0.92682,-0.95696,-0.97759,-0.99042,-0.99727,-0.99984,-0.99958,-0.99768,-0.99508,-0.99244,-0.99021,-0.98868,-0.98798,-0.98811,-0.989,-0.9905,-0.99241,-0.9945,-0.99653,-0.99827,-0.99949,0
0,0.99933,0.99763,0.99508,0.99192,0.98842,0.98481,0.98134,0.9782,0.97557,0.97357,0.9723,0.97182,0.97214,0.97325,0.97511,0.97762,0.98067,0.98411,0.98775,0.99136,0.9947,0.99746,0.99934,1,0.99908,0.99625,0.99118,0.98358,0.97324,0.96,0.94379,0.92462,0.9026,0.87791,0.8508,0.82154,0.79044,0.7578,0.72391,0.68903,0.65336,0.61709,0.58033,0.54316,0.5056,0.46764,0.42921,0.39022,0.35054,0.30998,0.26835,0.22539,0.18085,0.1344,0.085711,0.034428,-0.019825,-0.077409,-0.13864,-0.20376,-0.27285,-0.34572,-0.42186,-0.50024,-0.5793,-0.65689,-0.73051,-0.79751,-0.85564,-0.90339,-0.94025,-0.96676,-0.98421,-0.99434,-0.99901,-0.99997,-0.99869,-0.99636,-0.99383,-0.99168,-0.99025,-0.98969,-0.98999,-0.99104,-0.99264,-0.99456,-0.99651,-0.99824,-0.99947,0
0,0.99916,0.99704,0.99391,0.99009,0.9859,0.98167,0.97767,0.97415,0.97132,0.96932,0.96826,0.96819,0.96911,0.97097,0.9737,0.97715,0.98114,0.98545,0.98978,0.9938,0.99713,0.99934,0.99998,0.99858,0.99469,0.9879,0.9779,0.96445,0.94746,0.92696,0.90315,0.87632,0.84685,0.81519,0.78182,0.74718,0.71168,0.67571,0.63955,0.60343,0.56752,0.53193,0.4967,0.46184,0.42731,0.39303,0.35892,0.32484,0.29064,0.25615,0.22118,0.18551,0.14892,0.11113,0.071875,0.030828,-0.012341,-0.05799,-0.10649,-0.15821,-0.21349,-0.27261,-0.33571,-0.40271,-0.47319,-0.54622,-0.62032,-0.69335,-0.7627,-0.82558,-0.87954,-0.92297,-0.95543,-0.97761,-0.99109,-0.99786,-0.99997,-0.99924,-0.99714,-0.99472,-0.99269,-0.99143,-0.99108,-0.99162,-0.99288,-0.99459,-0.99646,-0.99818,-0.99944,0
0,0.99894,0.99632,0.9925,0.98789,0.98292,0.97798,0.97343,0.96956,0.96662,0.96476,0.96409,0.96464,0.9664,0.96928,0.97313,0.97773,0.9828,0.98797,0.99281,0.9968,0.99937,0.99991,0.99778,0.9924,0.98328,0.97005,0.95254,0.93079,0.90507,0.8758,0.84357,0.80902,0.77283,0.73563,0.69799,0.66036,0.62313,0.58655,0.55081,0.516,0.48217,0.4493,0.41735,0.38623,0.35584,0.32605,0.29674,0.26775,0.23893,0.21012,0.18113,0.15179,0.12188,0.091196,0.059498,0.026529,-0.0079961,-0.044386,-0.082979,-0.12414,-0.16826,-0.21575,-0.267,-0.32234,-0.38201,-0.44599,-0.51389,-0.58479,-0.65705,-0.72827,-0.79544,-0.85537,-0.90539,-0.94397,-0.97104,-0.9879,-0.9967,-0.99982,-0.99951,-0.99754,-0.99522,-0.99334,-0.99232,-0.99228,-0.99312,-0.99459,-0.99638,-0.9981,-0.99941,0
0,0.99866,0.99543,0.99079,0.98527,0.97942,0.97374,0.96866,0.96454,0.96164,0.96014,0.96014,0.96165,0.9646,0.96883,0.97408,0.98001,0.98616,0.99193,0.99664,0.99951,0.99969,0.99634,0.9887,0.97617,0.95844,0.9355,0.90767,0.87557,0.84002,0.80196,0.76233,0.72198,0.68165,0.6419,0.60317,0.56573,0.52975,0.49529,0.46236,0.43091,0.40083,0.37203,0.34436,0.3177,0.2919,0.26681,0.2423,0.2182,0.19438,0.17068,0.14695,0.12304,0.098761,0.073951,0.048417,0.021951,-0.0056787,-0.034724,-0.065467,-0.098225,-0.13336,-0.17126,-0.21237,-0.25715,-0.3061,-0.35963,-0.41806,-0.48145,-0.54939,-0.62078,-0.69361,-0.76484,-0.83076,-0.88761,-0.93263,-0.96482,-0.9851,-0.99577,-0.99969,-0.9996,-0.99767,-0.99541,-0.99374,-0.99305,-0.99339,-0.99457,-0.99624,-0.99798,-0.99936,0
0,0.99832,0.99435,0.98873,0.98218,0.97539,0.96898,0.96348,0.9593,0.95673,0.95597,0.95707,0.95999,0.96459,0.97055,0.97745,0.98468,0.99148,0.99687,0.99979,0.99903,0.99349,0.98219,0.96453,0.94038,0.91012,0.8746,0.83499,0.79263,0.74881,0.70469,0.66118,0.61896,0.57848,0.54,0.50364,0.46939,0.43718,0.4069,0.37841,0.35153,0.3261,0.30196,0.27895,0.2569,0.23566,0.21511,0.19509,0.17547,0.15613,0.13693,0.11775,0.098466,0.078932,0.059012,0.038554,0.017395,-0.0046453,-0.027768,-0.052199,-0.078195,-0.10605,-0.13612,-0.16878,-0.20451,-0.24381,-0.28726,-0.33545,-0.38897,-0.44823,-0.51334,-0.58378,-0.65803,-0.73326,-0.80535,-0.8695,-0.92151,-0.95917,-0.9829,-0.99523,-0.99966,-0.99956,-0.99755,-0.99538,-0.99399,-0.99373,-0.99453,-0.99605,-0.99781,-0.99928,0
0,0.99788,0.99301,0.98627,0.97859,0.97086,0.96384,0.95816,0.95429,0.95254,0.95307,0.9559,0.96086,0.96762,0.97562,0.98407,0.99188,0.99771,1,0.9971,0.98751,0.97015,0.94462,0.91135,0.87152,0.82682,0.77914,0.7303,0.6818,0.63475,0.5899,0.54767,0.50825,0.47164,0.43774,0.40638,0.37734,0.35042,0.32539,0.30204,0.28016,0.25958,0.24013,0.22163,0.20396,0.18696,0.17053,0.15455,0.13889,0.12346,0.10816,0.092876,0.077514,0.061967,0.046126,0.029875,0.013087,-0.0043766,-0.02267,-0.041968,-0.062473,-0.084419,-0.10808,-0.13379,-0.16193,-0.19297,-0.22745,-0.26602,-0.30939,-0.35837,-0.4137,-0.47598,-0.54529,-0.62075,-0.69997,-0.77861,-0.85079,-0.91059,-0.95423,-0.98145,-0.99517,-0.99975,-0.99938,-0.99721,-0.99517,-0.9942,-0.99449,-0.9958,-0.99757,-0.99918,0
0,0.99731,0.99136,0.98334,0.97449,0.96593,0.95859,0.95321,0.95028,0.95012,0.95282,0.95822,0.96593,0.97521,0.98494,0.99357,0.9991,0.99925,0.99172,0.97468,0.9473,0.91,0.86448,0.81323,0.75901,0.70427,0.65093,0.60025,0.55295,0.50934,0.46943,0.43305,0.39994,0.3698,0.34233,0.31721,0.29416,0.27294,0.25331,0.23506,0.218,0.20197,0.18682,0.17242,0.15866,0.14542,0.1326,0.12011,0.10787,0.095794,0.083803,0.071819,0.059764,0.047559,0.035122,0.022365,0.0091921,-0.0045,-0.018828,-0.033924,-0.049942,-0.067059,-0.085491,-0.10549,-0.12737,-0.1515,-0.17834,-0.20846,-0.24254,-0.2814,-0.326,-0.37742,-0.43668,-0.50454,-0.5809,-0.66404,-0.74969,-0.83092,-0.89968,-0.95003,-0.98084,-0.99559,-0.9999,-0.99902,-0.99666,-0.99489,-0.9945,-0.99547,-0.99724,-0.99902,0
0,0.99655,0.98929,0.97987,0.96993,0.96087,0.95381,0.94957,0.94865,0.95127,0.9573,0.96622,0.97698,0.98791,0.99661,0.99999,0.99466,0.97763,0.94732,0.90423,0.8509,0.79116,0.72899,0.66766,0.60943,0.55556,0.50655,0.46241,0.42289,0.38756,0.35598,0.32769,0.30228,0.27936,0.2586,0.2397,0.22241,0.20651,0.1918,0.17812,0.16532,0.15327,0.14186,0.13099,0.12057,0.11052,0.10076,0.091237,0.081876,0.072619,0.063408,0.054185,0.044894,0.035476,0.02587,0.016012,0.0058319,-0.0047469,-0.01581,-0.027454,-0.039792,-0.052959,-0.067111,-0.082441,-0.099182,-0.11762,-0.13811,-0.1611,-0.18716,-0.21699,-0.25147,-0.29172,-0.33904,-0.39492,-0.46079,-0.53749,-0.62429,-0.71741,-0.809,-0.88836,-0.94653,-0.98107,-0.99642,-1,-0.99841,-0.99594,-0.99465,-0.99508,-0.99678,-0.99878,0
0,0.9955,0.98666,0.97582,0.96512,0.9563,0.95064,0.94899,0.95173,0.95874,0.96926,0.98164,0.99312,0.9997,0.99641,0.97853,0.94329,0.89146,0.82725,0.75664,0.68531,0.61734,0.55501,0.4992,0.44992,0.40669,0.36885,0.33571,0.3066,0.28093,0.25819,0.23794,0.21981,0.20348,0.18869,0.17521,0.16286,0.15147,0.1409,0.13104,0.12178,0.11303,0.10471,0.096756,0.089101,0.081689,0.074468,0.06739,0.06041,0.053485,0.046575,0.039639,0.032635,0.025523,0.018259,0.010796,0.0030854,-0.0049276,-0.013304,-0.022113,-0.031437,-0.041371,-0.05203,-0.063551,-0.076103,-0.089895,-0.10519,-0.12232,-0.1417,-0.16389,-0.18959,-0.21972,-0.25548,-0.29837,-0.35028,-0.41332,-0.48941,-0.5792,-0.68005,-0.78356,-0.87583,-0.94347,-0.98207,-0.99752,-0.99987,-0.99748,-0.99512,-0.99468,-0.99614,-0.99841,0
0,0.99399,0.98332,0.97129,0.96068,0.95356,0.9513,0.95455,0.96312,0.97569,0.9893,0.99886,0.99723,0.97687,0.93328,0.86813,0.78894,0.70518,0.62447,0.55113,0.48675,0.43129,0.38387,0.34342,0.30883,0.27913,0.25348,0.23119,0.2117,0.19455,0.17935,0.16578,0.15361,0.14261,0.1326,0.12345,0.11502,0.10721,0.09993,0.093101,0.086655,0.080534,0.074685,0.069063,0.063625,0.058334,0.053156,0.048057,0.043009,0.037982,0.032947,0.027878,0.022746,0.017522,0.012177,0.0066793,0.00099359,-0.0049167,-0.011093,-0.017585,-0.024449,-0.03175,-0.039569,-0.048001,-0.057163,-0.067202,-0.078299,-0.090687,-0.10467,-0.12063,-0.13908,-0.1607,-0.18642,-0.21744,-0.25543,-0.30256,-0.36157,-0.43553,-0.52693,-0.63512,-0.75219,-0.86062,-0.9404,-0.98366,-0.99865,-0.99934,-0.99621,-0.99443,-0.99529,-0.99782,0
0,0.99174,0.97917,0.96682,0.95819,0.95554,0.95992,0.97084,0.98555,0.99785,0.99741,0.97207,0.91464,0.8296,0.73096,0.63312,0.5449,0.46941,0.40642,0.35435,0.31132,0.2756,0.24574,0.22058,0.19919,0.18086,0.16502,0.15123,0.13912,0.1284,0.11886,0.11031,0.10258,0.09556,0.089137,0.083224,0.077746,0.07264,0.06785,0.063329,0.059037,0.054935,0.050993,0.047181,0.043473,0.039846,0.036277,0.032746,0.029233,0.02572,0.022189,0.01862,0.014997,0.011299,0.007508,0.0036024,-0.00044043,-0.0046445,-0.0090374,-0.013652,-0.018525,-0.023702,-0.029234,-0.035184,-0.041632,-0.048672,-0.056426,-0.065049,-0.074739,-0.085756,-0.098444,-0.11326,-0.13084,-0.15204,-0.17805,-0.21056,-0.2519,-0.3053,-0.37493,-0.46536,-0.57919,-0.71096,-0.84002,-0.93634,-0.9856,-0.99957,-0.99822,-0.99476,-0.99428,-0.99686,0
0,0.98837,0.97454,0.96427,0.96152,0.96789,0.98187,0.9966,0.9973,0.96369,0.88428,0.77095,0.64966,0.53997,0.44902,0.37636,0.31891,0.27338,0.23697,0.20753,0.18345,0.16351,0.14682,0.1327,0.12063,0.11022,0.10116,0.093222,0.0862,0.079946,0.074337,0.069271,0.064664,0.060449,0.056566,0.052967,0.04961,0.046459,0.043483,0.040655,0.037951,0.035351,0.032835,0.030387,0.027991,0.025634,0.023301,0.02098,0.01866,0.016329,0.013976,0.01159,0.0091597,0.0066729,0.0041177,0.0014809,-0.0012508,-0.0040923,-0.0070612,-0.010178,-0.013466,-0.016953,-0.020671,-0.02466,-0.028968,-0.033655,-0.038797,-0.044489,-0.050855,-0.058055,-0.066305,-0.07589,-0.087203,-0.10078,-0.11739,-0.13813,-0.16456,-0.19902,-0.24493,-0.30725,-0.3926,-0.50788,-0.65346,-0.80875,-0.92935,-0.98749,-0.99999,-0.99647,-0.9935,-0.99536,0
0,0.98378,0.97157,0.96903,0.97849,0.99458,0.99751,0.95235,0.83946,0.68856,0.54524,0.43022,0.34362,0.2793,0.23114,0.19451,0.16615,0.14381,0.12591,0.11135,0.099345,0.089322,0.080856,0.073628,0.067398,0.061979,0.057226,0.053023,0.049278,0.045917,0.04288,0.040116,0.037585,0.035252,0.033087,0.031065,0.029166,0.02737,0.025661,0.024026,0.022452,0.020926,0.019441,0.017985,0.016551,0.015131,0.013717,0.012303,0.010882,0.0094482,0.0079944,0.0065145,0.0050022,0.0034507,0.0018531,0.0002021,-0.0015096,-0.0032904,-0.0051507,-0.0071022,-0.0091584,-0.011335,-0.01365,-0.016127,-0.018793,-0.021683,-0.024838,-0.028314,-0.032181,-0.03653,-0.041483,-0.047202,-0.053907,-0.061905,-0.071625,-0.083686,-0.098992,-0.1189,-0.14548,-0.18197,-0.23349,-0.30801,-0.41677,-0.56994,-0.75606,-0.91479,-0.98863,-0.99972,-0.99433,-0.99344,0
0,0.98029,0.97828,0.99137,0.99861,0.94053,0.7781,0.58101,0.42231,0.31211,0.23751,0.18615,0.14979,0.1233,0.10347,0.088273,0.076378,0.066893,0.059205,0.05288,0.047608,0.043161,0.039368,0.036101,0.03326,0.030768,0.028564,0.026601,0.024838,0.023244,0.021793,0.020462,0.019235,0.018095,0.017029,0.016026,0.015077,0.014172,0.013305,0.012469,0.011657,0.010865,0.010088,0.009321,0.0085604,0.0078022,0.0070429,0.0062791,0.0055076,0.0047251,0.0039284,0.0031145,0.0022801,0.001422,0.00053654,-0.00037948,-0.0013295,-0.002318,-0.0033502,-0.004432,-0.0055701,-0.0067722,-0.0080478,-0.009408,-0.010866,-0.01244,-0.014151,-0.016026,-0.0181,-0.020419,-0.023042,-0.02605,-0.029552,-0.033698,-0.038697,-0.044851,-0.052597,-0.062592,-0.075845,-0.093953,-0.11953,-0.15703,-0.21418,-0.30449,-0.44872,-0.66009,-0.8796,-0.98723,-0.99898,-0.99295,0
0,0.99055,0.99972,0.9298,0.69362,0.44617,0.28711,0.19425,0.13853,0.10335,0.080035,0.063902,0.052326,0.043759,0.037249,0.032188,0.028174,0.024934,0.022279,0.020073,0.018216,0.016636,0.015277,0.014097,0.013062,0.012148,0.011334,0.010603,0.0099419,0.0093398,0.0087874,0.0082773,0.007803,0.007359,0.0069407,0.0065439,0.0061652,0.0058014,0.0054497,0.0051077,0.0047731,0.004444,0.0041185,0.003795,0.0034717,0.0031473,0.0028204,0.0024896,0.0021537,0.0018114,0.0014614,0.0011027,0.00073378,0.00035348,-3.9525e-05,-0.00044628,-0.00086811,-0.001307,-0.0017649,-0.0022442,-0.0027474,-0.0032777,-0.0038387,-0.0044348,-0.0050713,-0.005755,-0.0064945,-0.0073005,-0.0081868,-0.0091716,-0.010278,-0.011539,-0.012995,-0.014707,-0.016753,-0.019251,-0.022367,-0.026347,-0.031571,-0.03863,-0.048496,-0.062826,-0.084602,-0.11951,-0.17901,-0.28686,-0.48539,-0.7797,-0.97438,-0.99925,0
0,0.89127,0.54299,0.27277,0.14514,0.084961,0.05412,0.036965,0.026721,0.02022,0.015876,0.012845,0.010649,0.0090101,0.007753,0.0067671,0.0059785,0.005337,0.0048071,0.0043633,0.0039871,0.0036646,0.0033852,0.0031409,0.0029252,0.0027333,0.002561,0.0024053,0.0022633,0.0021329,0.0020124,0.0019002,0.0017949,0.0016955,0.0016009,0.0015104,0.0014232,0.0013385,0.001256,0.0011749,0.0010948,0.0010153,0.00093602,0.0008565,0.00077643,0.00069548,0.00061334,0.00052973,0.00044435,0.00035693,0.00026719,0.00017487,7.9682e-05,-1.8653e-05,-0.0001203,-0.00022546,-0.0003345,-0.00044786,-0.000566,-0.00068943,-0.00081871,-0.00095453,-0.0010977,-0.0012492,-0.0014102,-0.0015824,-0.0017676,-0.0019684,-0.002188,-0.0024304,-0.0027014,-0.0030079,-0.00336,-0.0037708,-0.0042588,-0.0048499,-0.0055812,-0.0065072,-0.0077103,-0.0093185,-0.011539,-0.014724,-0.019504,-0.027097,-0.040044,-0.064152,-0.11387,-0.227,-0.4871,-0.86442,0
0,0,0,0,0,0,0,0,0,0,0,0,0,0,0,0,0,0,0,0,0,0,0,0,0,0,0,0,0,0,0,0,0,0,0,0,0,0,0,0,0,0,0,0,0,0,0,0,0,0,0,0,0,0,0,0,0,0,0,0,0,0,0,0,0,0,0,0,0,0,0,0,0,0,0,0,0,0,0,0,0,0,0,0,0,0,0,0,0,0,0
