0,0,0,0,0,0,0,0,0,0,0,0,0,0,0,0,0,0,0,0,0,0,0,0,0,0,0,0,0,0,0,0,0,0,0,0,0,0,0,0,0,0,0,0,0,0,0,0,0,0,0,0,0,0,0,0,0,0,0,0,0,0,0,0,0,0,0,0,0,0,0,0,0,0,0,0,0,0,0,0,0,0,0,0,0,0,0,0,0,0,0
0,-0.7062,-0.4392,-0.24593,-0.090324,0.098959,0.62121,0.69013,0.36508,0.25289,0.19495,0.15861,0.1333,0.1145,0.099911,0.088241,0.078679,0.070698,0.063934,0.058126,0.053083,0.048662,0.044749,0.041257,0.038116,0.03527,0.03267,0.030278,0.028062,0.025993,0.024049,0.022208,0.020454,0.01877,0.017143,0.015562,0.014016,0.012494,0.010989,0.0094931,0.0079982,0.006498,0.0049861,0.0034564,0.0019031,0.00032034,-0.0012973,-0.0029552,-0.0046596,-0.0064165,-0.0082326,-0.010115,-0.012071,-0.01411,-0.016241,-0.018474,-0.020822,-0.0233,-0.025923,-0.028711,-0.031687,-0.03488,-0.038323,-0.042058,-0.046138,-0.050629,-0.055617,-0.061213,-0.06757,-0.074894,-0.083483,-0.093774,-0.10645,-0.12263,-0.14433,-0.17556,-0.22568,-0.32269,-0.59032,-0.86912,-0.28515,-0.11311,-0.030463,0.027487,0.080256,0.13855,0.21286,0.31796,0.47605,0.70804,0
0,-0.89693,-0.70512,-0.42327,0.10675,0.99988,0.7335,0.54553,0.43402,0.35868,0.30375,0.26176,0.22862,0.2018,0.17969,0.16117,0.14546,0.13197,0.12028,0.11005,0.10104,0.093024,0.085853,0.07939,0.073526,0.06817,0.063246,0.058689,0.054444,0.050463,0.046707,0.043139,0.039728,0.036447,0.033272,0.030181,0.027154,0.024174,0.021225,0.018293,0.015365,0.012427,0.009468,0.0064768,0.0034424,0.00035422,-0.0027981,-0.0060249,-0.0093372,-0.012746,-0.016264,-0.019903,-0.023677,-0.027602,-0.031693,-0.035969,-0.040452,-0.045165,-0.050136,-0.055398,-0.060988,-0.066951,-0.07334,-0.080222,-0.087674,-0.095794,-0.10471,-0.11457,-0.12557,-0.13799,-0.15219,-0.16865,-0.1881,-0.21159,-0.2408,-0.27851,-0.3298,-0.40494,-0.52741,-0.75237,-0.9987,-0.56358,-0.20638,-0.015476,0.12046,0.24451,0.37759,0.53162,0.70688,0.87993,0
0,-0.96825,-0.90258,-0.69873,0.84874,0.72712,0.63502,0.55612,0.48846,0.4308,0.38181,0.34014,0.30458,0.27408,0.24777,0.22495,0.20501,0.18751,0.17203,0.15828,0.14599,0.13494,0.12494,0.11586,0.10755,0.099906,0.092839,0.086263,0.080109,0.074314,0.068826,0.063596,0.058583,0.053749,0.049062,0.044491,0.04001,0.035594,0.031221,0.026871,0.022524,0.018164,0.013772,0.0093348,0.0048353,0.00025904,-0.0044086,-0.0091822,-0.014077,-0.019109,-0.024293,-0.029648,-0.035191,-0.040944,-0.046926,-0.053164,-0.059683,-0.066515,-0.073694,-0.081261,-0.089261,-0.097749,-0.10679,-0.11645,-0.12683,-0.13803,-0.15018,-0.16345,-0.17803,-0.19418,-0.21221,-0.23256,-0.25577,-0.28262,-0.31417,-0.35199,-0.39846,-0.45746,-0.53561,-0.64491,-0.80453,-0.98761,-0.77257,-0.22852,0.1175,0.34923,0.53753,0.70364,0.84489,0.9479,0
0,-0.99545,-0.99479,0.53045,0.70391,0.68365,0.63827,0.58706,0.53608,0.48791,0.44363,0.40357,0.36762,0.33552,0.30689,0.28134,0.25852,0.23807,0.2197,0.20314,0.18815,0.17453,0.1621,0.1507,0.1402,0.13049,0.12145,0.113,0.10505,0.097542,0.090402,0.083578,0.077018,0.070678,0.064518,0.058501,0.052593,0.046765,0.04099,0.03524,0.029493,0.023727,0.01792,0.012053,0.0061058,6.0582e-05,-0.0061012,-0.012398,-0.018848,-0.02547,-0.032285,-0.039312,-0.046574,-0.054094,-0.061898,-0.070013,-0.07847,-0.087304,-0.096552,-0.10626,-0.11647,-0.12725,-0.13865,-0.15076,-0.16367,-0.17746,-0.19227,-0.20824,-0.22555,-0.24438,-0.26501,-0.28773,-0.31292,-0.34105,-0.37272,-0.40869,-0.44997,-0.49793,-0.55449,-0.62254,-0.70673,-0.81457,-0.94942,-0.92209,-0.071635,0.45561,0.69204,0.83189,0.92224,0.97641,0
0,-0.99548,0.0092732,0.68221,0.72083,0.70087,0.66486,0.62301,0.57954,0.53669,0.49572,0.45727,0.42166,0.38894,0.35903,0.33177,0.30694,0.28434,0.26374,0.24494,0.22773,0.21195,0.19741,0.18399,0.17154,0.15994,0.1491,0.13891,0.12928,0.12015,0.11144,0.10309,0.095038,0.08724,0.079648,0.072219,0.064916,0.057702,0.050547,0.043419,0.036291,0.029138,0.021933,0.014655,0.0072799,-0.00021346,-0.0078465,-0.01564,-0.023617,-0.031796,-0.040202,-0.048857,-0.057785,-0.067011,-0.076564,-0.086472,-0.096767,-0.10749,-0.11867,-0.13035,-0.14259,-0.15544,-0.16895,-0.18321,-0.19827,-0.21425,-0.23123,-0.24933,-0.26869,-0.28945,-0.31179,-0.33591,-0.36203,-0.39039,-0.42128,-0.45501,-0.49189,-0.53228,-0.57653,-0.62504,-0.67828,-0.73711,-0.80379,-0.88654,-0.99982,0.59106,0.84406,0.92149,0.96466,0.98937,0
0,-0.76988,0.68249,0.76621,0.75927,0.73251,0.69781,0.65945,0.61968,0.57996,0.54125,0.50417,0.46911,0.43625,0.40566,0.37731,0.3511,0.32691,0.3046,0.284,0.26497,0.24735,0.23101,0.2158,0.20161,0.18831,0.17581,0.16401,0.15282,0.14216,0.13195,0.12214,0.11266,0.10345,0.094466,0.085662,0.076993,0.068422,0.059911,0.051428,0.04294,0.034419,0.025837,0.017168,0.0083855,-0.00053366,-0.0096135,-0.018877,-0.028349,-0.038051,-0.048007,-0.058243,-0.068782,-0.079652,-0.09088,-0.1025,-0.11453,-0.12702,-0.14,-0.15351,-0.1676,-0.18231,-0.1977,-0.21382,-0.23074,-0.24854,-0.26728,-0.28706,-0.30796,-0.33009,-0.35354,-0.37844,-0.40488,-0.43296,-0.46277,-0.49438,-0.52777,-0.5629,-0.59957,-0.63744,-0.67589,-0.71388,-0.74952,-0.77852,-0.78401,-0.37773,0.98516,0.97915,0.98763,0.99566,0
0,0.73957,0.83573,0.82379,0.79796,0.76629,0.73131,0.69444,0.65672,0.61899,0.58191,0.54595,0.51149,0.47874,0.44783,0.4188,0.39163,0.36627,0.34263,0.3206,0.30006,0.2809,0.26299,0.24622,0.23047,0.21564,0.20162,0.18833,0.17567,0.16357,0.15195,0.14074,0.12989,0.11932,0.10899,0.098845,0.088844,0.078944,0.069104,0.059288,0.049463,0.039597,0.029658,0.019619,0.0094519,-0.00086911,-0.01137,-0.022075,-0.033009,-0.044196,-0.055662,-0.067429,-0.079525,-0.091975,-0.10481,-0.11805,-0.13172,-0.14587,-0.16052,-0.17571,-0.19148,-0.20787,-0.22491,-0.24266,-0.26117,-0.28048,-0.30065,-0.32174,-0.3438,-0.36688,-0.39104,-0.41632,-0.44274,-0.47032,-0.49902,-0.52879,-0.55949,-0.5909,-0.62268,-0.6543,-0.68495,-0.71335,-0.73715,-0.75117,-0.7391,-0.60292,0.68957,0.9993,0.99855,0.99875,0
0,0.93146,0.89722,0.86475,0.83192,0.79798,0.76292,0.72703,0.69072,0.65444,0.61863,0.58364,0.54979,0.51729,0.48628,0.45686,0.42904,0.40283,0.37816,0.35498,0.33321,0.31274,0.29348,0.27534,0.2582,0.24198,0.22658,0.21191,0.19788,0.18443,0.17147,0.15893,0.14675,0.13487,0.12323,0.11179,0.10049,0.08929,0.078148,0.067026,0.055887,0.044697,0.033424,0.022038,0.01051,-0.0011877,-0.013082,-0.025198,-0.037561,-0.050196,-0.063126,-0.076378,-0.089974,-0.10394,-0.1183,-0.13308,-0.14831,-0.16401,-0.18021,-0.19694,-0.21423,-0.23212,-0.25063,-0.26979,-0.28964,-0.31022,-0.33155,-0.35366,-0.37658,-0.40033,-0.42491,-0.45032,-0.47654,-0.50353,-0.53121,-0.55944,-0.58806,-0.61681,-0.64533,-0.67311,-0.69944,-0.7232,-0.7425,-0.75352,-0.74617,-0.68099,-0.25579,0.90269,0.99787,0.99995,0
0,0.96658,0.92941,0.89439,0.86028,0.82615,0.79166,0.75679,0.72171,0.68668,0.65198,0.61789,0.58468,0.55252,0.52159,0.49197,0.46374,0.4369,0.41146,0.38736,0.36457,0.343,0.32258,0.30323,0.28486,0.26738,0.25072,0.23478,0.21948,0.20475,0.19052,0.17671,0.16327,0.15012,0.13722,0.12452,0.11195,0.099484,0.087068,0.074665,0.062237,0.049748,0.037164,0.024456,0.011591,-0.0014564,-0.014715,-0.028211,-0.041968,-0.056011,-0.070364,-0.085049,-0.10009,-0.11551,-0.13132,-0.14756,-0.16424,-0.18139,-0.19903,-0.21717,-0.23585,-0.25508,-0.27488,-0.29527,-0.31627,-0.3379,-0.36016,-0.38307,-0.40663,-0.43082,-0.45563,-0.48103,-0.50696,-0.53336,-0.56012,-0.58709,-0.61411,-0.64091,-0.6672,-0.69255,-0.71639,-0.73788,-0.75569,-0.76732,-0.76704,-0.73722,-0.59057,0.32088,0.9702,0.99938,0
0,0.97967,0.94866,0.91618,0.88346,0.8505,0.8172,0.78359,0.74978,0.71595,0.68233,0.64914,0.6166,0.58488,0.55415,0.5245,0.49603,0.46878,0.44275,0.41793,0.3943,0.37181,0.35039,0.32999,0.31052,0.29191,0.27409,0.25697,0.24049,0.22457,0.20913,0.19412,0.17946,0.1651,0.15099,0.13705,0.12326,0.10955,0.095892,0.082235,0.068543,0.054779,0.04091,0.026903,0.012729,-0.0016417,-0.016236,-0.031078,-0.046194,-0.061606,-0.077336,-0.093404,-0.10983,-0.12664,-0.14384,-0.16146,-0.17951,-0.19801,-0.21697,-0.23641,-0.25633,-0.27676,-0.2977,-0.31916,-0.34114,-0.36364,-0.38666,-0.41019,-0.43421,-0.45869,-0.48361,-0.5089,-0.53451,-0.56034,-0.5863,-0.61224,-0.638,-0.66337,-0.68809,-0.71185,-0.73421,-0.75461,-0.77215,-0.78534,-0.79109,-0.78136,-0.72657,-0.42586,0.80559,0.99519,0
0,0.98619,0.96114,0.93244,0.90226,0.87123,0.83959,0.80748,0.77505,0.74248,0.70997,0.67771,0.64589,0.6147,0.58427,0.55474,0.52618,0.49866,0.47221,0.44684,0.42254,0.39928,0.37701,0.35568,0.33524,0.31561,0.29674,0.27854,0.26096,0.24391,0.22734,0.21118,0.19537,0.17984,0.16455,0.14943,0.13444,0.11952,0.10465,0.089764,0.074834,0.059821,0.044692,0.029413,0.013956,-0.0017096,-0.017608,-0.033765,-0.050203,-0.066943,-0.084006,-0.10141,-0.11917,-0.1373,-0.15582,-0.17474,-0.19408,-0.21383,-0.23401,-0.25463,-0.27569,-0.2972,-0.31914,-0.34152,-0.36433,-0.38756,-0.41119,-0.4352,-0.45955,-0.48422,-0.50915,-0.53429,-0.55956,-0.58487,-0.61013,-0.63522,-0.65999,-0.68426,-0.70786,-0.73053,-0.75198,-0.77184,-0.78956,-0.80432,-0.81454,-0.81671,-0.80041,-0.71653,-0.028818,0.97604,0
0,0.98997,0.96968,0.94477,0.91748,0.88876,0.85905,0.82862,0.79769,0.76646,0.73511,0.70383,0.67281,0.64223,0.61221,0.5829,0.55439,0.52674,0.50002,0.47424,0.4494,0.4255,0.40251,0.38039,0.35908,0.33854,0.31871,0.29952,0.28091,0.26282,0.24518,0.22793,0.21101,0.19436,0.17793,0.16166,0.14551,0.12943,0.11336,0.097281,0.081141,0.064906,0.048542,0.032018,0.015305,-0.0016261,-0.018799,-0.036236,-0.05396,-0.071988,-0.090339,-0.10903,-0.12806,-0.14746,-0.16724,-0.18739,-0.20792,-0.22885,-0.25016,-0.27186,-0.29394,-0.3164,-0.33923,-0.36242,-0.38594,-0.40977,-0.43389,-0.45827,-0.48287,-0.50764,-0.53253,-0.55747,-0.58241,-0.60725,-0.63191,-0.65628,-0.68024,-0.70366,-0.7264,-0.74829,-0.76914,-0.78871,-0.8067,-0.8227,-0.836,-0.84521,-0.84692,-0.82914,-0.70867,0.79933,0
0,0.99238,0.97577,0.95426,0.92984,0.90353,0.87588,0.84726,0.81792,0.78808,0.75795,0.72773,0.69758,0.66767,0.63816,0.60918,0.58082,0.55317,0.52629,0.50023,0.47499,0.45057,0.42697,0.40416,0.3821,0.36075,0.34005,0.31995,0.30039,0.28132,0.26267,0.24439,0.22641,0.20869,0.19117,0.17379,0.15651,0.13929,0.12207,0.10482,0.087495,0.070064,0.052493,0.034751,0.016809,-0.0013575,-0.019773,-0.038458,-0.05743,-0.076707,-0.096302,-0.11623,-0.13649,-0.1571,-0.17806,-0.19937,-0.22103,-0.24304,-0.2654,-0.28809,-0.3111,-0.33442,-0.35803,-0.38191,-0.40603,-0.43037,-0.45489,-0.47955,-0.50432,-0.52913,-0.55394,-0.57868,-0.6033,-0.62771,-0.65183,-0.67559,-0.69888,-0.72162,-0.74368,-0.76497,-0.78536,-0.80473,-0.82292,-0.83977,-0.85502,-0.86827,-0.87868,-0.88393,-0.87379,-0.67135,0
0,0.99401,0.98026,0.96167,0.93992,0.91597,0.89041,0.86363,0.83593,0.80755,0.7787,0.74957,0.72035,0.69121,0.66229,0.63372,0.60562,0.57807,0.55116,0.52492,0.49938,0.47457,0.45047,0.42707,0.40435,0.38227,0.36079,0.33986,0.31943,0.29944,0.27985,0.26059,0.24161,0.22286,0.20429,0.18584,0.16747,0.14914,0.1308,0.1124,0.093927,0.075328,0.056577,0.037644,0.018503,-0.00087063,-0.020497,-0.040396,-0.060581,-0.081067,-0.10186,-0.12298,-0.14441,-0.16618,-0.18826,-0.21067,-0.23339,-0.25641,-0.27973,-0.30333,-0.32718,-0.35127,-0.37557,-0.40006,-0.4247,-0.44946,-0.4743,-0.49918,-0.52405,-0.54887,-0.57357,-0.59811,-0.62241,-0.64643,-0.67008,-0.69331,-0.71603,-0.73818,-0.75969,-0.78048,-0.80048,-0.81964,-0.83791,-0.85523,-0.8716,-0.887,-0.90149,-0.91516,-0.92811,-0.93811,0
0,0.99518,0.98365,0.96754,0.9482,0.92648,0.90295,0.878,0.85195,0.82505,0.79751,0.76954,0.74131,0.71299,0.68472,0.65666,0.62891,0.60156,0.57471,0.54839,0.52267,0.49756,0.47306,0.44917,0.42589,0.40317,0.38099,0.3593,0.33806,0.31723,0.29674,0.27656,0.25663,0.2369,0.21732,0.19784,0.17842,0.15901,0.13957,0.12007,0.10047,0.08073,0.060826,0.04073,0.020418,-0.00013288,-0.02094,-0.042019,-0.063382,-0.085039,-0.107,-0.12925,-0.15182,-0.17468,-0.19783,-0.22127,-0.24499,-0.26896,-0.29317,-0.31759,-0.34221,-0.36699,-0.39191,-0.41693,-0.44202,-0.46713,-0.49223,-0.51727,-0.54221,-0.56699,-0.59158,-0.6159,-0.63992,-0.66357,-0.6868,-0.70955,-0.73178,-0.75342,-0.77444,-0.79478,-0.81442,-0.83334,-0.85153,-0.86902,-0.88589,-0.90227,-0.91843,-0.93487,-0.95261,-0.97369,0
0,0.99604,0.98627,0.97225,0.95504,0.93538,0.91377,0.89061,0.8662,0.84078,0.81458,0.78778,0.76058,0.73314,0.7056,0.67812,0.65079,0.62373,0.59703,0.57074,0.54492,0.5196,0.4948,0.47051,0.44675,0.42347,0.40067,0.37829,0.35632,0.3347,0.31339,0.29234,0.27151,0.25084,0.23029,0.20982,0.18938,0.16893,0.14844,0.12785,0.10715,0.086302,0.065273,0.044042,0.022586,0.00088732,-0.02107,-0.043297,-0.065803,-0.088594,-0.11167,-0.13503,-0.15867,-0.18259,-0.20676,-0.23118,-0.25582,-0.28067,-0.30571,-0.3309,-0.35621,-0.38162,-0.40709,-0.43258,-0.45805,-0.48346,-0.50877,-0.53393,-0.55891,-0.58364,-0.60809,-0.63221,-0.65595,-0.67926,-0.7021,-0.72443,-0.7462,-0.76739,-0.78796,-0.80788,-0.82716,-0.84578,-0.86378,-0.88121,-0.89815,-0.91477,-0.93132,-0.94818,-0.96593,-0.98491,0
0,0.99669,0.98833,0.97607,0.96074,0.94294,0.92314,0.90169,0.87886,0.85491,0.83004,0.80445,0.77831,0.75179,0.72504,0.69819,0.67137,0.64468,0.6182,0.59203,0.5662,0.54076,0.51573,0.49114,0.46697,0.44322,0.41987,0.39688,0.37424,0.3519,0.32981,0.30795,0.28626,0.26471,0.24324,0.22181,0.20039,0.17894,0.15741,0.13578,0.11401,0.092074,0.069948,0.047609,0.025038,0.0022205,-0.020857,-0.044201,-0.067818,-0.091707,-0.11587,-0.14029,-0.16497,-0.18988,-0.21503,-0.24037,-0.2659,-0.29157,-0.31738,-0.34327,-0.36923,-0.3952,-0.42116,-0.44706,-0.47287,-0.49853,-0.52401,-0.54927,-0.57425,-0.59892,-0.62323,-0.64715,-0.67062,-0.69362,-0.7161,-0.73804,-0.7594,-0.78016,-0.80031,-0.81983,-0.83872,-0.85701,-0.87472,-0.8919,-0.90864,-0.92506,-0.94132,-0.95763,-0.97407,-0.98997,0
0,0.9972,0.98999,0.97921,0.96552,0.94941,0.93128,0.91143,0.89013,0.86761,0.84407,0.81968,0.79463,0.76906,0.74313,0.71698,0.69072,0.66446,0.6383,0.61231,0.58656,0.56108,0.53592,0.51109,0.4866,0.46245,0.43862,0.41509,0.39184,0.36884,0.34604,0.32342,0.30093,0.27853,0.25618,0.23384,0.21148,0.18905,0.16653,0.14388,0.12107,0.098079,0.074883,0.051464,0.027805,0.0038959,-0.020273,-0.044704,-0.069399,-0.094354,-0.11956,-0.14501,-0.17068,-0.19656,-0.22263,-0.24885,-0.27521,-0.30166,-0.32819,-0.35474,-0.38128,-0.40777,-0.43417,-0.46044,-0.48654,-0.51242,-0.53804,-0.56336,-0.58834,-0.61294,-0.63711,-0.66083,-0.68405,-0.70675,-0.7289,-0.75047,-0.77144,-0.79181,-0.81155,-0.83067,-0.84918,-0.86709,-0.88443,-0.90124,-0.9176,-0.93357,-0.94922,-0.96458,-0.97943,-0.99273,0
0,0.99761,0.99133,0.98181,0.96955,0.95496,0.93836,0.92002,0.90018,0.87904,0.85679,0.8336,0.80964,0.78505,0.75999,0.73458,0.70893,0.68317,0.65739,0.63166,0.60605,0.58061,0.55539,0.53041,0.50567,0.48119,0.45696,0.43296,0.40917,0.38556,0.36211,0.33878,0.31553,0.29234,0.26915,0.24594,0.22267,0.19931,0.17582,0.15218,0.12836,0.10435,0.080108,0.055635,0.030916,0.0059415,-0.019291,-0.044782,-0.070526,-0.096515,-0.12274,-0.14918,-0.17581,-0.20261,-0.22956,-0.25663,-0.28377,-0.31096,-0.33816,-0.36532,-0.3924,-0.41937,-0.44618,-0.47278,-0.49914,-0.52521,-0.55095,-0.57631,-0.60127,-0.62579,-0.64982,-0.67334,-0.69633,-0.71875,-0.74058,-0.76181,-0.78242,-0.8024,-0.82176,-0.84048,-0.85859,-0.87609,-0.89302,-0.9094,-0.92526,-0.94064,-0.95553,-0.96983,-0.98318,-0.99442,0
0,0.99793,0.99243,0.98399,0.97299,0.95975,0.94454,0.92761,0.90914,0.88933,0.86834,0.84633,0.82346,0.79987,0.77569,0.75106,0.72608,0.70087,0.67552,0.65012,0.62473,0.5994,0.57419,0.54912,0.52422,0.49948,0.47491,0.4505,0.42623,0.40209,0.37804,0.35405,0.3301,0.30616,0.28218,0.25814,0.234,0.20974,0.18532,0.16072,0.13592,0.11091,0.085652,0.060152,0.034397,0.008384,-0.017887,-0.04441,-0.071176,-0.098171,-0.12538,-0.15278,-0.18034,-0.20804,-0.23583,-0.2637,-0.2916,-0.31948,-0.34731,-0.37505,-0.40264,-0.43005,-0.45723,-0.48414,-0.51073,-0.53696,-0.5628,-0.5882,-0.61313,-0.63756,-0.66146,-0.6848,-0.70755,-0.72971,-0.75124,-0.77215,-0.79241,-0.81203,-0.831,-0.84934,-0.86704,-0.88412,-0.9006,-0.9165,-0.93181,-0.94654,-0.96063,-0.97389,-0.9859,-0.99554,0
0,0.9982,0.99335,0.98583,0.97593,0.9639,0.94997,0.93433,0.91716,0.89861,0.87884,0.85799,0.8362,0.8136,0.79033,0.7665,0.74223,0.71762,0.69276,0.66774,0.64263,0.61749,0.59236,0.56727,0.54226,0.51734,0.4925,0.46775,0.44306,0.41844,0.39385,0.36927,0.34466,0.32002,0.29529,0.27046,0.24549,0.22036,0.19505,0.16952,0.14378,0.11779,0.091544,0.065042,0.038276,0.011249,-0.016036,-0.043567,-0.07133,-0.099307,-0.12747,-0.1558,-0.18426,-0.21282,-0.24144,-0.27008,-0.2987,-0.32724,-0.35568,-0.38396,-0.41203,-0.43985,-0.46738,-0.49456,-0.52136,-0.54775,-0.57367,-0.5991,-0.624,-0.64834,-0.67211,-0.69527,-0.71781,-0.73971,-0.76096,-0.78156,-0.80149,-0.82076,-0.83936,-0.85731,-0.87461,-0.89127,-0.90729,-0.92268,-0.93743,-0.9515,-0.96479,-0.97709,-0.98793,-0.99632,0
0,0.99842,0.99413,0.9874,0.97846,0.96752,0.95475,0.94031,0.92434,0.90699,0.88839,0.86866,0.84794,0.82634,0.80398,0.78098,0.75744,0.73347,0.70915,0.68457,0.6598,0.6349,0.60992,0.58489,0.55984,0.53479,0.50975,0.48472,0.45969,0.43464,0.40957,0.38444,0.35924,0.33394,0.30851,0.28293,0.25717,0.23121,0.20504,0.17862,0.15195,0.12502,0.097812,0.070332,0.042579,0.014559,-0.013717,-0.042234,-0.070972,-0.099907,-0.12901,-0.15825,-0.18759,-0.21698,-0.24639,-0.27578,-0.30509,-0.33427,-0.36329,-0.39208,-0.42061,-0.44882,-0.47667,-0.50412,-0.53112,-0.55763,-0.58363,-0.60908,-0.63395,-0.65821,-0.68185,-0.70484,-0.72717,-0.74883,-0.76982,-0.79012,-0.80973,-0.82866,-0.84691,-0.86449,-0.88139,-0.89762,-0.91319,-0.92808,-0.94226,-0.95569,-0.96823,-0.97965,-0.9895,-0.99688,0
0,0.9986,0.99478,0.98875,0.98066,0.97069,0.95897,0.94564,0.9308,0.91458,0.8971,0.87846,0.85877,0.83816,0.81672,0.79456,0.77179,0.74849,0.72475,0.70066,0.67628,0.65168,0.62691,0.60199,0.57698,0.55187,0.52669,0.50145,0.47612,0.45072,0.42522,0.3996,0.37385,0.34795,0.32186,0.29558,0.26907,0.24232,0.21532,0.18804,0.16048,0.13263,0.10448,0.076048,0.04733,0.018339,-0.010909,-0.040393,-0.070087,-0.099961,-0.12998,-0.16011,-0.1903,-0.22051,-0.2507,-0.28081,-0.31079,-0.34059,-0.37017,-0.39946,-0.42842,-0.457,-0.48516,-0.51286,-0.54005,-0.56669,-0.59276,-0.61822,-0.64306,-0.66724,-0.69076,-0.71359,-0.73572,-0.75715,-0.77788,-0.7979,-0.81721,-0.83582,-0.85373,-0.87094,-0.88745,-0.90327,-0.91839,-0.93279,-0.94643,-0.95924,-0.97108,-0.98172,-0.99073,-0.99731,0
0,0.99876,0.99535,0.98991,0.98258,0.97348,0.96272,0.9504,0.93662,0.92146,0.90505,0.88745,0.86879,0.84914,0.82862,0.80731,0.78531,0.76272,0.7396,0.71604,0.69211,0.66786,0.64335,0.61861,0.59369,0.56859,0.54334,0.51794,0.49239,0.46669,0.44082,0.41477,0.38852,0.36206,0.33537,0.30843,0.28121,0.25371,0.22591,0.1978,0.16938,0.14064,0.11158,0.082215,0.052552,0.022608,-0.0075933,-0.038027,-0.068661,-0.099459,-0.13038,-0.16138,-0.19241,-0.22343,-0.25437,-0.28519,-0.31583,-0.34623,-0.37635,-0.40613,-0.43551,-0.46445,-0.49291,-0.52084,-0.54821,-0.57498,-0.60111,-0.62659,-0.6514,-0.6755,-0.6989,-0.72158,-0.74353,-0.76475,-0.78523,-0.80498,-0.82401,-0.8423,-0.85988,-0.87673,-0.89287,-0.90829,-0.92298,-0.9369,-0.95003,-0.96226,-0.97347,-0.98342,-0.99171,-0.99764,0
0,0.99889,0.99583,0.99092,0.98427,0.97595,0.96606,0.95467,0.94187,0.92772,0.91231,0.89573,0.87805,0.85935,0.83974,0.81929,0.79808,0.77621,0.75374,0.73075,0.70731,0.68346,0.65927,0.63477,0.61,0.58497,0.55971,0.53422,0.5085,0.48256,0.45638,0.42996,0.40327,0.37631,0.34906,0.3215,0.29362,0.2654,0.23685,0.20794,0.17868,0.14908,0.11913,0.088856,0.058267,0.027389,-0.0037511,-0.03512,-0.066681,-0.098391,-0.1302,-0.16207,-0.19393,-0.22573,-0.25742,-0.28894,-0.32023,-0.35122,-0.38187,-0.41212,-0.44192,-0.47121,-0.49996,-0.52812,-0.55567,-0.58255,-0.60876,-0.63426,-0.65903,-0.68307,-0.70636,-0.72889,-0.75066,-0.77167,-0.79193,-0.81142,-0.83017,-0.84817,-0.86543,-0.88195,-0.89772,-0.91276,-0.92703,-0.94051,-0.95315,-0.96485,-0.97549,-0.98483,-0.9925,-0.99789,0
0,0.99901,0.99625,0.99181,0.98575,0.97814,0.96905,0.95852,0.94662,0.93342,0.91897,0.90335,0.88662,0.86886,0.85014,0.83054,0.81014,0.78901,0.76721,0.74483,0.72191,0.69852,0.6747,0.65049,0.62593,0.60103,0.57582,0.5503,0.52448,0.49836,0.47194,0.44519,0.41812,0.39071,0.36295,0.33482,0.30632,0.27743,0.24815,0.21848,0.18842,0.15798,0.12716,0.095996,0.064499,0.032701,0.00063486,-0.031659,-0.064137,-0.09675,-0.12944,-0.16216,-0.19485,-0.22744,-0.25987,-0.29208,-0.32401,-0.35559,-0.38676,-0.41748,-0.44768,-0.47733,-0.50636,-0.53476,-0.56247,-0.58948,-0.61575,-0.64127,-0.66602,-0.68999,-0.71318,-0.73558,-0.75718,-0.778,-0.79803,-0.81729,-0.83577,-0.85349,-0.87044,-0.88664,-0.90207,-0.91674,-0.93062,-0.94368,-0.95586,-0.96708,-0.9772,-0.986,-0.99315,-0.9981,0
0,0.99911,0.99662,0.99259,0.98707,0.9801,0.97172,0.96199,0.95094,0.93862,0.92508,0.91038,0.89457,0.87772,0.85988,0.84113,0.82153,0.80115,0.78006,0.75831,0.73596,0.71306,0.68966,0.6658,0.6415,0.61679,0.59168,0.5662,0.54034,0.5141,0.48749,0.46048,0.43308,0.40528,0.37706,0.34841,0.31933,0.28981,0.25984,0.22944,0.19861,0.16735,0.1357,0.10366,0.071269,0.038563,0.0055813,-0.02763,-0.061019,-0.09453,-0.1281,-0.16168,-0.19518,-0.22856,-0.26173,-0.29463,-0.32719,-0.35936,-0.39106,-0.42224,-0.45285,-0.48284,-0.51217,-0.54079,-0.56868,-0.59581,-0.62215,-0.6477,-0.67243,-0.69635,-0.71944,-0.7417,-0.76315,-0.78379,-0.80361,-0.82263,-0.84086,-0.85831,-0.87498,-0.89086,-0.90597,-0.92029,-0.9338,-0.94647,-0.95823,-0.96901,-0.97867,-0.98699,-0.99369,-0.99826,0
0,0.9992,0.99695,0.99328,0.98824,0.98185,0.97414,0.96513,0.95487,0.94338,0.9307,0.91688,0.90195,0.88598,0.86901,0.8511,0.8323,0.81269,0.79231,0.77122,0.74947,0.7271,0.70416,0.68069,0.65671,0.63225,0.60731,0.58192,0.55608,0.52979,0.50305,0.47584,0.44817,0.42003,0.3914,0.36228,0.33267,0.30256,0.27195,0.24085,0.20928,0.17724,0.14476,0.11186,0.078597,0.044994,0.011105,-0.023018,-0.057316,-0.091726,-0.12618,-0.16061,-0.19494,-0.2291,-0.26301,-0.29661,-0.32982,-0.36257,-0.3948,-0.42645,-0.45747,-0.48781,-0.51743,-0.54628,-0.57435,-0.6016,-0.62802,-0.6536,-0.67832,-0.70218,-0.72518,-0.74733,-0.76863,-0.78909,-0.80871,-0.82752,-0.84551,-0.86269,-0.87908,-0.89468,-0.90948,-0.92347,-0.93663,-0.94893,-0.96031,-0.97069,-0.97992,-0.98784,-0.99414,-0.9984,0
0,0.99928,0.99723,0.9939,0.98929,0.98342,0.97632,0.96799,0.95845,0.94774,0.93587,0.92289,0.90881,0.89369,0.87756,0.86048,0.84249,0.82365,0.804,0.78359,0.76246,0.74067,0.71823,0.6952,0.67159,0.64742,0.62272,0.59748,0.57172,0.54544,0.51863,0.49128,0.4634,0.43498,0.406,0.37646,0.34636,0.31571,0.28449,0.25274,0.22045,0.18765,0.15437,0.12064,0.086505,0.052014,0.017222,-0.017811,-0.053019,-0.08833,-0.12367,-0.15896,-0.19412,-0.22908,-0.26374,-0.29804,-0.3319,-0.36524,-0.39801,-0.43014,-0.46158,-0.49227,-0.52218,-0.55128,-0.57953,-0.60691,-0.63341,-0.65902,-0.68373,-0.70755,-0.73047,-0.7525,-0.77366,-0.79395,-0.81339,-0.83198,-0.84975,-0.86669,-0.88282,-0.89813,-0.91264,-0.92632,-0.93916,-0.95112,-0.96214,-0.97215,-0.98101,-0.98855,-0.99452,-0.99852,0
0,0.99934,0.99749,0.99445,0.99023,0.98484,0.97829,0.97058,0.96173,0.95175,0.94065,0.92845,0.91519,0.9009,0.8856,0.86933,0.85214,0.83407,0.81515,0.79544,0.77497,0.75377,0.73188,0.70933,0.68614,0.66233,0.63791,0.61289,0.58727,0.56105,0.53423,0.50681,0.47878,0.45013,0.42086,0.39096,0.36043,0.32927,0.2975,0.26511,0.23214,0.19861,0.16455,0.13,0.095014,0.059643,0.02395,-0.011995,-0.048117,-0.084337,-0.12057,-0.15674,-0.19274,-0.2285,-0.26393,-0.29895,-0.33347,-0.36742,-0.40074,-0.43335,-0.46521,-0.49627,-0.52648,-0.55582,-0.58426,-0.61178,-0.63837,-0.66402,-0.68873,-0.7125,-0.73535,-0.75728,-0.7783,-0.79844,-0.81769,-0.83609,-0.85363,-0.87034,-0.88622,-0.90127,-0.9155,-0.92889,-0.94142,-0.95307,-0.96376,-0.97343,-0.98196,-0.98917,-0.99484,-0.99861,0
0,0.99941,0.99772,0.99494,0.99108,0.98613,0.98008,0.97295,0.96473,0.95543,0.94506,0.93362,0.92114,0.90764,0.89314,0.87767,0.86127,0.84397,0.82581,0.80681,0.78701,0.76644,0.74513,0.7231,0.70038,0.67697,0.65289,0.62813,0.60272,0.57663,0.54988,0.52244,0.49432,0.46551,0.436,0.40579,0.37488,0.34327,0.31098,0.27801,0.24439,0.21015,0.17533,0.13998,0.10415,0.067899,0.031306,-0.0055552,-0.0426,-0.079741,-0.11689,-0.15394,-0.19081,-0.22739,-0.26361,-0.29935,-0.33456,-0.36913,-0.40301,-0.43612,-0.46842,-0.49985,-0.53037,-0.55996,-0.5886,-0.61626,-0.64294,-0.66864,-0.69335,-0.71709,-0.73987,-0.7617,-0.7826,-0.80258,-0.82166,-0.83987,-0.8572,-0.87369,-0.88933,-0.90413,-0.91809,-0.93121,-0.94346,-0.95481,-0.9652,-0.97457,-0.98279,-0.98971,-0.99512,-0.99869,0
0,0.99946,0.99792,0.99539,0.99185,0.98729,0.98172,0.97512,0.96749,0.95883,0.94914,0.93842,0.92669,0.91395,0.90023,0.88555,0.86993,0.8534,0.83598,0.8177,0.7986,0.77868,0.75798,0.73652,0.7143,0.69135,0.66766,0.64323,0.61808,0.59219,0.56556,0.53817,0.51003,0.48112,0.45143,0.42097,0.38973,0.35772,0.32495,0.29144,0.25721,0.22229,0.18674,0.15059,0.11393,0.076805,0.039309,0.0015241,-0.036456,-0.074533,-0.11261,-0.15057,-0.18832,-0.22576,-0.26277,-0.29928,-0.33518,-0.3704,-0.40485,-0.43848,-0.47123,-0.50305,-0.5339,-0.56375,-0.59259,-0.6204,-0.64718,-0.67293,-0.69766,-0.72137,-0.74408,-0.76582,-0.7866,-0.80643,-0.82535,-0.84336,-0.8605,-0.87677,-0.89218,-0.90674,-0.92046,-0.93332,-0.9453,-0.95638,-0.96649,-0.97557,-0.98352,-0.99018,-0.99536,-0.99876,0
0,0.99951,0.99811,0.99579,0.99254,0.98835,0.98321,0.97711,0.97003,0.96197,0.95292,0.94288,0.93186,0.91987,0.9069,0.89298,0.87813,0.86236,0.84569,0.82815,0.80975,0.79052,0.77046,0.74959,0.72793,0.70547,0.68222,0.65818,0.63335,0.60772,0.58127,0.554,0.5259,0.49696,0.46716,0.43651,0.405,0.37264,0.33945,0.30543,0.27062,0.23505,0.19879,0.16187,0.12438,0.086384,0.047979,0.0092601,-0.029671,-0.068704,-0.10773,-0.14663,-0.18529,-0.2236,-0.26145,-0.29874,-0.33537,-0.37125,-0.40631,-0.44048,-0.47369,-0.50591,-0.5371,-0.56723,-0.59628,-0.62425,-0.65113,-0.67694,-0.70168,-0.72537,-0.74802,-0.76967,-0.79033,-0.81002,-0.82878,-0.84662,-0.86356,-0.87962,-0.89481,-0.90915,-0.92263,-0.93524,-0.94697,-0.95779,-0.96765,-0.97647,-0.98417,-0.9906,-0.99557,-0.99882,0
0,0.99955,0.99827,0.99615,0.99317,0.98932,0.98458,0.97893,0.97237,0.96487,0.95643,0.94704,0.9367,0.92541,0.91318,0.90001,0.88591,0.87089,0.85498,0.83817,0.82049,0.80195,0.78256,0.76232,0.74125,0.71933,0.69658,0.67298,0.64853,0.62322,0.59702,0.56993,0.54194,0.51303,0.48319,0.45241,0.4207,0.38804,0.35447,0.31999,0.28465,0.24847,0.21151,0.17384,0.13552,0.096659,0.05734,0.017672,-0.022229,-0.062243,-0.10225,-0.14211,-0.18172,-0.22094,-0.25966,-0.29776,-0.33515,-0.37173,-0.40741,-0.44214,-0.47584,-0.50848,-0.54002,-0.57043,-0.59971,-0.62784,-0.65484,-0.68071,-0.70547,-0.72913,-0.75173,-0.77329,-0.79384,-0.8134,-0.832,-0.84966,-0.86641,-0.88227,-0.89726,-0.91137,-0.92462,-0.937,-0.9485,-0.95908,-0.96869,-0.97728,-0.98475,-0.99097,-0.99575,-0.99887,0
0,0.99959,0.99843,0.99648,0.99375,0.99021,0.98583,0.98061,0.97452,0.96755,0.95969,0.95091,0.94122,0.93062,0.91909,0.90664,0.89328,0.87901,0.86384,0.84778,0.83083,0.813,0.79429,0.77472,0.75427,0.73294,0.71073,0.68763,0.66361,0.63868,0.6128,0.58596,0.55815,0.52934,0.49952,0.46868,0.43682,0.40394,0.37004,0.33516,0.29931,0.26255,0.22493,0.18652,0.14739,0.10766,0.067415,0.026783,-0.014112,-0.055136,-0.096153,-0.13702,-0.17761,-0.21778,-0.25741,-0.29636,-0.33454,-0.37185,-0.40819,-0.4435,-0.47771,-0.51079,-0.54269,-0.5734,-0.60292,-0.63122,-0.65834,-0.68428,-0.70906,-0.73271,-0.75525,-0.77673,-0.79716,-0.81658,-0.83503,-0.85252,-0.86909,-0.88476,-0.89953,-0.91344,-0.92647,-0.93863,-0.9499,-0.96025,-0.96965,-0.97801,-0.98527,-0.99129,-0.99592,-0.99892,0
0,0.99963,0.99856,0.99679,0.99428,0.99102,0.98698,0.98216,0.97652,0.97004,0.96272,0.95452,0.94546,0.9355,0.92465,0.91291,0.90027,0.88673,0.8723,0.85698,0.84077,0.82366,0.80567,0.78678,0.76699,0.74629,0.72467,0.70211,0.67859,0.6541,0.6286,0.60208,0.57452,0.54588,0.51616,0.48533,0.45339,0.42034,0.38618,0.35094,0.31464,0.27734,0.23908,0.19994,0.16002,0.11941,0.078232,0.036616,-0.0052985,-0.047366,-0.089434,-0.13135,-0.17297,-0.21413,-0.25471,-0.29456,-0.33357,-0.37164,-0.40867,-0.4446,-0.47935,-0.51288,-0.54517,-0.57619,-0.60595,-0.63444,-0.66168,-0.68768,-0.71249,-0.73612,-0.75862,-0.78,-0.80033,-0.81962,-0.83791,-0.85523,-0.87162,-0.8871,-0.90168,-0.91537,-0.9282,-0.94014,-0.9512,-0.96134,-0.97052,-0.97868,-0.98574,-0.99159,-0.99606,-0.99896,0
0,0.99966,0.99869,0.99706,0.99476,0.99176,0.98804,0.98358,0.97836,0.97235,0.96553,0.95789,0.94941,0.94008,0.92989,0.91883,0.9069,0.89408,0.88038,0.8658,0.85033,0.83396,0.81669,0.79851,0.77941,0.75938,0.73839,0.71642,0.69345,0.66946,0.64441,0.61828,0.59104,0.56265,0.53309,0.50235,0.4704,0.43725,0.4029,0.36735,0.33066,0.29284,0.25398,0.21414,0.17343,0.13195,0.089823,0.047202,0.0042367,-0.038912,-0.082076,-0.12509,-0.16778,-0.20999,-0.25157,-0.29237,-0.33226,-0.37113,-0.40889,-0.44546,-0.48077,-0.51479,-0.54748,-0.57883,-0.60884,-0.63752,-0.66489,-0.69097,-0.7158,-0.73942,-0.76186,-0.78316,-0.80337,-0.82253,-0.84067,-0.85782,-0.87403,-0.88932,-0.9037,-0.9172,-0.92981,-0.94155,-0.9524,-0.96234,-0.97132,-0.97929,-0.98618,-0.99186,-0.9962,-0.99899,0
0,0.99969,0.9988,0.99731,0.9952,0.99244,0.98902,0.9849,0.98007,0.97449,0.96815,0.96104,0.95312,0.94439,0.93483,0.92443,0.91318,0.90107,0.88809,0.87424,0.85951,0.84389,0.82736,0.80991,0.79153,0.77219,0.75188,0.73055,0.70819,0.68476,0.66022,0.63455,0.60769,0.57963,0.55032,0.51974,0.48786,0.45468,0.4202,0.38442,0.34737,0.3091,0.26967,0.22916,0.18766,0.1453,0.10222,0.058574,0.014523,-0.029749,-0.074059,-0.11822,-0.16205,-0.20536,-0.248,-0.2898,-0.33062,-0.37035,-0.40888,-0.44613,-0.48204,-0.51656,-0.54967,-0.58136,-0.61163,-0.64051,-0.66801,-0.69417,-0.71902,-0.74262,-0.765,-0.78622,-0.80632,-0.82534,-0.84332,-0.86031,-0.87634,-0.89144,-0.90563,-0.91893,-0.93134,-0.94288,-0.95354,-0.96327,-0.97207,-0.97986,-0.98657,-0.9921,-0.99632,-0.99903,0
0,0.99972,0.99891,0.99754,0.99561,0.99307,0.98992,0.98612,0.98164,0.97648,0.97059,0.96397,0.95659,0.94842,0.93947,0.92971,0.91912,0.90771,0.89544,0.88232,0.86833,0.85346,0.83768,0.82098,0.80334,0.78473,0.76513,0.74449,0.72279,0.69997,0.67602,0.65087,0.62448,0.59681,0.56783,0.53749,0.50576,0.47263,0.43809,0.40215,0.36481,0.32614,0.28617,0.24501,0.20275,0.15952,0.11547,0.070768,0.025596,-0.019848,-0.065358,-0.11073,-0.15576,-0.20025,-0.24401,-0.28687,-0.32869,-0.36932,-0.40866,-0.44663,-0.48317,-0.51822,-0.55177,-0.58382,-0.61437,-0.64344,-0.67108,-0.69731,-0.72219,-0.74577,-0.7681,-0.78922,-0.8092,-0.82808,-0.84591,-0.86272,-0.87857,-0.89348,-0.90748,-0.92058,-0.9328,-0.94415,-0.9546,-0.96416,-0.97277,-0.98039,-0.98694,-0.99233,-0.99643,-0.99906,0
0,0.99974,0.999,0.99775,0.99598,0.99365,0.99075,0.98724,0.98311,0.97832,0.97286,0.96671,0.95983,0.95221,0.94384,0.93469,0.92476,0.91401,0.90245,0.89005,0.87679,0.86267,0.84765,0.83171,0.81484,0.79699,0.77813,0.75822,0.73722,0.71509,0.69177,0.66721,0.64137,0.61418,0.58561,0.55559,0.5241,0.49111,0.45659,0.42055,0.383,0.34398,0.30353,0.26175,0.21874,0.17465,0.12961,0.08383,0.037496,-0.0091715,-0.055946,-0.1026,-0.1489,-0.19463,-0.23959,-0.28359,-0.32646,-0.36806,-0.40827,-0.44701,-0.4842,-0.51982,-0.55383,-0.58625,-0.61708,-0.64637,-0.67414,-0.70045,-0.72535,-0.7489,-0.77116,-0.79218,-0.81204,-0.83077,-0.84844,-0.86508,-0.88074,-0.89546,-0.90926,-0.92217,-0.9342,-0.94535,-0.95562,-0.96499,-0.97342,-0.98088,-0.98728,-0.99254,-0.99653,-0.99908,0
0,0.99977,0.99909,0.99795,0.99632,0.99418,0.99151,0.98828,0.98446,0.98003,0.97497,0.96926,0.96286,0.95576,0.94795,0.93939,0.93008,0.91999,0.90911,0.89742,0.8849,0.87152,0.85727,0.84211,0.82601,0.80894,0.79086,0.77173,0.75148,0.73008,0.70746,0.68357,0.65834,0.63172,0.60363,0.57404,0.54287,0.5101,0.4757,0.43965,0.40195,0.36264,0.32177,0.27942,0.23569,0.19073,0.1447,0.09781,0.050271,0.0023219,-0.045785,-0.093794,-0.14145,-0.18852,-0.23476,-0.27997,-0.32397,-0.3666,-0.40774,-0.44729,-0.48518,-0.52139,-0.55589,-0.58869,-0.61982,-0.64931,-0.67722,-0.7036,-0.72851,-0.75203,-0.77422,-0.79514,-0.81486,-0.83344,-0.85093,-0.8674,-0.88287,-0.89739,-0.911,-0.92371,-0.93555,-0.94651,-0.95659,-0.96578,-0.97405,-0.98135,-0.9876,-0.99273,-0.99662,-0.99911,0
0,0.99979,0.99917,0.99813,0.99663,0.99467,0.99221,0.98923,0.98571,0.98162,0.97694,0.97163,0.96569,0.95909,0.95181,0.94382,0.93511,0.92566,0.91545,0.90445,0.89265,0.88003,0.86654,0.85216,0.83686,0.8206,0.80332,0.78499,0.76555,0.74493,0.72307,0.69991,0.67538,0.64939,0.62189,0.5928,0.56206,0.52961,0.49541,0.45944,0.42169,0.38217,0.34093,0.29805,0.25363,0.20782,0.16079,0.11277,0.063976,0.014684,-0.034832,-0.084284,-0.13339,-0.18188,-0.2295,-0.27602,-0.32123,-0.36496,-0.40709,-0.44751,-0.48615,-0.52297,-0.55798,-0.59118,-0.62261,-0.65231,-0.68035,-0.7068,-0.73172,-0.7552,-0.7773,-0.79811,-0.81768,-0.8361,-0.85342,-0.86969,-0.88497,-0.8993,-0.91271,-0.92522,-0.93686,-0.94763,-0.95753,-0.96655,-0.97465,-0.98179,-0.98791,-0.99292,-0.99671,-0.99913,0
0,0.99981,0.99924,0.99829,0.99692,0.99512,0.99286,0.99012,0.98687,0.98309,0.97876,0.97385,0.96834,0.9622,0.95543,0.94798,0.93986,0.93102,0.92146,0.91115,0.90006,0.88818,0.87545,0.86187,0.84737,0.83193,0.81549,0.798,0.77939,0.75961,0.73857,0.71621,0.69244,0.66718,0.64035,0.61186,0.58164,0.54962,0.51573,0.47994,0.44222,0.40258,0.36105,0.3177,0.27263,0.22598,0.17796,0.12877,0.078677,0.027974,-0.023034,-0.074028,-0.12469,-0.17472,-0.22382,-0.27174,-0.31825,-0.36318,-0.40636,-0.4477,-0.48713,-0.52462,-0.56015,-0.59377,-0.6255,-0.65542,-0.68359,-0.71009,-0.73501,-0.75843,-0.78044,-0.80112,-0.82054,-0.83878,-0.85591,-0.87199,-0.88707,-0.90119,-0.91439,-0.9267,-0.93814,-0.94873,-0.95844,-0.96728,-0.97522,-0.98221,-0.9882,-0.99309,-0.99679,-0.99915,0
0,0.99982,0.99931,0.99844,0.99718,0.99553,0.99346,0.99093,0.98794,0.98445,0.98045,0.9759,0.9708,0.96511,0.95882,0.9519,0.94433,0.93609,0.92716,0.91752,0.90713,0.89598,0.88402,0.87122,0.85754,0.84293,0.82735,0.81072,0.79299,0.77409,0.75393,0.73243,0.7095,0.68505,0.65898,0.63119,0.6016,0.5701,0.53664,0.50114,0.46357,0.4239,0.38216,0.33841,0.29274,0.24529,0.19626,0.14589,0.094451,0.042264,-0.010329,-0.062971,-0.1153,-0.16699,-0.21769,-0.26713,-0.31506,-0.36126,-0.40558,-0.44791,-0.48818,-0.52636,-0.56245,-0.5965,-0.62854,-0.65867,-0.68696,-0.71351,-0.73841,-0.76176,-0.78366,-0.80419,-0.82344,-0.8415,-0.85843,-0.8743,-0.88916,-0.90307,-0.91606,-0.92817,-0.93941,-0.9498,-0.95933,-0.968,-0.97578,-0.98262,-0.98848,-0.99326,-0.99687,-0.99917,0
0,0.99984,0.99937,0.99857,0.99743,0.99591,0.994,0.99168,0.98892,0.98571,0.98201,0.97781,0.97309,0.96782,0.96199,0.95556,0.94853,0.94087,0.93255,0.92356,0.91386,0.90343,0.89222,0.88021,0.86735,0.85359,0.83888,0.82314,0.80633,0.78834,0.76911,0.74853,0.72652,0.70296,0.67774,0.65076,0.6219,0.59105,0.55813,0.52304,0.48573,0.44615,0.40431,0.36024,0.31403,0.26582,0.2158,0.16422,0.11139,0.057639,0.0033604,-0.05105,-0.10519,-0.15866,-0.21111,-0.26221,-0.31166,-0.35925,-0.4048,-0.44819,-0.48935,-0.52826,-0.56493,-0.59941,-0.63178,-0.66211,-0.69051,-0.71709,-0.74196,-0.76522,-0.78698,-0.80735,-0.82642,-0.84427,-0.86098,-0.87663,-0.89127,-0.90496,-0.91773,-0.92962,-0.94066,-0.95086,-0.96021,-0.9687,-0.97632,-0.98302,-0.98875,-0.99342,-0.99695,-0.99919,0
0,0.99985,0.99943,0.9987,0.99765,0.99625,0.9945,0.99237,0.98983,0.98687,0.98346,0.97958,0.97522,0.97034,0.96494,0.95899,0.95248,0.94537,0.93764,0.92928,0.92025,0.91052,0.90007,0.88884,0.8768,0.86389,0.85007,0.83525,0.81937,0.80234,0.78408,0.76449,0.74346,0.72087,0.69659,0.67052,0.64251,0.61243,0.58018,0.54564,0.50872,0.46936,0.42753,0.38324,0.33657,0.28765,0.23666,0.18387,0.12959,0.074199,0.018124,-0.038189,-0.094282,-0.14971,-0.20406,-0.25695,-0.30807,-0.35717,-0.40404,-0.44857,-0.49068,-0.53036,-0.56764,-0.60257,-0.63525,-0.66578,-0.69428,-0.72087,-0.74568,-0.76883,-0.79044,-0.81063,-0.82948,-0.84711,-0.86359,-0.879,-0.89341,-0.90686,-0.91941,-0.93108,-0.94191,-0.95191,-0.96107,-0.96939,-0.97685,-0.98341,-0.98901,-0.99358,-0.99702,-0.99921,0
0,0.99987,0.99948,0.99881,0.99785,0.99657,0.99496,0.993,0.99066,0.98793,0.98479,0.98121,0.97719,0.97269,0.9677,0.9622,0.95617,0.94959,0.94243,0.93468,0.92631,0.91727,0.90755,0.8971,0.88588,0.87383,0.86089,0.84701,0.83209,0.81606,0.79882,0.78026,0.76028,0.73873,0.7155,0.69043,0.66338,0.63421,0.60276,0.56891,0.53253,0.49353,0.45185,0.40747,0.36044,0.31088,0.25896,0.20494,0.14918,0.092063,0.034072,-0.024293,-0.082511,-0.14007,-0.1965,-0.25137,-0.30431,-0.35504,-0.40335,-0.44911,-0.49224,-0.53273,-0.57064,-0.60603,-0.63902,-0.66973,-0.69831,-0.72489,-0.74962,-0.77263,-0.79406,-0.81404,-0.83266,-0.85004,-0.86627,-0.88143,-0.89558,-0.90879,-0.9211,-0.93255,-0.94316,-0.95295,-0.96193,-0.97008,-0.97738,-0.98379,-0.98926,-0.99373,-0.99709,-0.99923,0
0,0.99988,0.99952,0.99891,0.99803,0.99685,0.99537,0.99357,0.99142,0.9889,0.98601,0.98271,0.979,0.97485,0.97025,0.96518,0.95961,0.95354,0.94693,0.93977,0.93203,0.92367,0.91468,0.90499,0.89458,0.88338,0.87135,0.8584,0.84447,0.82946,0.81327,0.7958,0.77693,0.75651,0.7344,0.71044,0.68448,0.65634,0.62584,0.59283,0.55716,0.51868,0.4773,0.43298,0.38572,0.33561,0.28281,0.22759,0.1703,0.11137,0.051337,-0.0092478,-0.069785,-0.12969,-0.1884,-0.24544,-0.30039,-0.35292,-0.4028,-0.44987,-0.49409,-0.53544,-0.574,-0.60986,-0.64315,-0.67403,-0.70266,-0.7292,-0.75381,-0.77666,-0.79788,-0.81761,-0.83597,-0.85308,-0.86904,-0.88392,-0.8978,-0.91075,-0.92281,-0.93402,-0.94441,-0.954,-0.96278,-0.97075,-0.97789,-0.98416,-0.98951,-0.99388,-0.99716,-0.99925,0
0,0.99989,0.99956,0.999,0.99819,0.99711,0.99575,0.99409,0.99211,0.98979,0.98713,0.98409,0.98067,0.97685,0.97261,0.96794,0.96282,0.95723,0.95115,0.94455,0.93742,0.92973,0.92143,0.9125,0.90289,0.89254,0.88141,0.86941,0.85647,0.84251,0.82741,0.81108,0.79336,0.77414,0.75324,0.7305,0.70574,0.67876,0.64937,0.61738,0.58258,0.54481,0.50392,0.45983,0.41249,0.36195,0.30836,0.25196,0.19312,0.1323,0.070078,0.0070874,-0.055989,-0.11847,-0.17972,-0.23917,-0.29633,-0.35084,-0.40242,-0.45093,-0.49631,-0.53857,-0.5778,-0.61412,-0.64771,-0.67873,-0.70737,-0.73384,-0.7583,-0.78094,-0.80191,-0.82136,-0.83944,-0.85625,-0.8719,-0.88649,-0.90008,-0.91276,-0.92455,-0.93552,-0.94568,-0.95505,-0.96363,-0.97142,-0.9784,-0.98453,-0.98976,-0.99402,-0.99722,-0.99926,0
0,0.9999,0.9996,0.99908,0.99834,0.99734,0.99609,0.99456,0.99273,0.9906,0.98814,0.98535,0.9822,0.97868,0.97479,0.9705,0.96579,0.96066,0.95508,0.94903,0.94249,0.93543,0.92782,0.91963,0.91081,0.9013,0.89106,0.88001,0.86809,0.85518,0.8412,0.82603,0.80954,0.79157,0.77196,0.75054,0.7271,0.70142,0.6733,0.64249,0.60877,0.57191,0.53173,0.48806,0.44084,0.39003,0.33576,0.27824,0.21784,0.15505,0.090491,0.024886,-0.040984,-0.10633,-0.1704,-0.23253,-0.29215,-0.34885,-0.40231,-0.45238,-0.499,-0.54221,-0.58213,-0.61892,-0.65277,-0.6839,-0.71252,-0.73886,-0.76313,-0.78551,-0.80619,-0.82533,-0.84308,-0.85956,-0.87488,-0.88915,-0.90243,-0.91481,-0.92633,-0.93704,-0.94696,-0.9561,-0.96449,-0.9721,-0.97891,-0.9849,-0.99,-0.99416,-0.99729,-0.99928,0
0,0.99991,0.99963,0.99915,0.99847,0.99755,0.99639,0.99498,0.99329,0.99132,0.98906,0.98649,0.98359,0.98036,0.97678,0.97285,0.96854,0.96384,0.95873,0.95321,0.94723,0.94079,0.93385,0.92637,0.91832,0.90965,0.9003,0.8902,0.87928,0.86745,0.8546,0.84063,0.8254,0.80874,0.7905,0.77049,0.74848,0.72425,0.69755,0.66812,0.63568,0.59996,0.56072,0.51773,0.47084,0.41998,0.36518,0.30664,0.2447,0.17986,0.11282,0.044365,-0.024593,-0.093132,-0.16037,-0.2255,-0.28788,-0.347,-0.40254,-0.4543,-0.50226,-0.54647,-0.5871,-0.62433,-0.65842,-0.68961,-0.71817,-0.74433,-0.76835,-0.79042,-0.81076,-0.82954,-0.84692,-0.86303,-0.87799,-0.89191,-0.90486,-0.91692,-0.92815,-0.93859,-0.94825,-0.95717,-0.96535,-0.97277,-0.97942,-0.98526,-0.99024,-0.9943,-0.99735,-0.99929,0
0,0.99991,0.99966,0.99922,0.99858,0.99773,0.99666,0.99535,0.99379,0.99197,0.98988,0.98751,0.98485,0.98188,0.9786,0.975,0.97106,0.96677,0.96212,0.95709,0.95166,0.94581,0.93951,0.93273,0.92544,0.91758,0.9091,0.89994,0.89003,0.87928,0.86758,0.85483,0.84089,0.8256,0.8088,0.79028,0.76982,0.74717,0.72206,0.69419,0.66325,0.62893,0.59089,0.54886,0.50259,0.45192,0.39682,0.33739,0.27396,0.20704,0.13735,0.065795,-0.0065897,-0.078713,-0.14952,-0.21805,-0.28354,-0.34539,-0.40322,-0.45684,-0.50623,-0.55149,-0.59283,-0.63049,-0.66477,-0.69597,-0.72439,-0.75031,-0.77401,-0.79572,-0.81566,-0.83402,-0.85098,-0.86668,-0.88124,-0.89478,-0.90738,-0.9191,-0.93002,-0.94017,-0.94957,-0.95825,-0.96621,-0.97344,-0.97992,-0.98562,-0.99048,-0.99444,-0.99741,-0.99931,0
0,0.99992,0.99968,0.99927,0.99868,0.99789,0.99689,0.99568,0.99423,0.99255,0.99062,0.98843,0.98598,0.98326,0.98025,0.97696,0.97336,0.96946,0.96524,0.96068,0.95577,0.95049,0.94481,0.93871,0.93215,0.92508,0.91746,0.90923,0.90032,0.89064,0.8801,0.86859,0.85597,0.84209,0.82677,0.80983,0.79101,0.77007,0.74671,0.72061,0.69141,0.65874,0.62222,0.58146,0.53614,0.48599,0.43086,0.37077,0.30597,0.23695,0.16446,0.089517,0.013313,-0.062861,-0.13773,-0.21015,-0.27917,-0.34409,-0.40448,-0.46014,-0.51107,-0.55743,-0.59947,-0.63752,-0.67193,-0.70307,-0.73127,-0.75687,-0.78017,-0.80144,-0.82091,-0.8388,-0.85529,-0.87053,-0.88466,-0.89778,-0.90999,-0.92135,-0.93194,-0.94178,-0.95091,-0.95935,-0.96709,-0.97412,-0.98043,-0.98598,-0.99071,-0.99457,-0.99748,-0.99932,0
0,0.99993,0.9997,0.99932,0.99876,0.99802,0.99709,0.99596,0.99461,0.99305,0.99126,0.98924,0.98698,0.98448,0.98173,0.97873,0.97546,0.97192,0.9681,0.96399,0.95958,0.95484,0.94976,0.94431,0.93845,0.93216,0.92538,0.91806,0.91013,0.90152,0.89213,0.88186,0.87058,0.85813,0.84436,0.82905,0.81197,0.79286,0.77141,0.74726,0.72004,0.68931,0.65463,0.61553,0.57156,0.52232,0.46753,0.40709,0.3411,0.27002,0.19461,0.11597,0.035493,-0.045296,-0.12484,-0.20173,-0.27481,-0.34324,-0.40651,-0.46442,-0.517,-0.56449,-0.60721,-0.64559,-0.68005,-0.71103,-0.73891,-0.7641,-0.78691,-0.80765,-0.82658,-0.84392,-0.85988,-0.87461,-0.88825,-0.90092,-0.9127,-0.92368,-0.93392,-0.94344,-0.95228,-0.96046,-0.96797,-0.9748,-0.98094,-0.98634,-0.99095,-0.99471,-0.99754,-0.99934,0
0,0.99993,0.99972,0.99936,0.99883,0.99814,0.99726,0.99619,0.99494,0.99348,0.99182,0.98995,0.98787,0.98557,0.98305,0.98031,0.97735,0.97415,0.97071,0.96702,0.96308,0.95886,0.95435,0.94952,0.94435,0.93881,0.93284,0.92641,0.91945,0.91189,0.90364,0.89461,0.88467,0.87368,0.86148,0.84786,0.8326,0.81542,0.79602,0.77402,0.74901,0.72053,0.68804,0.651,0.60884,0.56101,0.50705,0.44666,0.37981,0.30681,0.22839,0.14574,0.06045,-0.025644,-0.11063,-0.19274,-0.27054,-0.343,-0.40953,-0.46992,-0.52427,-0.5729,-0.61628,-0.6549,-0.6893,-0.71998,-0.74744,-0.77208,-0.79429,-0.8144,-0.8327,-0.84942,-0.86477,-0.87893,-0.89204,-0.90421,-0.91554,-0.9261,-0.93596,-0.94514,-0.95368,-0.96159,-0.96886,-0.97549,-0.98145,-0.98669,-0.99118,-0.99484,-0.9976,-0.99935,0
0,0.99993,0.99973,0.99939,0.99889,0.99822,0.99739,0.99639,0.9952,0.99384,0.99229,0.99055,0.98862,0.98651,0.98421,0.98172,0.97903,0.97615,0.97307,0.96979,0.96629,0.96256,0.95859,0.95437,0.94986,0.94503,0.93986,0.93429,0.92827,0.92174,0.91461,0.90681,0.8982,0.88867,0.87805,0.86616,0.85277,0.83762,0.82039,0.80072,0.77816,0.75221,0.7223,0.68778,0.64796,0.60212,0.5496,0.48986,0.42261,0.34796,0.26654,0.17957,0.088857,-0.0033901,-0.094781,-0.18307,-0.26644,-0.34359,-0.41384,-0.47698,-0.53321,-0.583,-0.62694,-0.66567,-0.69986,-0.73011,-0.75697,-0.78092,-0.8024,-0.82177,-0.83932,-0.85533,-0.87,-0.88352,-0.89604,-0.90767,-0.9185,-0.92861,-0.93806,-0.94689,-0.95511,-0.96274,-0.96976,-0.97618,-0.98195,-0.98705,-0.99141,-0.99497,-0.99766,-0.99937,0
0,0.99994,0.99974,0.99941,0.99893,0.99829,0.99749,0.99653,0.99541,0.99412,0.99267,0.99105,0.98926,0.98732,0.98521,0.98295,0.98052,0.97794,0.9752,0.97229,0.96921,0.96595,0.9625,0.95885,0.95497,0.95083,0.94642,0.94168,0.93658,0.93104,0.92502,0.91841,0.91112,0.90304,0.89401,0.88386,0.87238,0.85931,0.84437,0.82716,0.80726,0.78414,0.75719,0.72567,0.68879,0.64564,0.59533,0.53702,0.47007,0.39428,0.31003,0.21848,0.12164,0.02219,-0.07686,-0.1726,-0.26263,-0.34533,-0.41985,-0.48605,-0.54427,-0.59517,-0.63954,-0.67821,-0.71198,-0.74158,-0.76766,-0.79075,-0.81134,-0.82982,-0.84652,-0.86171,-0.87561,-0.88842,-0.90028,-0.91131,-0.9216,-0.93123,-0.94025,-0.94869,-0.95657,-0.9639,-0.97068,-0.97688,-0.98246,-0.9874,-0.99164,-0.9951,-0.99771,-0.99938,0
0,0.99994,0.99975,0.99942,0.99895,0.99833,0.99756,0.99664,0.99556,0.99433,0.99296,0.99144,0.98978,0.98799,0.98606,0.984,0.98182,0.97951,0.97709,0.97453,0.97185,0.96904,0.96608,0.96297,0.95969,0.95622,0.95254,0.9486,0.94437,0.9398,0.93484,0.9294,0.9234,0.91673,0.90926,0.90085,0.89129,0.88035,0.86775,0.85313,0.83607,0.81604,0.7924,0.76439,0.73108,0.69143,0.64428,0.58843,0.52281,0.44671,0.36007,0.26384,0.16013,0.05215,-0.056224,-0.16111,-0.2593,-0.34865,-0.42816,-0.49776,-0.55804,-0.60993,-0.65451,-0.69285,-0.72594,-0.75464,-0.77968,-0.80171,-0.82122,-0.83865,-0.85434,-0.8686,-0.88163,-0.89364,-0.90477,-0.91515,-0.92485,-0.93396,-0.94251,-0.95054,-0.95807,-0.9651,-0.97161,-0.97758,-0.98298,-0.98776,-0.99187,-0.99523,-0.99777,-0.9994,0
0,0.99994,0.99975,0.99942,0.99895,0.99834,0.99759,0.99669,0.99565,0.99447,0.99316,0.99173,0.99018,0.98852,0.98675,0.98489,0.98293,0.98088,0.97875,0.97653,0.97423,0.97183,0.96935,0.96675,0.96405,0.96121,0.95822,0.95504,0.95165,0.94801,0.94406,0.93974,0.93498,0.92968,0.92375,0.91703,0.90936,0.90054,0.89031,0.87835,0.86426,0.84753,0.82754,0.8035,0.77443,0.73915,0.69627,0.64421,0.58135,0.50629,0.41823,0.31754,0.20624,0.088075,-0.031887,-0.14832,-0.25674,-0.35424,-0.4396,-0.51295,-0.57528,-0.62793,-0.6724,-0.71004,-0.74207,-0.76952,-0.79324,-0.81393,-0.83214,-0.84833,-0.86287,-0.87605,-0.88811,-0.89923,-0.90955,-0.91921,-0.92827,-0.93681,-0.94486,-0.95246,-0.95961,-0.96631,-0.97254,-0.97828,-0.98349,-0.98811,-0.99209,-0.99536,-0.99783,-0.99941,0
0,0.99994,0.99974,0.99941,0.99894,0.99833,0.99757,0.99669,0.99567,0.99453,0.99327,0.99191,0.99046,0.98891,0.98729,0.9856,0.98385,0.98205,0.98019,0.97829,0.97634,0.97435,0.97231,0.97021,0.96805,0.96581,0.96347,0.96102,0.95843,0.95566,0.95267,0.94941,0.94583,0.94185,0.93737,0.93228,0.92646,0.91971,0.91182,0.90252,0.89145,0.87815,0.86205,0.84238,0.81817,0.78817,0.7508,0.70416,0.646,0.57404,0.48634,0.38214,0.2628,0.13246,-0.0022583,-0.13373,-0.25539,-0.36311,-0.45543,-0.53287,-0.59706,-0.65006,-0.69387,-0.73027,-0.76075,-0.78652,-0.80855,-0.82758,-0.84423,-0.85897,-0.87218,-0.88413,-0.89508,-0.90521,-0.91464,-0.9235,-0.93187,-0.93979,-0.94731,-0.95444,-0.96119,-0.96755,-0.9735,-0.97899,-0.984,-0.98846,-0.99231,-0.99548,-0.99788,-0.99942,0
0,0.99993,0.99973,0.99939,0.9989,0.99828,0.99752,0.99663,0.99562,0.9945,0.99328,0.99198,0.9906,0.98916,0.98767,0.98615,0.98459,0.98302,0.98142,0.97982,0.97822,0.9766,0.97499,0.97336,0.97171,0.97004,0.96832,0.96655,0.9647,0.96275,0.96067,0.9584,0.95592,0.95316,0.95004,0.9465,0.9424,0.93762,0.93198,0.92526,0.91717,0.90732,0.89521,0.88017,0.8613,0.83739,0.8068,0.76741,0.71644,0.65061,0.5664,0.46105,0.33412,0.18939,0.035405,-0.1165,-0.25604,-0.37698,-0.4776,-0.55929,-0.62486,-0.67742,-0.71975,-0.75415,-0.78242,-0.80595,-0.82582,-0.84284,-0.85763,-0.87067,-0.88233,-0.8929,-0.90261,-0.91162,-0.92007,-0.92806,-0.93566,-0.94292,-0.94986,-0.95649,-0.96282,-0.96882,-0.97446,-0.97971,-0.98451,-0.98881,-0.99253,-0.9956,-0.99793,-0.99943,0
0,0.99993,0.99971,0.99935,0.99884,0.99819,0.99741,0.9965,0.99548,0.99437,0.99317,0.99191,0.9906,0.98926,0.98789,0.98652,0.98515,0.98379,0.98245,0.98114,0.97986,0.97861,0.9774,0.97621,0.97506,0.97392,0.97279,0.97165,0.97049,0.9693,0.96804,0.96668,0.9652,0.96355,0.96168,0.95952,0.957,0.95402,0.95046,0.94614,0.94085,0.9343,0.9261,0.91572,0.90241,0.88512,0.86236,0.83201,0.79107,0.73542,0.65978,0.55831,0.42671,0.26601,0.086232,-0.095023,-0.26013,-0.3988,-0.50927,-0.59489,-0.6607,-0.71146,-0.75104,-0.78235,-0.80752,-0.82812,-0.84529,-0.85985,-0.87243,-0.8835,-0.8934,-0.9024,-0.91072,-0.91851,-0.92587,-0.93291,-0.93967,-0.94621,-0.95252,-0.95862,-0.96449,-0.97011,-0.97544,-0.98043,-0.98502,-0.98915,-0.99275,-0.99572,-0.99799,-0.99945,0
0,0.99992,0.99969,0.9993,0.99875,0.99806,0.99724,0.9963,0.99526,0.99413,0.99295,0.99171,0.99046,0.9892,0.98794,0.98671,0.98551,0.98437,0.98327,0.98224,0.98128,0.98038,0.97956,0.9788,0.97811,0.97747,0.97688,0.97633,0.97581,0.9753,0.97478,0.97423,0.97363,0.97295,0.97215,0.9712,0.97005,0.96862,0.96685,0.96462,0.9618,0.9582,0.95356,0.94752,0.93956,0.9289,0.91441,0.89432,0.86592,0.825,0.7651,0.67698,0.54956,0.37524,0.16091,-0.065824,-0.27066,-0.43422,-0.55579,-0.64371,-0.70727,-0.75388,-0.78877,-0.81549,-0.83645,-0.85327,-0.8671,-0.87873,-0.88873,-0.89753,-0.90544,-0.91269,-0.91947,-0.92589,-0.93207,-0.93806,-0.94392,-0.94967,-0.95531,-0.96084,-0.96622,-0.97144,-0.97644,-0.98115,-0.98553,-0.98949,-0.99296,-0.99583,-0.99804,-0.99946,0
0,0.99991,0.99965,0.99922,0.99862,0.99788,0.997,0.996,0.99492,0.99377,0.99258,0.99136,0.99015,0.98896,0.98781,0.98672,0.98569,0.98475,0.9839,0.98315,0.98249,0.98194,0.9815,0.98115,0.98089,0.98073,0.98064,0.98063,0.98067,0.98076,0.98088,0.98101,0.98115,0.98126,0.98133,0.98134,0.98125,0.98104,0.98067,0.98007,0.97918,0.97792,0.97615,0.97367,0.97023,0.96539,0.9585,0.94847,0.9335,0.91044,0.87364,0.81285,0.71013,0.53969,0.28501,-0.019722,-0.29506,-0.49512,-0.62656,-0.71153,-0.76775,-0.80628,-0.8337,-0.85391,-0.86931,-0.88143,-0.89125,-0.89946,-0.90652,-0.91277,-0.91847,-0.92379,-0.92887,-0.93381,-0.93869,-0.94355,-0.94843,-0.95332,-0.95824,-0.96314,-0.96802,-0.9728,-0.97745,-0.98188,-0.98604,-0.98983,-0.99316,-0.99594,-0.99808,-0.99947,0
0,0.9999,0.9996,0.99912,0.99845,0.99763,0.99667,0.9956,0.99446,0.99326,0.99204,0.99083,0.98965,0.98853,0.98748,0.98653,0.98568,0.98494,0.98434,0.98387,0.98352,0.98332,0.98324,0.98328,0.98345,0.98372,0.98409,0.98455,0.98508,0.98567,0.98631,0.98698,0.98766,0.98835,0.98902,0.98967,0.99028,0.99083,0.99132,0.99172,0.99201,0.99217,0.99216,0.99195,0.99144,0.99052,0.989,0.98651,0.98242,0.97548,0.96312,0.93958,0.89081,0.78057,0.52721,0.077512,-0.35773,-0.60982,-0.73705,-0.80481,-0.84418,-0.86889,-0.8854,-0.89702,-0.90558,-0.91215,-0.91742,-0.92181,-0.92564,-0.92913,-0.93243,-0.93567,-0.93893,-0.94228,-0.94575,-0.94939,-0.95321,-0.95719,-0.96131,-0.96556,-0.96988,-0.9742,-0.97848,-0.98262,-0.98654,-0.99015,-0.99336,-0.99605,-0.99813,-0.99948,0
0,0.99988,0.99954,0.99898,0.99822,0.9973,0.99624,0.99507,0.99384,0.99258,0.99132,0.9901,0.98895,0.98789,0.98694,0.98613,0.98546,0.98495,0.9846,0.98441,0.98439,0.98453,0.98481,0.98524,0.9858,0.98648,0.98726,0.98812,0.98905,0.99002,0.99103,0.99204,0.99305,0.99403,0.99497,0.99585,0.99667,0.99741,0.99805,0.99861,0.99906,0.99942,0.99968,0.99986,0.99996,1,1,0.99998,0.99997,0.99999,0.99999,0.99977,0.99831,0.99091,0.94562,0.49913,-0.59924,-0.839,-0.89737,-0.91984,-0.93068,-0.93655,-0.93994,-0.94196,-0.94321,-0.94402,-0.9446,-0.94511,-0.94565,-0.94631,-0.94715,-0.94823,-0.94959,-0.95126,-0.95326,-0.9556,-0.95828,-0.96128,-0.96456,-0.96809,-0.97181,-0.97565,-0.97953,-0.98336,-0.98704,-0.99047,-0.99355,-0.99615,-0.99817,-0.99949,0
0,0.99986,0.99945,0.9988,0.99793,0.99687,0.99567,0.99438,0.99303,0.99168,0.99037,0.98913,0.988,0.987,0.98617,0.98551,0.98503,0.98476,0.98468,0.9848,0.98511,0.9856,0.98626,0.98707,0.988,0.98905,0.99017,0.99135,0.99256,0.99377,0.99495,0.99607,0.99711,0.99803,0.9988,0.9994,0.99981,0.99999,0.99993,0.99959,0.99895,0.99799,0.99668,0.99498,0.99283,0.99019,0.98697,0.98302,0.97813,0.97195,0.96383,0.95247,0.93499,0.90361,0.83016,0.55256,-0.54375,-0.96017,-0.99806,-0.99924,-0.9951,-0.99023,-0.98554,-0.98121,-0.97729,-0.97376,-0.97063,-0.9679,-0.96557,-0.96367,-0.96222,-0.96122,-0.96071,-0.96069,-0.96118,-0.96217,-0.96366,-0.96561,-0.968,-0.97076,-0.97384,-0.97715,-0.98061,-0.98411,-0.98754,-0.99078,-0.99373,-0.99624,-0.9982,-0.99949,0
0,0.99983,0.99934,0.99857,0.99754,0.99632,0.99495,0.99349,0.992,0.99054,0.98915,0.98789,0.98677,0.98585,0.98513,0.98465,0.9844,0.98439,0.98461,0.98507,0.98573,0.98659,0.98763,0.9888,0.99009,0.99144,0.99284,0.99423,0.99557,0.99682,0.99793,0.99884,0.99953,0.99992,0.99998,0.99964,0.99887,0.99759,0.99575,0.99328,0.9901,0.98613,0.98123,0.97528,0.96806,0.95932,0.94866,0.93553,0.91909,0.89798,0.86999,0.83128,0.7748,0.68691,0.54075,0.28964,-0.098746,-0.51525,-0.78624,-0.91399,-0.96831,-0.99051,-0.99851,-0.99996,-0.99829,-0.99514,-0.99136,-0.98741,-0.98357,-0.98001,-0.97684,-0.97415,-0.97198,-0.9704,-0.96943,-0.96907,-0.96933,-0.9702,-0.97163,-0.97358,-0.97597,-0.97871,-0.98172,-0.98486,-0.98803,-0.99109,-0.99389,-0.99632,-0.99823,-0.9995,0
0,0.99979,0.9992,0.99827,0.99705,0.99561,0.99403,0.99237,0.9907,0.9891,0.98763,0.98632,0.98523,0.98439,0.98382,0.98354,0.98355,0.98384,0.98441,0.98524,0.98629,0.98755,0.98896,0.99049,0.99209,0.9937,0.99526,0.99671,0.99798,0.999,0.99969,0.99999,0.99982,0.99909,0.99772,0.99563,0.99272,0.9889,0.98407,0.9781,0.97086,0.96218,0.95187,0.93967,0.92526,0.9082,0.88793,0.86364,0.83421,0.79804,0.75281,0.69514,0.62005,0.52046,0.38711,0.21066,-0.011119,-0.261,-0.50002,-0.69081,-0.82192,-0.90353,-0.95136,-0.97808,-0.99201,-0.99829,-1,-0.99901,-0.9965,-0.99321,-0.98963,-0.9861,-0.98285,-0.98005,-0.9778,-0.9762,-0.97527,-0.97503,-0.97548,-0.97656,-0.97821,-0.98035,-0.98287,-0.98563,-0.98852,-0.99138,-0.99405,-0.99639,-0.99826,-0.9995,0
0,0.99973,0.99901,0.99788,0.99642,0.99472,0.99287,0.99096,0.98908,0.98732,0.98573,0.98439,0.98334,0.98261,0.98222,0.98218,0.9825,0.98315,0.98412,0.98537,0.98686,0.98853,0.99034,0.9922,0.99406,0.99581,0.99738,0.99866,0.99957,0.99998,0.99981,0.99892,0.99722,0.99458,0.99089,0.98603,0.97988,0.97231,0.96319,0.95237,0.93968,0.92495,0.90795,0.88841,0.86601,0.84033,0.81083,0.77684,0.73748,0.69158,0.63768,0.57389,0.49786,0.40685,0.29799,0.16903,0.019735,-0.14607,-0.31913,-0.48588,-0.63283,-0.75155,-0.84048,-0.90311,-0.94498,-0.97157,-0.98742,-0.9959,-0.99947,-0.99985,-0.99826,-0.99554,-0.99231,-0.98901,-0.98595,-0.98335,-0.98137,-0.98008,-0.97953,-0.97972,-0.98059,-0.98208,-0.98406,-0.98642,-0.98901,-0.99165,-0.99419,-0.99645,-0.99828,-0.9995,0
0,0.99967,0.99877,0.9974,0.99564,0.9936,0.99142,0.98921,0.98708,0.98512,0.98342,0.98205,0.98105,0.98047,0.98031,0.98059,0.98128,0.98237,0.98381,0.98554,0.98751,0.98964,0.99183,0.99398,0.99598,0.99772,0.99905,0.99984,0.99995,0.99923,0.99752,0.99468,0.99055,0.98501,0.9779,0.96909,0.95847,0.94591,0.9313,0.91453,0.89548,0.87403,0.85002,0.82331,0.79367,0.76087,0.72459,0.68442,0.6399,0.59041,0.53524,0.47351,0.40425,0.32638,0.23887,0.1409,0.032179,-0.086539,-0.21301,-0.34318,-0.47137,-0.59123,-0.69715,-0.78554,-0.85535,-0.90769,-0.94498,-0.97014,-0.986,-0.99499,-0.99913,-0.99996,-0.9987,-0.99622,-0.99322,-0.99017,-0.98744,-0.98526,-0.98378,-0.98306,-0.98313,-0.98391,-0.98533,-0.98724,-0.9895,-0.99192,-0.99432,-0.9965,-0.99829,-0.9995,0
0,0.99958,0.99847,0.99679,0.99465,0.99221,0.98964,0.98707,0.98463,0.98246,0.98064,0.97926,0.97836,0.97798,0.97813,0.9788,0.97997,0.98158,0.98358,0.98588,0.98838,0.99096,0.9935,0.99584,0.99781,0.99925,0.99996,0.99974,0.99841,0.99576,0.9916,0.98575,0.97805,0.96836,0.95656,0.94256,0.92629,0.90771,0.88681,0.86358,0.83803,0.81017,0.78001,0.74753,0.7127,0.67546,0.63569,0.59325,0.54792,0.49943,0.44745,0.39157,0.33133,0.2662,0.19566,0.11921,0.036489,-0.052628,-0.14781,-0.24811,-0.35173,-0.45602,-0.55758,-0.65268,-0.73789,-0.81072,-0.86997,-0.91578,-0.94936,-0.97251,-0.98728,-0.99564,-0.99936,-0.99991,-0.99847,-0.99597,-0.9931,-0.99038,-0.98813,-0.98658,-0.98582,-0.98587,-0.98667,-0.9881,-0.98999,-0.99217,-0.99442,-0.99653,-0.99828,-0.9995,0
0,0.99947,0.9981,0.99602,0.99343,0.9905,0.98745,0.98446,0.98169,0.97929,0.97737,0.97601,0.97527,0.97518,0.97574,0.97693,0.97869,0.98095,0.98361,0.98655,0.98961,0.99263,0.99541,0.99772,0.99933,1,0.99945,0.99742,0.99367,0.98796,0.98008,0.96986,0.95717,0.94195,0.92418,0.90388,0.88113,0.85606,0.8288,0.79951,0.76835,0.73547,0.70102,0.66509,0.62776,0.58905,0.54897,0.50745,0.4644,0.41965,0.37301,0.32424,0.27302,0.21904,0.1619,0.10121,0.036591,-0.032305,-0.10571,-0.18365,-0.26584,-0.35158,-0.43958,-0.52794,-0.61421,-0.69559,-0.76931,-0.83315,-0.88574,-0.92678,-0.95694,-0.97757,-0.99041,-0.99726,-0.99983,-0.99958,-0.99769,-0.99508,-0.99244,-0.99022,-0.98869,-0.98798,-0.98812,-0.98901,-0.9905,-0.99241,-0.9945,-0.99653,-0.99827,-0.99949,0
0,0.99933,0.99763,0.99508,0.99192,0.98842,0.98482,0.98134,0.97821,0.97558,0.97358,0.97232,0.97184,0.97216,0.97328,0.97513,0.97764,0.9807,0.98413,0.98777,0.99138,0.99471,0.99748,0.99935,1,0.99907,0.99623,0.99115,0.98354,0.97319,0.95993,0.94371,0.92453,0.9025,0.8778,0.85068,0.82142,0.79031,0.75766,0.72377,0.68888,0.65322,0.61694,0.58018,0.54301,0.50545,0.46749,0.42907,0.39009,0.35041,0.30986,0.26823,0.22528,0.18074,0.1343,0.085617,0.034342,-0.019901,-0.077474,-0.1387,-0.2038,-0.27287,-0.34574,-0.42186,-0.50023,-0.57927,-0.65686,-0.73047,-0.79747,-0.8556,-0.90335,-0.94023,-0.96675,-0.9842,-0.99433,-0.99901,-0.99997,-0.99869,-0.99636,-0.99383,-0.99169,-0.99026,-0.98969,-0.98999,-0.99104,-0.99264,-0.99456,-0.99652,-0.99824,-0.99947,0
0,0.99916,0.99704,0.99392,0.99009,0.98591,0.98167,0.97767,0.97416,0.97133,0.96934,0.96828,0.96821,0.96913,0.97099,0.97372,0.97717,0.98117,0.98547,0.9898,0.99382,0.99714,0.99935,0.99998,0.99857,0.99467,0.98787,0.97785,0.96439,0.94739,0.92688,0.90306,0.87622,0.84674,0.81508,0.7817,0.74705,0.71156,0.67558,0.63942,0.6033,0.5674,0.5318,0.49658,0.46172,0.42719,0.39292,0.35881,0.32473,0.29054,0.25605,0.22109,0.18543,0.14884,0.11106,0.071801,0.030761,-0.012402,-0.058045,-0.10654,-0.15824,-0.21352,-0.27263,-0.33572,-0.40271,-0.47318,-0.5462,-0.62029,-0.69332,-0.76266,-0.82554,-0.87951,-0.92294,-0.95541,-0.9776,-0.99108,-0.99785,-0.99997,-0.99924,-0.99714,-0.99472,-0.99269,-0.99143,-0.99109,-0.99162,-0.99288,-0.99459,-0.99647,-0.99818,-0.99944,0
0,0.99894,0.99632,0.9925,0.98789,0.98292,0.97798,0.97343,0.96957,0.96663,0.96477,0.9641,0.96466,0.96642,0.9693,0.97315,0.97775,0.98282,0.98799,0.99283,0.99681,0.99938,0.99991,0.99777,0.99238,0.98324,0.97,0.95248,0.93072,0.90499,0.87571,0.84347,0.80892,0.77272,0.73552,0.69788,0.66025,0.62302,0.58644,0.5507,0.5159,0.48207,0.44921,0.41726,0.38614,0.35575,0.32596,0.29665,0.26767,0.23885,0.21004,0.18106,0.15172,0.12181,0.091135,0.059441,0.026475,-0.0080454,-0.044431,-0.083018,-0.12417,-0.16829,-0.21577,-0.26701,-0.32235,-0.38201,-0.44598,-0.51387,-0.58477,-0.65702,-0.72824,-0.79541,-0.85535,-0.90537,-0.94395,-0.97103,-0.9879,-0.99669,-0.99982,-0.99951,-0.99754,-0.99522,-0.99334,-0.99232,-0.99228,-0.99312,-0.99459,-0.99638,-0.9981,-0.99941,0
0,0.99866,0.99543,0.99079,0.98527,0.97942,0.97374,0.96867,0.96455,0.96165,0.96015,0.96015,0.96167,0.96462,0.96885,0.97411,0.98003,0.98617,0.99194,0.99665,0.99952,0.99969,0.99633,0.98867,0.97613,0.95839,0.93544,0.9076,0.87549,0.83994,0.80187,0.76224,0.72189,0.68155,0.64181,0.60308,0.56564,0.52966,0.49521,0.46228,0.43083,0.40075,0.37195,0.34429,0.31763,0.29183,0.26675,0.24223,0.21814,0.19432,0.17063,0.1469,0.12298,0.098711,0.073904,0.048372,0.021908,-0.0057182,-0.03476,-0.0655,-0.098255,-0.13338,-0.17128,-0.21238,-0.25717,-0.3061,-0.35963,-0.41806,-0.48144,-0.54937,-0.62076,-0.69358,-0.76482,-0.83074,-0.88759,-0.93261,-0.96481,-0.98509,-0.99576,-0.99969,-0.9996,-0.99767,-0.99542,-0.99374,-0.99305,-0.99339,-0.99457,-0.99624,-0.99798,-0.99936,0
0,0.99832,0.99435,0.98873,0.98218,0.97539,0.96899,0.96349,0.95931,0.95674,0.95598,0.95708,0.96001,0.9646,0.97057,0.97747,0.9847,0.99149,0.99688,0.99979,0.99903,0.99347,0.98216,0.96449,0.94033,0.91006,0.87453,0.83492,0.79255,0.74873,0.70461,0.6611,0.61888,0.57841,0.53993,0.50357,0.46932,0.43712,0.40684,0.37835,0.35147,0.32605,0.30191,0.27889,0.25685,0.23562,0.21506,0.19504,0.17542,0.15608,0.13689,0.11771,0.098427,0.078894,0.058975,0.038519,0.017362,-0.0046767,-0.027798,-0.052226,-0.07822,-0.10608,-0.13614,-0.1688,-0.20452,-0.24382,-0.28726,-0.33545,-0.38896,-0.44822,-0.51333,-0.58377,-0.65801,-0.73324,-0.80533,-0.86949,-0.9215,-0.95916,-0.98289,-0.99523,-0.99966,-0.99956,-0.99755,-0.99538,-0.99399,-0.99373,-0.99453,-0.99605,-0.99781,-0.99928,0
0,0.99788,0.99301,0.98627,0.97859,0.97086,0.96384,0.95816,0.95429,0.95254,0.95308,0.95591,0.96087,0.96763,0.97564,0.98408,0.99189,0.99772,1,0.99709,0.98749,0.97012,0.94458,0.9113,0.87146,0.82675,0.77908,0.73024,0.68174,0.63469,0.58984,0.54762,0.5082,0.47159,0.43769,0.40633,0.3773,0.35038,0.32535,0.302,0.28013,0.25955,0.24009,0.2216,0.20392,0.18693,0.1705,0.15451,0.13886,0.12343,0.10813,0.092845,0.077484,0.061938,0.046098,0.029848,0.013061,-0.0044014,-0.022694,-0.04199,-0.062494,-0.084438,-0.1081,-0.13381,-0.16195,-0.19298,-0.22746,-0.26602,-0.3094,-0.35837,-0.4137,-0.47597,-0.54528,-0.62074,-0.69995,-0.77859,-0.85077,-0.91058,-0.95422,-0.98145,-0.99517,-0.99975,-0.99938,-0.99721,-0.99517,-0.9942,-0.99449,-0.9958,-0.99757,-0.99918,0
0,0.99731,0.99136,0.98334,0.97449,0.96593,0.95859,0.95321,0.95029,0.95013,0.95282,0.95823,0.96594,0.97522,0.98495,0.99357,0.9991,0.99924,0.99171,0.97466,0.94727,0.90996,0.86443,0.81318,0.75896,0.70422,0.65088,0.6002,0.55291,0.50931,0.46939,0.43302,0.39991,0.36977,0.3423,0.31718,0.29414,0.27292,0.25328,0.23503,0.21797,0.20194,0.1868,0.1724,0.15863,0.14539,0.13257,0.12009,0.10785,0.095771,0.08378,0.071796,0.059741,0.047537,0.035101,0.022344,0.009172,-0.0045193,-0.018847,-0.033942,-0.049958,-0.067075,-0.085505,-0.1055,-0.12738,-0.15151,-0.17835,-0.20847,-0.24254,-0.2814,-0.326,-0.37741,-0.43668,-0.50453,-0.58089,-0.66403,-0.74968,-0.83091,-0.89967,-0.95003,-0.98084,-0.99559,-0.9999,-0.99902,-0.99666,-0.99489,-0.9945,-0.99547,-0.99724,-0.99902,0
0,0.99655,0.98929,0.97987,0.96992,0.96087,0.95381,0.94957,0.94866,0.95128,0.95731,0.96622,0.97698,0.98792,0.99661,0.99999,0.99465,0.97762,0.9473,0.9042,0.85087,0.79113,0.72896,0.66763,0.6094,0.55553,0.50653,0.46239,0.42287,0.38754,0.35596,0.32768,0.30227,0.27935,0.25859,0.23969,0.2224,0.2065,0.19179,0.1781,0.1653,0.15325,0.14184,0.13097,0.12055,0.1105,0.10075,0.09122,0.081859,0.072602,0.063391,0.054169,0.044878,0.03546,0.025854,0.015996,0.0058165,-0.0047617,-0.015824,-0.027467,-0.039805,-0.052971,-0.067123,-0.082452,-0.099191,-0.11763,-0.13812,-0.16111,-0.18716,-0.21699,-0.25147,-0.29172,-0.33904,-0.39492,-0.46078,-0.53748,-0.62428,-0.7174,-0.80899,-0.88835,-0.94652,-0.98107,-0.99642,-1,-0.99841,-0.99594,-0.99465,-0.99508,-0.99678,-0.99878,0
0,0.9955,0.98666,0.97582,0.96512,0.9563,0.95064,0.94899,0.95173,0.95875,0.96926,0.98164,0.99313,0.9997,0.99641,0.97852,0.94328,0.89145,0.82723,0.75662,0.6853,0.61733,0.555,0.49919,0.44991,0.40668,0.36884,0.3357,0.30659,0.28093,0.25819,0.23794,0.21981,0.20348,0.18868,0.1752,0.16285,0.15146,0.14089,0.13103,0.12177,0.11302,0.1047,0.096746,0.089091,0.081678,0.074456,0.067378,0.060398,0.053473,0.046563,0.039627,0.032623,0.025511,0.018247,0.010784,0.0030739,-0.0049388,-0.013315,-0.022124,-0.031447,-0.041381,-0.052039,-0.063559,-0.076111,-0.089902,-0.1052,-0.12232,-0.14171,-0.1639,-0.18959,-0.21972,-0.25548,-0.29837,-0.35028,-0.41331,-0.4894,-0.5792,-0.68004,-0.78355,-0.87582,-0.94347,-0.98206,-0.99751,-0.99987,-0.99748,-0.99512,-0.99468,-0.99614,-0.99841,0
0,0.99399,0.98332,0.97129,0.96068,0.95356,0.9513,0.95455,0.96312,0.97569,0.98931,0.99887,0.99723,0.97687,0.93327,0.86813,0.78894,0.70518,0.62446,0.55112,0.48675,0.43129,0.38388,0.34342,0.30883,0.27913,0.25348,0.2312,0.21171,0.19455,0.17935,0.16579,0.15361,0.14261,0.1326,0.12345,0.11502,0.10721,0.099926,0.093096,0.08665,0.080528,0.074679,0.069056,0.063618,0.058327,0.053148,0.04805,0.043001,0.037974,0.032939,0.027869,0.022737,0.017514,0.012169,0.0066707,0.00098518,-0.0049249,-0.011101,-0.017593,-0.024456,-0.031757,-0.039576,-0.048008,-0.057169,-0.067207,-0.078304,-0.090691,-0.10467,-0.12063,-0.13908,-0.1607,-0.18642,-0.21744,-0.25543,-0.30256,-0.36156,-0.43553,-0.52692,-0.63511,-0.75219,-0.86062,-0.94039,-0.98366,-0.99865,-0.99934,-0.99622,-0.99443,-0.99529,-0.99782,0
0,0.99174,0.97917,0.96682,0.95819,0.95554,0.95992,0.97084,0.98555,0.99785,0.99741,0.97207,0.91464,0.8296,0.73096,0.63312,0.5449,0.46941,0.40643,0.35436,0.31133,0.27561,0.24575,0.22058,0.1992,0.18087,0.16503,0.15123,0.13912,0.12841,0.11887,0.11031,0.10258,0.095561,0.089138,0.083224,0.077746,0.072639,0.067848,0.063327,0.059034,0.054932,0.050989,0.047177,0.043469,0.039841,0.036272,0.032741,0.029228,0.025715,0.022183,0.018614,0.014991,0.011293,0.007502,0.0035964,-0.00044638,-0.0046504,-0.0090431,-0.013657,-0.018531,-0.023707,-0.029238,-0.035189,-0.041636,-0.048676,-0.05643,-0.065052,-0.074742,-0.085758,-0.098446,-0.11327,-0.13084,-0.15204,-0.17805,-0.21056,-0.2519,-0.3053,-0.37492,-0.46536,-0.57918,-0.71096,-0.84002,-0.93634,-0.9856,-0.99957,-0.99822,-0.99476,-0.99428,-0.99686,0
0,0.98837,0.97454,0.96427,0.96152,0.96789,0.98187,0.9966,0.9973,0.96369,0.88428,0.77095,0.64966,0.53998,0.44903,0.37636,0.31892,0.27338,0.23698,0.20754,0.18345,0.16352,0.14682,0.1327,0.12063,0.11023,0.10117,0.093226,0.086204,0.07995,0.07434,0.069273,0.064667,0.060451,0.056567,0.052968,0.04961,0.046459,0.043482,0.040654,0.03795,0.035349,0.032833,0.030385,0.027989,0.025631,0.023298,0.020977,0.018657,0.016326,0.013973,0.011586,0.0091558,0.0066689,0.0041136,0.0014769,-0.0012548,-0.0040962,-0.0070651,-0.010182,-0.01347,-0.016956,-0.020674,-0.024663,-0.028971,-0.033658,-0.038799,-0.044491,-0.050857,-0.058057,-0.066306,-0.075891,-0.087203,-0.10078,-0.11739,-0.13813,-0.16456,-0.19902,-0.24493,-0.30724,-0.3926,-0.50788,-0.65346,-0.80874,-0.92935,-0.98749,-0.99999,-0.99647,-0.9935,-0.99536,0
0,0.98378,0.97157,0.96903,0.97848,0.99458,0.99751,0.95235,0.83947,0.68856,0.54524,0.43022,0.34363,0.2793,0.23114,0.19451,0.16616,0.14381,0.12591,0.11135,0.09935,0.089327,0.08086,0.073632,0.067402,0.061983,0.057229,0.053026,0.049281,0.04592,0.042882,0.040118,0.037587,0.035253,0.033088,0.031066,0.029166,0.02737,0.025661,0.024026,0.022451,0.020926,0.019439,0.017983,0.016549,0.015129,0.013715,0.012301,0.01088,0.009446,0.0079921,0.0065121,0.0049997,0.0034482,0.0018506,0.00019958,-0.0015121,-0.0032929,-0.0051531,-0.0071046,-0.0091607,-0.011337,-0.013653,-0.016129,-0.018795,-0.021684,-0.02484,-0.028315,-0.032182,-0.036531,-0.041484,-0.047203,-0.053908,-0.061905,-0.071625,-0.083686,-0.098992,-0.1189,-0.14548,-0.18197,-0.23349,-0.30801,-0.41677,-0.56994,-0.75606,-0.91479,-0.98863,-0.99972,-0.99433,-0.99344,0
0,0.98029,0.97828,0.99137,0.99861,0.94054,0.7781,0.58101,0.42231,0.31211,0.23751,0.18615,0.1498,0.1233,0.10347,0.088275,0.07638,0.066895,0.059207,0.052882,0.047611,0.043163,0.03937,0.036103,0.033262,0.03077,0.028566,0.026603,0.02484,0.023245,0.021794,0.020464,0.019236,0.018096,0.01703,0.016027,0.015077,0.014172,0.013305,0.012468,0.011657,0.010865,0.010087,0.0093203,0.0085596,0.0078013,0.0070419,0.0062781,0.0055064,0.0047238,0.0039271,0.0031132,0.0022788,0.0014206,0.00053514,-0.00038088,-0.0013309,-0.0023194,-0.0033515,-0.0044333,-0.0055713,-0.0067734,-0.0080489,-0.009409,-0.010867,-0.012441,-0.014152,-0.016027,-0.018101,-0.020419,-0.023042,-0.026051,-0.029552,-0.033698,-0.038697,-0.04485,-0.052597,-0.062592,-0.075844,-0.093952,-0.11953,-0.15703,-0.21418,-0.30449,-0.44872,-0.66009,-0.8796,-0.98723,-0.99898,-0.99295,0
0,0.99055,0.99972,0.9298,0.69362,0.44617,0.28711,0.19425,0.13853,0.10335,0.080035,0.063902,0.052326,0.04376,0.03725,0.032188,0.028174,0.024935,0.02228,0.020074,0.018217,0.016637,0.015278,0.014098,0.013063,0.012149,0.011335,0.010604,0.0099427,0.0093405,0.0087881,0.0082779,0.0078035,0.0073594,0.006941,0.0065442,0.0061654,0.0058015,0.0054497,0.0051076,0.004773,0.0044439,0.0041183,0.0037947,0.0034713,0.0031469,0.0028199,0.0024891,0.0021531,0.0018108,0.0014609,0.0011021,0.00073317,0.00035286,-4.015e-05,-0.0004469,-0.00086873,-0.0013076,-0.0017655,-0.0022447,-0.002748,-0.0032783,-0.0038392,-0.0044352,-0.0050717,-0.0057554,-0.0064949,-0.0073008,-0.0081871,-0.0091718,-0.010279,-0.011539,-0.012996,-0.014707,-0.016753,-0.019251,-0.022367,-0.026347,-0.031571,-0.03863,-0.048496,-0.062826,-0.084601,-0.11951,-0.17901,-0.28686,-0.48539,-0.7797,-0.97438,-0.99925,0
0,0.89127,0.54299,0.27277,0.14514,0.084961,0.05412,0.036965,0.026721,0.02022,0.015876,0.012845,0.01065,0.0090102,0.0077531,0.0067672,0.0059787,0.0053372,0.0048073,0.0043636,0.0039874,0.0036649,0.0033855,0.0031411,0.0029255,0.0027335,0.0025613,0.0024055,0.0022635,0.0021331,0.0020126,0.0019003,0.001795,0.0016956,0.001601,0.0015105,0.0014232,0.0013386,0.001256,0.0011749,0.0010948,0.0010153,0.00093595,0.00085641,0.00077633,0.00069537,0.00061322,0.0005296,0.00044421,0.00035678,0.00026704,0.00017472,7.952e-05,-1.8817e-05,-0.00012046,-0.00022562,-0.00033466,-0.00044801,-0.00056615,-0.00068957,-0.00081885,-0.00095466,-0.0010978,-0.0012493,-0.0014103,-0.0015825,-0.0017677,-0.0019685,-0.002188,-0.0024305,-0.0027014,-0.003008,-0.00336,-0.0037708,-0.0042588,-0.0048499,-0.0055811,-0.0065072,-0.0077102,-0.0093185,-0.011539,-0.014724,-0.019504,-0.027097,-0.040044,-0.064152,-0.11387,-0.227,-0.4871,-0.86442,0
0,0,0,0,0,0,0,0,0,0,0,0,0,0,0,0,0,0,0,0,0,0,0,0,0,0,0,0,0,0,0,0,0,0,0,0,0,0,0,0,0,0,0,0,0,0,0,0,0,0,0,0,0,0,0,0,0,0,0,0,0,0,0,0,0,0,0,0,0,0,0,0,0,0,0,0,0,0,0,0,0,0,0,0,0,0,0,0,0,0,0
