0,0,0,0,0,0,0,0,0,0,0,0,0,0,0,0,0,0,0,0,0,0,0,0,0,0,0,0,0,0,0,0,0,0,0,0,0,0,0,0,0,0,0,0,0,0,0,0,0,0,0,0,0,0,0,0,0,0,0,0,0,0,0,0,0,0,0,0,0,0,0,0,0,0,0,0,0,0,0,0,0,0,0,0,0,0,0,0,0,0,0
0,-0.7062,-0.43926,-0.2461,-0.090701,0.097844,0.61559,0.69363,0.36601,0.25328,0.19517,0.15875,0.13339,0.11456,0.099962,0.08828,0.07871,0.070723,0.063954,0.058143,0.053098,0.048674,0.04476,0.041267,0.038125,0.035277,0.032676,0.030284,0.028067,0.025998,0.024053,0.022211,0.020456,0.018772,0.017145,0.015563,0.014016,0.012494,0.010989,0.009492,0.0079966,0.0064957,0.0049832,0.0034528,0.0018988,0.00031528,-0.0013031,-0.0029619,-0.004667,-0.0064248,-0.0082418,-0.010125,-0.012083,-0.014122,-0.016254,-0.018489,-0.020839,-0.023318,-0.025942,-0.028732,-0.031711,-0.034906,-0.038352,-0.04209,-0.046174,-0.050669,-0.055662,-0.061265,-0.06763,-0.074966,-0.08357,-0.093882,-0.10659,-0.12282,-0.14459,-0.17596,-0.2264,-0.32429,-0.59578,-0.85964,-0.28217,-0.11207,-0.029947,0.027797,0.080465,0.13871,0.21298,0.31805,0.47611,0.70804,0
0,-0.8969,-0.70512,-0.4237,0.1034,0.99972,0.73499,0.54627,0.43445,0.35895,0.30394,0.26191,0.22872,0.20188,0.17976,0.16122,0.1455,0.13201,0.12031,0.11008,0.10106,0.093044,0.08587,0.079405,0.073539,0.068181,0.063256,0.058697,0.054451,0.05047,0.046713,0.043144,0.039732,0.03645,0.033274,0.030181,0.027153,0.024173,0.021223,0.01829,0.01536,0.012421,0.0094611,0.0064687,0.003433,0.00034343,-0.0028103,-0.0060386,-0.0093524,-0.012763,-0.016282,-0.019923,-0.023699,-0.027626,-0.031719,-0.035997,-0.040483,-0.045199,-0.050173,-0.055438,-0.061031,-0.066998,-0.073392,-0.080279,-0.087737,-0.095864,-0.10478,-0.11465,-0.12567,-0.13811,-0.15233,-0.16882,-0.1883,-0.21184,-0.24112,-0.27895,-0.33045,-0.40596,-0.52924,-0.75588,-0.99797,-0.5581,-0.20404,-0.014366,0.12106,0.24486,0.37779,0.5317,0.70688,0.8799,0
0,-0.96821,-0.90238,-0.69885,0.85012,0.72774,0.63543,0.55642,0.48869,0.43098,0.38195,0.34026,0.30468,0.27416,0.24784,0.225,0.20506,0.18755,0.17207,0.15831,0.14601,0.13496,0.12496,0.11587,0.10756,0.099919,0.092849,0.086272,0.080117,0.074321,0.068831,0.0636,0.058586,0.053751,0.049062,0.04449,0.040008,0.03559,0.031216,0.026864,0.022516,0.018154,0.013761,0.0093215,0.0048202,0.00024206,-0.0044275,-0.0092032,-0.0141,-0.019134,-0.024321,-0.029678,-0.035224,-0.040979,-0.046964,-0.053205,-0.059728,-0.066563,-0.073746,-0.081317,-0.089322,-0.097814,-0.10686,-0.11653,-0.12691,-0.13812,-0.15028,-0.16356,-0.17816,-0.19432,-0.21238,-0.23275,-0.256,-0.28289,-0.31449,-0.35239,-0.39899,-0.45817,-0.53662,-0.64644,-0.80683,-0.98888,-0.76641,-0.22451,0.11909,0.34985,0.53772,0.70365,0.84484,0.94787,0
0,-0.99542,-0.99512,0.52823,0.70388,0.68376,0.6384,0.58719,0.5362,0.48802,0.44373,0.40365,0.3677,0.33558,0.30694,0.28139,0.25856,0.23811,0.21973,0.20316,0.18817,0.17455,0.16211,0.15071,0.14022,0.1305,0.12146,0.11301,0.10506,0.097547,0.090406,0.08358,0.077019,0.070677,0.064516,0.058497,0.052588,0.046758,0.040981,0.035229,0.02948,0.023712,0.017903,0.012034,0.0060845,3.6962e-05,-0.0061272,-0.012426,-0.018879,-0.025504,-0.032322,-0.039352,-0.046617,-0.05414,-0.061947,-0.070066,-0.078527,-0.087365,-0.096618,-0.10633,-0.11655,-0.12733,-0.13874,-0.15086,-0.16377,-0.17757,-0.19239,-0.20838,-0.22569,-0.24454,-0.26519,-0.28793,-0.31315,-0.34131,-0.37302,-0.40904,-0.45039,-0.49844,-0.55514,-0.62339,-0.70787,-0.81615,-0.95118,-0.91709,-0.065323,0.45667,0.69211,0.8318,0.92217,0.97638,0
0,-0.99559,0.001227,0.68153,0.72068,0.70084,0.66488,0.62305,0.5796,0.53675,0.49577,0.45733,0.42171,0.38899,0.35907,0.3318,0.30697,0.28437,0.26377,0.24496,0.22775,0.21196,0.19743,0.184,0.17155,0.15995,0.14911,0.13891,0.12929,0.12015,0.11144,0.10309,0.095036,0.087236,0.079642,0.072212,0.064906,0.057691,0.050533,0.043403,0.036273,0.029117,0.021911,0.01463,0.007252,-0.00024413,-0.00788,-0.015677,-0.023656,-0.031839,-0.040248,-0.048906,-0.057838,-0.067068,-0.076624,-0.086536,-0.096836,-0.10756,-0.11874,-0.13044,-0.14268,-0.15553,-0.16905,-0.18331,-0.19839,-0.21437,-0.23136,-0.24947,-0.26884,-0.28962,-0.31198,-0.33611,-0.36225,-0.39063,-0.42155,-0.4553,-0.49222,-0.53266,-0.57698,-0.62556,-0.67891,-0.73789,-0.80484,-0.88811,-0.99999,0.59297,0.84374,0.9213,0.96459,0.98935,0
0,-0.77442,0.68098,0.76585,0.75912,0.73244,0.69778,0.65944,0.61969,0.57998,0.54127,0.5042,0.46914,0.43628,0.40569,0.37733,0.35112,0.32693,0.30461,0.28401,0.26498,0.24736,0.23102,0.21581,0.20161,0.18831,0.17581,0.16401,0.15282,0.14215,0.13195,0.12213,0.11265,0.10344,0.094455,0.085649,0.076979,0.068405,0.059892,0.051406,0.042916,0.034393,0.025808,0.017136,0.0083504,-0.00057177,-0.0096548,-0.018922,-0.028397,-0.038102,-0.048062,-0.058301,-0.068845,-0.079719,-0.090951,-0.10257,-0.11461,-0.12711,-0.14009,-0.15361,-0.1677,-0.18241,-0.19781,-0.21394,-0.23087,-0.24867,-0.26742,-0.2872,-0.30812,-0.33025,-0.35372,-0.37863,-0.40508,-0.43318,-0.46301,-0.49462,-0.52804,-0.56319,-0.59989,-0.63778,-0.67626,-0.71428,-0.74997,-0.77904,-0.78454,-0.3616,0.98447,0.97892,0.98755,0.99565,0
0,0.73671,0.83526,0.82357,0.79783,0.7662,0.73125,0.6944,0.6567,0.61899,0.58191,0.54596,0.5115,0.47875,0.44783,0.4188,0.39164,0.36628,0.34264,0.3206,0.30007,0.2809,0.26299,0.24622,0.23047,0.21564,0.20162,0.18833,0.17567,0.16357,0.15194,0.14073,0.12987,0.1193,0.10897,0.098827,0.088824,0.078921,0.069079,0.059261,0.049433,0.039563,0.029622,0.01958,0.0094094,-0.000915,-0.011419,-0.022128,-0.033065,-0.044257,-0.055726,-0.067498,-0.079597,-0.092051,-0.10489,-0.11813,-0.13181,-0.14597,-0.16062,-0.17582,-0.19159,-0.20798,-0.22503,-0.24279,-0.2613,-0.28062,-0.30079,-0.32189,-0.34395,-0.36705,-0.39121,-0.4165,-0.44293,-0.47051,-0.49922,-0.529,-0.5597,-0.59112,-0.6229,-0.65452,-0.68518,-0.71357,-0.73734,-0.7513,-0.73896,-0.60061,0.7017,0.9994,0.99851,0.99874,0
0,0.93113,0.89701,0.8646,0.8318,0.7979,0.76286,0.72698,0.69068,0.65441,0.61861,0.58363,0.54978,0.51728,0.48628,0.45685,0.42904,0.40282,0.37816,0.35498,0.3332,0.31273,0.29347,0.27533,0.25819,0.24197,0.22657,0.2119,0.19787,0.18442,0.17145,0.15891,0.14673,0.13485,0.12321,0.11176,0.10046,0.089261,0.078116,0.066991,0.055849,0.044656,0.03338,0.021991,0.01046,-0.0012417,-0.013139,-0.025259,-0.037626,-0.050265,-0.0632,-0.076455,-0.090055,-0.10403,-0.11839,-0.13317,-0.1484,-0.16411,-0.18032,-0.19705,-0.21435,-0.23224,-0.25075,-0.26992,-0.28978,-0.31036,-0.33169,-0.35381,-0.37673,-0.40048,-0.42507,-0.45048,-0.47671,-0.5037,-0.53138,-0.55961,-0.58823,-0.61697,-0.64549,-0.67326,-0.69957,-0.72331,-0.74257,-0.75349,-0.74592,-0.67985,-0.24725,0.90561,0.99795,0.99995,0
0,0.96649,0.9293,0.89429,0.86018,0.82607,0.79159,0.75673,0.72166,0.68663,0.65194,0.61787,0.58465,0.5525,0.52157,0.49195,0.46372,0.43689,0.41144,0.38735,0.36455,0.34299,0.32257,0.30322,0.28485,0.26737,0.2507,0.23476,0.21946,0.20473,0.1905,0.17669,0.16324,0.1501,0.1372,0.12449,0.11192,0.099448,0.08703,0.074624,0.062192,0.0497,0.037113,0.024401,0.011533,-0.0015188,-0.014781,-0.028281,-0.042042,-0.056089,-0.070446,-0.085135,-0.10018,-0.1156,-0.13142,-0.14767,-0.16435,-0.1815,-0.19914,-0.21729,-0.23597,-0.2552,-0.27501,-0.2954,-0.31641,-0.33804,-0.36031,-0.38322,-0.40677,-0.43097,-0.45578,-0.48118,-0.50711,-0.53351,-0.56026,-0.58723,-0.61424,-0.64104,-0.66732,-0.69265,-0.71647,-0.73793,-0.75569,-0.76724,-0.76679,-0.7365,-0.58762,0.33335,0.9709,0.99939,0
0,0.97963,0.94859,0.9161,0.88338,0.85042,0.81713,0.78353,0.74972,0.7159,0.68229,0.6491,0.61656,0.58485,0.55412,0.52448,0.49601,0.46875,0.44272,0.41791,0.39428,0.37179,0.35037,0.32996,0.3105,0.29189,0.27407,0.25695,0.24047,0.22454,0.2091,0.19409,0.17943,0.16507,0.15095,0.13702,0.12322,0.10951,0.095846,0.082186,0.06849,0.054723,0.04085,0.02684,0.012662,-0.0017127,-0.016311,-0.031157,-0.046277,-0.061693,-0.077427,-0.0935,-0.10993,-0.12674,-0.14395,-0.16157,-0.17963,-0.19813,-0.21709,-0.23653,-0.25646,-0.27689,-0.29784,-0.31929,-0.34128,-0.36378,-0.3868,-0.41033,-0.43435,-0.45883,-0.48375,-0.50904,-0.53464,-0.56047,-0.58642,-0.61235,-0.6381,-0.66346,-0.68817,-0.71191,-0.73425,-0.75461,-0.77211,-0.78523,-0.79086,-0.78087,-0.7252,-0.41898,0.8105,0.99528,0
0,0.98616,0.96109,0.93238,0.90219,0.87116,0.83952,0.80741,0.77499,0.74242,0.70991,0.67766,0.64585,0.61466,0.58423,0.5547,0.52615,0.49863,0.47218,0.44681,0.42251,0.39925,0.37698,0.35565,0.33521,0.31558,0.29671,0.27851,0.26092,0.24388,0.22731,0.21115,0.19533,0.1798,0.1645,0.14938,0.13439,0.11947,0.10459,0.089707,0.074773,0.059757,0.044624,0.029342,0.01388,-0.0017894,-0.017692,-0.033853,-0.050295,-0.06704,-0.084106,-0.10151,-0.11928,-0.13742,-0.15594,-0.17486,-0.1942,-0.21396,-0.23414,-0.25477,-0.27583,-0.29733,-0.31928,-0.34166,-0.36447,-0.3877,-0.41133,-0.43534,-0.45969,-0.48436,-0.50928,-0.53441,-0.55968,-0.58499,-0.61024,-0.63531,-0.66007,-0.68433,-0.70791,-0.73056,-0.75199,-0.77182,-0.78951,-0.8042,-0.81434,-0.81635,-0.79965,-0.71416,-0.012999,0.97658,0
0,0.98995,0.96964,0.94472,0.91743,0.8887,0.85899,0.82856,0.79763,0.7664,0.73505,0.70378,0.67276,0.64218,0.61217,0.58286,0.55434,0.5267,0.49998,0.4742,0.44936,0.42547,0.40247,0.38035,0.35904,0.33851,0.31867,0.29948,0.28087,0.26278,0.24514,0.22788,0.21096,0.19431,0.17788,0.16161,0.14546,0.12937,0.1133,0.097216,0.081072,0.064834,0.048466,0.031938,0.01522,-0.001715,-0.018892,-0.036334,-0.054061,-0.072094,-0.090449,-0.10914,-0.12818,-0.14759,-0.16736,-0.18752,-0.20805,-0.22898,-0.25029,-0.272,-0.29408,-0.31655,-0.33937,-0.36256,-0.38608,-0.40991,-0.43403,-0.4584,-0.483,-0.50776,-0.53265,-0.55759,-0.58252,-0.60735,-0.632,-0.65635,-0.6803,-0.70371,-0.72643,-0.74831,-0.76913,-0.78867,-0.80664,-0.82259,-0.83582,-0.84494,-0.84645,-0.82812,-0.70436,0.80694,0
0,0.99237,0.97574,0.95422,0.92979,0.90347,0.87583,0.8472,0.81786,0.78802,0.7579,0.72767,0.69752,0.66762,0.63811,0.60913,0.58077,0.55312,0.52625,0.50018,0.47494,0.45053,0.42693,0.40412,0.38206,0.3607,0.34,0.3199,0.30035,0.28127,0.26262,0.24434,0.22636,0.20864,0.19111,0.17373,0.15645,0.13922,0.122,0.10474,0.087418,0.069983,0.052408,0.034662,0.016716,-0.0014556,-0.019875,-0.038564,-0.057541,-0.076822,-0.096421,-0.11635,-0.13662,-0.15723,-0.17819,-0.1995,-0.22117,-0.24318,-0.26554,-0.28823,-0.31124,-0.33456,-0.35817,-0.38205,-0.40617,-0.43051,-0.45503,-0.47968,-0.50444,-0.52925,-0.55405,-0.57879,-0.60339,-0.62779,-0.65191,-0.67565,-0.69893,-0.72165,-0.7437,-0.76497,-0.78534,-0.80469,-0.82285,-0.83967,-0.85487,-0.86806,-0.87837,-0.88341,-0.87262,-0.65978,0
0,0.99401,0.98024,0.96164,0.93988,0.91593,0.89036,0.86358,0.83588,0.80749,0.77864,0.74952,0.7203,0.69115,0.66223,0.63367,0.60557,0.57802,0.55111,0.52487,0.49933,0.47452,0.45042,0.42703,0.40431,0.38223,0.36074,0.33981,0.31938,0.29939,0.27979,0.26053,0.24155,0.2228,0.20422,0.18577,0.1674,0.14907,0.13072,0.11232,0.093842,0.075239,0.056483,0.037546,0.0184,-0.00097793,-0.020609,-0.040512,-0.060702,-0.081192,-0.10199,-0.12311,-0.14455,-0.16632,-0.1884,-0.21081,-0.23353,-0.25656,-0.27988,-0.30347,-0.32733,-0.35142,-0.37572,-0.4002,-0.42484,-0.4496,-0.47444,-0.49931,-0.52417,-0.54898,-0.57368,-0.5982,-0.6225,-0.6465,-0.67015,-0.69336,-0.71607,-0.73821,-0.7597,-0.78047,-0.80046,-0.8196,-0.83784,-0.85514,-0.87147,-0.88683,-0.90127,-0.91485,-0.92765,-0.93713,0
0,0.99517,0.98363,0.96752,0.94817,0.92644,0.9029,0.87795,0.8519,0.825,0.79746,0.76948,0.74125,0.71293,0.68467,0.65661,0.62885,0.60151,0.57465,0.54834,0.52262,0.4975,0.47301,0.44912,0.42584,0.40312,0.38093,0.35924,0.33801,0.31717,0.29668,0.2765,0.25657,0.23683,0.21725,0.19777,0.17834,0.15893,0.13949,0.11998,0.10038,0.080632,0.060724,0.040623,0.020306,-0.0002495,-0.021061,-0.042145,-0.063512,-0.085173,-0.10713,-0.1294,-0.15196,-0.17483,-0.19798,-0.22143,-0.24514,-0.26911,-0.29332,-0.31774,-0.34236,-0.36714,-0.39206,-0.41708,-0.44216,-0.46727,-0.49236,-0.5174,-0.54233,-0.5671,-0.59168,-0.61599,-0.64,-0.66364,-0.68685,-0.7096,-0.73181,-0.75344,-0.77444,-0.79476,-0.81439,-0.83329,-0.85146,-0.86894,-0.88578,-0.90214,-0.91826,-0.93467,-0.95238,-0.97345,0
0,0.99604,0.98626,0.97223,0.95501,0.93534,0.91373,0.89057,0.86615,0.84073,0.81452,0.78773,0.76053,0.73309,0.70555,0.67806,0.65074,0.62368,0.59698,0.57069,0.54487,0.51955,0.49474,0.47046,0.44669,0.42342,0.40061,0.37824,0.35626,0.33464,0.31333,0.29227,0.27144,0.25077,0.23022,0.20974,0.1893,0.16885,0.14834,0.12776,0.10705,0.086195,0.065162,0.043925,0.022465,0.00076135,-0.0212,-0.043432,-0.065943,-0.088738,-0.11182,-0.13518,-0.15883,-0.18274,-0.20692,-0.23134,-0.25598,-0.28084,-0.30587,-0.33106,-0.35637,-0.38178,-0.40724,-0.43272,-0.45819,-0.4836,-0.5089,-0.53405,-0.55902,-0.58374,-0.60818,-0.63229,-0.65602,-0.67932,-0.70215,-0.72447,-0.74623,-0.7674,-0.78795,-0.80787,-0.82712,-0.84573,-0.86372,-0.88113,-0.89806,-0.91466,-0.9312,-0.94805,-0.9658,-0.98481,0
0,0.99669,0.98833,0.97605,0.96072,0.94292,0.92311,0.90165,0.87882,0.85487,0.83,0.8044,0.77826,0.75174,0.72499,0.69814,0.67131,0.64462,0.61815,0.59197,0.56614,0.5407,0.51568,0.49108,0.46691,0.44316,0.41981,0.39682,0.37418,0.35183,0.32975,0.30788,0.28619,0.26463,0.24315,0.22173,0.2003,0.17884,0.15731,0.13567,0.1139,0.09196,0.069828,0.047484,0.024908,0.0020852,-0.020997,-0.044346,-0.067967,-0.09186,-0.11602,-0.14045,-0.16513,-0.19005,-0.21519,-0.24054,-0.26606,-0.29174,-0.31754,-0.34344,-0.36939,-0.39536,-0.42131,-0.44721,-0.47301,-0.49867,-0.52414,-0.54939,-0.57436,-0.59902,-0.62332,-0.64723,-0.67069,-0.69367,-0.71615,-0.73807,-0.75942,-0.78017,-0.8003,-0.81981,-0.83869,-0.85697,-0.87466,-0.89183,-0.90856,-0.92497,-0.94123,-0.95753,-0.97399,-0.98992,0
0,0.9972,0.98998,0.9792,0.9655,0.94938,0.93125,0.9114,0.8901,0.86757,0.84402,0.81964,0.79458,0.76901,0.74309,0.71693,0.69067,0.66441,0.63825,0.61226,0.5865,0.56103,0.53587,0.51104,0.48654,0.46239,0.43856,0.41503,0.39178,0.36877,0.34597,0.32335,0.30085,0.27845,0.25609,0.23375,0.21138,0.18895,0.16642,0.14377,0.12095,0.097956,0.074755,0.05133,0.027666,0.0037513,-0.020422,-0.044859,-0.069558,-0.094517,-0.11973,-0.14518,-0.17085,-0.19674,-0.2228,-0.24903,-0.27538,-0.30184,-0.32836,-0.35491,-0.38144,-0.40793,-0.43433,-0.4606,-0.48669,-0.51256,-0.53817,-0.56348,-0.58845,-0.61304,-0.6372,-0.6609,-0.68411,-0.7068,-0.72894,-0.7505,-0.77146,-0.79181,-0.81154,-0.83065,-0.84915,-0.86704,-0.88438,-0.90118,-0.91753,-0.93349,-0.94914,-0.96451,-0.97938,-0.9927,0
0,0.9976,0.99132,0.9818,0.96954,0.95494,0.93833,0.91999,0.90014,0.879,0.85675,0.83356,0.8096,0.78501,0.75994,0.73453,0.70889,0.68313,0.65734,0.63161,0.606,0.58056,0.55534,0.53035,0.50562,0.48113,0.4569,0.43289,0.4091,0.38549,0.36204,0.3387,0.31545,0.29225,0.26906,0.24585,0.22257,0.1992,0.17571,0.15206,0.12824,0.10422,0.079972,0.055493,0.030767,0.0057877,-0.01945,-0.044946,-0.070694,-0.096688,-0.12291,-0.14935,-0.17599,-0.2028,-0.22975,-0.25681,-0.28396,-0.31114,-0.33833,-0.36549,-0.39257,-0.41954,-0.44634,-0.47294,-0.49929,-0.52535,-0.55108,-0.57643,-0.60138,-0.62588,-0.64991,-0.67342,-0.69639,-0.7188,-0.74062,-0.76184,-0.78244,-0.80241,-0.82175,-0.84047,-0.85856,-0.87606,-0.89297,-0.90934,-0.9252,-0.94058,-0.95547,-0.96978,-0.98314,-0.9944,0
0,0.99793,0.99243,0.98398,0.97297,0.95973,0.94452,0.92758,0.90911,0.8893,0.86831,0.8463,0.82343,0.79983,0.77565,0.75102,0.72604,0.70083,0.67548,0.65007,0.62468,0.59936,0.57414,0.54907,0.52416,0.49942,0.47485,0.45044,0.42617,0.40202,0.37796,0.35398,0.33002,0.30607,0.28209,0.25804,0.23389,0.20962,0.1852,0.1606,0.13579,0.11077,0.085508,0.060001,0.03424,0.008221,-0.018055,-0.044583,-0.071354,-0.098354,-0.12556,-0.15297,-0.18053,-0.20823,-0.23603,-0.26389,-0.29179,-0.31967,-0.3475,-0.37523,-0.40282,-0.43022,-0.45739,-0.48429,-0.51088,-0.5371,-0.56293,-0.58832,-0.61324,-0.63766,-0.66155,-0.68487,-0.70762,-0.72976,-0.75128,-0.77217,-0.79243,-0.81203,-0.831,-0.84932,-0.86701,-0.88409,-0.90056,-0.91645,-0.93176,-0.94649,-0.96058,-0.97385,-0.98587,-0.99553,0
0,0.9982,0.99335,0.98582,0.97592,0.96389,0.94996,0.93431,0.91713,0.89858,0.87881,0.85796,0.83617,0.81357,0.7903,0.76646,0.74219,0.71758,0.69272,0.6677,0.64259,0.61744,0.59231,0.56723,0.54221,0.51728,0.49244,0.46769,0.443,0.41837,0.39378,0.36919,0.34458,0.31993,0.29519,0.27036,0.24538,0.22025,0.19492,0.16939,0.14364,0.11764,0.091393,0.064883,0.038111,0.011077,-0.016214,-0.04375,-0.071518,-0.099499,-0.12767,-0.156,-0.18447,-0.21303,-0.24164,-0.27028,-0.29889,-0.32744,-0.35587,-0.38414,-0.41221,-0.44003,-0.46754,-0.49472,-0.52152,-0.54789,-0.5738,-0.59922,-0.62411,-0.64844,-0.67219,-0.69534,-0.71787,-0.73976,-0.761,-0.78158,-0.8015,-0.82076,-0.83936,-0.8573,-0.87459,-0.89124,-0.90726,-0.92265,-0.93739,-0.95146,-0.96475,-0.97706,-0.98791,-0.99631,0
0,0.99842,0.99413,0.98739,0.97846,0.96751,0.95474,0.94029,0.92433,0.90697,0.88837,0.86864,0.84791,0.82631,0.80395,0.78095,0.75741,0.73344,0.70912,0.68454,0.65977,0.63486,0.60988,0.58485,0.5598,0.53475,0.5097,0.48466,0.45963,0.43458,0.4095,0.38436,0.35916,0.33385,0.30841,0.28282,0.25706,0.2311,0.20491,0.17849,0.15181,0.12487,0.097653,0.070165,0.042405,0.014379,-0.013904,-0.042427,-0.07117,-0.10011,-0.12922,-0.15846,-0.1878,-0.21719,-0.24661,-0.27599,-0.3053,-0.33448,-0.36349,-0.39228,-0.4208,-0.449,-0.47684,-0.50428,-0.53127,-0.55778,-0.58377,-0.6092,-0.63406,-0.65831,-0.68194,-0.70492,-0.72724,-0.74889,-0.76986,-0.79015,-0.80975,-0.82867,-0.84691,-0.86448,-0.88137,-0.8976,-0.91316,-0.92805,-0.94223,-0.95565,-0.9682,-0.97962,-0.98948,-0.99688,0
0,0.9986,0.99478,0.98874,0.98066,0.97068,0.95896,0.94562,0.93079,0.91457,0.89708,0.87844,0.85876,0.83814,0.8167,0.79454,0.77176,0.74846,0.72473,0.70063,0.67626,0.65165,0.62687,0.60196,0.57694,0.55183,0.52665,0.50139,0.47607,0.45066,0.42515,0.39953,0.37377,0.34786,0.32176,0.29547,0.26896,0.2422,0.21519,0.1879,0.16033,0.13247,0.10432,0.075874,0.047148,0.018149,-0.011105,-0.040595,-0.070295,-0.10017,-0.1302,-0.16033,-0.19052,-0.22074,-0.25092,-0.28103,-0.31101,-0.34081,-0.37038,-0.39966,-0.42862,-0.45719,-0.48534,-0.51303,-0.54021,-0.56684,-0.5929,-0.61835,-0.64317,-0.66735,-0.69085,-0.71366,-0.73579,-0.75721,-0.77793,-0.79793,-0.81724,-0.83583,-0.85373,-0.87093,-0.88744,-0.90325,-0.91836,-0.93276,-0.9464,-0.95921,-0.97106,-0.9817,-0.99071,-0.9973,0
0,0.99876,0.99534,0.98991,0.98258,0.97348,0.96271,0.95039,0.93661,0.92146,0.90503,0.88744,0.86877,0.84913,0.82861,0.8073,0.7853,0.7627,0.73958,0.71602,0.69209,0.66784,0.64332,0.61859,0.59365,0.56855,0.5433,0.51789,0.49234,0.46663,0.44075,0.4147,0.38844,0.36198,0.33527,0.30832,0.2811,0.25359,0.22578,0.19766,0.16923,0.14047,0.11141,0.082034,0.052362,0.022411,-0.0077983,-0.038238,-0.068878,-0.099681,-0.13061,-0.16161,-0.19265,-0.22366,-0.2546,-0.28542,-0.31606,-0.34646,-0.37657,-0.40634,-0.43571,-0.46465,-0.4931,-0.52102,-0.54838,-0.57513,-0.60126,-0.62673,-0.65152,-0.67561,-0.699,-0.72166,-0.7436,-0.7648,-0.78528,-0.80502,-0.82403,-0.84232,-0.85988,-0.87673,-0.89286,-0.90827,-0.92296,-0.93688,-0.95,-0.96224,-0.97345,-0.98341,-0.9917,-0.99763,0
0,0.99889,0.99583,0.99092,0.98426,0.97595,0.96606,0.95467,0.94186,0.92772,0.91231,0.89572,0.87804,0.85935,0.83973,0.81928,0.79808,0.7762,0.75373,0.73074,0.70729,0.68345,0.65926,0.63475,0.60997,0.58494,0.55968,0.53418,0.50846,0.48251,0.45632,0.42989,0.4032,0.37623,0.34896,0.32139,0.2935,0.26528,0.23671,0.2078,0.17853,0.14891,0.11895,0.088669,0.058071,0.027183,-0.0039648,-0.035341,-0.066908,-0.098623,-0.13044,-0.16231,-0.19417,-0.22598,-0.25767,-0.28918,-0.32046,-0.35145,-0.3821,-0.41234,-0.44213,-0.47141,-0.50015,-0.52831,-0.55584,-0.58271,-0.6089,-0.63439,-0.65915,-0.68318,-0.70645,-0.72897,-0.75073,-0.77173,-0.79198,-0.81146,-0.8302,-0.84819,-0.86544,-0.88195,-0.89772,-0.91275,-0.92701,-0.94049,-0.95313,-0.96483,-0.97547,-0.98482,-0.99249,-0.99789,0
0,0.99901,0.99625,0.99181,0.98575,0.97814,0.96904,0.95852,0.94662,0.93342,0.91897,0.90335,0.88662,0.86886,0.85014,0.83054,0.81014,0.78901,0.76721,0.74483,0.72191,0.69852,0.67469,0.65048,0.62591,0.60101,0.57579,0.55027,0.52445,0.49832,0.47188,0.44513,0.41805,0.39063,0.36286,0.33472,0.3062,0.2773,0.24801,0.21833,0.18826,0.15781,0.12698,0.095803,0.064296,0.032487,0.00041276,-0.031889,-0.064374,-0.096993,-0.12969,-0.16242,-0.1951,-0.22769,-0.26012,-0.29233,-0.32425,-0.35583,-0.387,-0.41771,-0.4479,-0.47754,-0.50656,-0.53495,-0.56265,-0.58964,-0.6159,-0.64141,-0.66615,-0.69011,-0.71328,-0.73567,-0.75726,-0.77806,-0.79809,-0.81733,-0.8358,-0.85351,-0.87045,-0.88664,-0.90207,-0.91673,-0.93061,-0.94366,-0.95585,-0.96707,-0.97719,-0.98599,-0.99314,-0.9981,0
0,0.99911,0.99662,0.99259,0.98707,0.9801,0.97173,0.96199,0.95094,0.93862,0.92509,0.91039,0.89458,0.87772,0.85989,0.84114,0.82154,0.80116,0.78007,0.75832,0.73596,0.71307,0.68966,0.66579,0.64149,0.61677,0.59167,0.56618,0.54031,0.51406,0.48744,0.46043,0.43302,0.4052,0.37697,0.34831,0.31921,0.28968,0.25971,0.22929,0.19845,0.16718,0.13551,0.10346,0.071059,0.038342,0.0053511,-0.027868,-0.061265,-0.094783,-0.12836,-0.16194,-0.19545,-0.22882,-0.26199,-0.29489,-0.32745,-0.35961,-0.39131,-0.42248,-0.45308,-0.48306,-0.51238,-0.54099,-0.56887,-0.59598,-0.62231,-0.64785,-0.67256,-0.69646,-0.71954,-0.7418,-0.76323,-0.78385,-0.80367,-0.82268,-0.8409,-0.85834,-0.87499,-0.89087,-0.90597,-0.92029,-0.93379,-0.94646,-0.95822,-0.969,-0.97865,-0.98699,-0.99368,-0.99826,0
0,0.9992,0.99695,0.99328,0.98824,0.98185,0.97414,0.96514,0.95488,0.94339,0.93071,0.91689,0.90196,0.88599,0.86902,0.85111,0.83232,0.81271,0.79233,0.77123,0.74948,0.72712,0.70418,0.6807,0.65672,0.63225,0.60731,0.58191,0.55606,0.52976,0.50301,0.47579,0.44811,0.41996,0.39132,0.36219,0.33256,0.30244,0.27182,0.2407,0.20911,0.17706,0.14457,0.11166,0.078381,0.044767,0.010867,-0.023266,-0.057572,-0.091988,-0.12645,-0.16088,-0.19521,-0.22937,-0.26329,-0.29688,-0.33008,-0.36283,-0.39505,-0.4267,-0.45771,-0.48804,-0.51764,-0.54649,-0.57454,-0.60178,-0.62819,-0.65375,-0.67846,-0.7023,-0.72529,-0.74743,-0.76871,-0.78916,-0.80877,-0.82756,-0.84555,-0.86272,-0.87911,-0.89469,-0.90948,-0.92347,-0.93663,-0.94893,-0.9603,-0.97068,-0.97991,-0.98783,-0.99413,-0.9984,0
0,0.99928,0.99723,0.9939,0.98929,0.98343,0.97632,0.96799,0.95846,0.94775,0.93589,0.9229,0.90883,0.89371,0.87758,0.86051,0.84252,0.82368,0.80402,0.78361,0.76249,0.74069,0.71826,0.69522,0.67161,0.64743,0.62272,0.59748,0.57171,0.54542,0.5186,0.49124,0.46335,0.43491,0.40592,0.37637,0.34626,0.31559,0.28436,0.25259,0.22028,0.18747,0.15417,0.12043,0.086284,0.051781,0.016977,-0.018067,-0.053284,-0.088603,-0.12395,-0.15924,-0.19441,-0.22936,-0.26403,-0.29832,-0.33218,-0.36552,-0.39828,-0.4304,-0.46183,-0.49251,-0.52241,-0.55149,-0.57973,-0.6071,-0.63358,-0.65918,-0.68388,-0.70768,-0.73059,-0.75261,-0.77375,-0.79403,-0.81345,-0.83204,-0.84979,-0.86672,-0.88284,-0.89815,-0.91265,-0.92633,-0.93916,-0.95112,-0.96214,-0.97214,-0.98101,-0.98855,-0.99451,-0.99851,0
0,0.99934,0.99749,0.99445,0.99023,0.98485,0.9783,0.97059,0.96174,0.95176,0.94066,0.92847,0.91522,0.90092,0.88562,0.86936,0.85217,0.8341,0.81519,0.79548,0.77501,0.75381,0.73192,0.70936,0.68617,0.66235,0.63792,0.61289,0.58727,0.56104,0.53422,0.50679,0.47874,0.45008,0.42079,0.39088,0.36033,0.32916,0.29737,0.26497,0.23198,0.19843,0.16436,0.12979,0.094788,0.059403,0.023697,-0.012259,-0.048391,-0.08462,-0.12086,-0.15703,-0.19304,-0.2288,-0.26423,-0.29925,-0.33376,-0.36771,-0.40101,-0.43362,-0.46547,-0.49652,-0.52672,-0.55604,-0.58447,-0.61197,-0.63855,-0.66418,-0.68888,-0.71264,-0.73547,-0.75739,-0.7784,-0.79852,-0.81776,-0.83614,-0.85368,-0.87038,-0.88625,-0.90129,-0.91551,-0.9289,-0.94143,-0.95307,-0.96376,-0.97343,-0.98195,-0.98917,-0.99484,-0.99861,0
0,0.99941,0.99772,0.99494,0.99108,0.98613,0.98009,0.97296,0.96475,0.95545,0.94508,0.93365,0.92117,0.90767,0.89317,0.87771,0.86132,0.84402,0.82585,0.80685,0.78705,0.76649,0.74518,0.72315,0.70042,0.677,0.65291,0.62816,0.60273,0.57664,0.54987,0.52243,0.49429,0.46547,0.43595,0.40572,0.37479,0.34317,0.31085,0.27786,0.24423,0.20997,0.17514,0.13977,0.10392,0.067654,0.031046,-0.0058273,-0.042883,-0.080034,-0.11719,-0.15425,-0.19112,-0.2277,-0.26392,-0.29966,-0.33486,-0.36943,-0.4033,-0.4364,-0.46869,-0.5001,-0.53062,-0.5602,-0.58882,-0.61646,-0.64313,-0.66881,-0.69351,-0.71724,-0.74,-0.76182,-0.7827,-0.80267,-0.82174,-0.83993,-0.85725,-0.87373,-0.88936,-0.90415,-0.91811,-0.93122,-0.94347,-0.95481,-0.9652,-0.97456,-0.98279,-0.98971,-0.99511,-0.99869,0
0,0.99946,0.99792,0.99539,0.99185,0.9873,0.98173,0.97513,0.96751,0.95885,0.94916,0.93845,0.92672,0.91399,0.90027,0.88559,0.86998,0.85345,0.83603,0.81776,0.79865,0.77874,0.75804,0.73657,0.71436,0.69139,0.6677,0.64327,0.61811,0.59221,0.56556,0.53817,0.51001,0.48109,0.45139,0.42091,0.38965,0.35762,0.32483,0.2913,0.25705,0.22211,0.18654,0.15038,0.11369,0.076556,0.039043,0.0012443,-0.036748,-0.074836,-0.11292,-0.15089,-0.18864,-0.22608,-0.2631,-0.2996,-0.3355,-0.37071,-0.40516,-0.43878,-0.47151,-0.50332,-0.53415,-0.56399,-0.59282,-0.62061,-0.64738,-0.67311,-0.69782,-0.72152,-0.74422,-0.76594,-0.7867,-0.80652,-0.82543,-0.84343,-0.86055,-0.87681,-0.89222,-0.90677,-0.92048,-0.93333,-0.94531,-0.95638,-0.96649,-0.97557,-0.98352,-0.99018,-0.99536,-0.99876,0
0,0.99951,0.99811,0.99579,0.99255,0.98836,0.98322,0.97712,0.97005,0.96199,0.95295,0.94292,0.9319,0.91991,0.90695,0.89304,0.87819,0.86242,0.84576,0.82822,0.80982,0.79058,0.77053,0.74966,0.72799,0.70553,0.68228,0.65823,0.63339,0.60775,0.58129,0.55401,0.5259,0.49694,0.46713,0.43646,0.40493,0.37255,0.33933,0.30529,0.27046,0.23488,0.19859,0.16165,0.12414,0.08613,0.047708,0.0089732,-0.029971,-0.069017,-0.10805,-0.14696,-0.18563,-0.22394,-0.26179,-0.29908,-0.3357,-0.37158,-0.40663,-0.44078,-0.47399,-0.50619,-0.53736,-0.56748,-0.59652,-0.62447,-0.65134,-0.67713,-0.70185,-0.72552,-0.74816,-0.7698,-0.79044,-0.81012,-0.82886,-0.84669,-0.86362,-0.87967,-0.89485,-0.90918,-0.92265,-0.93526,-0.94698,-0.9578,-0.96765,-0.97647,-0.98417,-0.9906,-0.99557,-0.99882,0
0,0.99955,0.99828,0.99616,0.99318,0.98933,0.98459,0.97895,0.97239,0.96489,0.95646,0.94708,0.93674,0.92546,0.91323,0.90006,0.88597,0.87096,0.85505,0.83824,0.82057,0.80203,0.78264,0.7624,0.74132,0.71941,0.69665,0.67305,0.64859,0.62326,0.59706,0.56996,0.54195,0.51302,0.48317,0.45237,0.42064,0.38796,0.35437,0.31987,0.2845,0.2483,0.21132,0.17362,0.13529,0.096402,0.057064,0.017379,-0.022538,-0.062566,-0.10258,-0.14246,-0.18207,-0.22129,-0.26001,-0.29811,-0.3355,-0.37207,-0.40774,-0.44246,-0.47615,-0.50877,-0.54029,-0.57069,-0.59995,-0.62807,-0.65505,-0.68091,-0.70565,-0.7293,-0.75188,-0.77342,-0.79395,-0.8135,-0.83208,-0.84974,-0.86648,-0.88233,-0.8973,-0.91141,-0.92465,-0.93702,-0.94851,-0.95908,-0.9687,-0.97729,-0.98475,-0.99097,-0.99575,-0.99887,0
0,0.99959,0.99843,0.99649,0.99376,0.99021,0.98585,0.98063,0.97455,0.96758,0.95972,0.95095,0.94127,0.93067,0.91915,0.9067,0.89335,0.87908,0.86392,0.84786,0.83091,0.81309,0.79438,0.77481,0.75436,0.73303,0.71082,0.6877,0.66369,0.63874,0.61285,0.586,0.55817,0.52935,0.49951,0.46866,0.43677,0.40387,0.36995,0.33504,0.29917,0.26239,0.22474,0.1863,0.14716,0.1074,0.067134,0.026483,-0.014429,-0.055468,-0.096497,-0.13738,-0.17797,-0.21815,-0.25777,-0.29673,-0.3349,-0.3722,-0.40853,-0.44383,-0.47803,-0.51109,-0.54298,-0.57368,-0.60317,-0.63146,-0.65856,-0.68448,-0.70925,-0.73288,-0.75541,-0.77686,-0.79728,-0.81669,-0.83512,-0.8526,-0.86916,-0.88481,-0.89958,-0.91348,-0.9265,-0.93865,-0.94992,-0.96026,-0.96965,-0.97802,-0.98527,-0.99129,-0.99592,-0.99892,0
0,0.99963,0.99856,0.99679,0.99428,0.99103,0.987,0.98218,0.97654,0.97007,0.96275,0.95456,0.9455,0.93555,0.92471,0.91298,0.90034,0.88681,0.87239,0.85707,0.84086,0.82376,0.80577,0.78688,0.76709,0.74639,0.72477,0.7022,0.67868,0.65417,0.62867,0.60214,0.57456,0.54591,0.51616,0.48532,0.45336,0.42028,0.3861,0.35083,0.31451,0.27718,0.23889,0.19973,0.15978,0.11915,0.077948,0.036311,-0.005623,-0.047707,-0.089789,-0.13172,-0.17334,-0.21451,-0.25509,-0.29494,-0.33395,-0.37201,-0.40903,-0.44494,-0.47968,-0.5132,-0.54547,-0.57648,-0.60621,-0.63469,-0.66191,-0.6879,-0.71268,-0.7363,-0.75878,-0.78015,-0.80045,-0.81973,-0.83801,-0.85532,-0.87169,-0.88716,-0.90172,-0.91541,-0.92823,-0.94017,-0.95121,-0.96135,-0.97052,-0.97869,-0.98575,-0.99159,-0.99606,-0.99896,0
0,0.99966,0.99869,0.99706,0.99477,0.99177,0.98806,0.9836,0.97838,0.97238,0.96557,0.95794,0.94946,0.94014,0.92996,0.9189,0.90698,0.89417,0.88048,0.8659,0.85043,0.83407,0.8168,0.79863,0.77953,0.75949,0.7385,0.71653,0.69356,0.66956,0.6445,0.61835,0.59109,0.56269,0.53311,0.50235,0.47038,0.43721,0.40283,0.36726,0.33053,0.29269,0.2538,0.21394,0.17319,0.13168,0.089536,0.046892,0.0039051,-0.039262,-0.082442,-0.12547,-0.16817,-0.21039,-0.25196,-0.29276,-0.33265,-0.37152,-0.40927,-0.44582,-0.48112,-0.51512,-0.5478,-0.57913,-0.60912,-0.63778,-0.66513,-0.69119,-0.716,-0.7396,-0.76202,-0.78331,-0.8035,-0.82264,-0.84077,-0.85791,-0.87411,-0.88938,-0.90375,-0.91724,-0.92985,-0.94158,-0.95242,-0.96235,-0.97133,-0.9793,-0.98618,-0.99186,-0.9962,-0.99899,0
0,0.99969,0.9988,0.99732,0.99521,0.99245,0.98903,0.98492,0.98009,0.97452,0.96819,0.96108,0.95317,0.94445,0.9349,0.9245,0.91326,0.90116,0.88819,0.87435,0.85962,0.84401,0.82748,0.81004,0.79166,0.77232,0.752,0.73067,0.70831,0.68487,0.66033,0.63464,0.60777,0.57969,0.55036,0.51976,0.48786,0.45466,0.42015,0.38434,0.34726,0.30896,0.2695,0.22895,0.18743,0.14504,0.10193,0.058259,0.014185,-0.030108,-0.074435,-0.11861,-0.16245,-0.20577,-0.24841,-0.29021,-0.33103,-0.37075,-0.40927,-0.44651,-0.4824,-0.51691,-0.55,-0.58167,-0.61193,-0.64078,-0.66826,-0.6944,-0.71923,-0.74281,-0.76518,-0.78638,-0.80646,-0.82546,-0.84343,-0.8604,-0.87642,-0.8915,-0.90568,-0.91897,-0.93138,-0.94291,-0.95356,-0.96329,-0.97208,-0.97987,-0.98658,-0.9921,-0.99632,-0.99903,0
0,0.99972,0.99891,0.99755,0.99561,0.99308,0.98993,0.98614,0.98167,0.97651,0.97063,0.96402,0.95664,0.94849,0.93954,0.92979,0.91921,0.9078,0.89555,0.88244,0.86845,0.85358,0.83781,0.82112,0.80348,0.78487,0.76526,0.74463,0.72292,0.7001,0.67613,0.65097,0.62457,0.59689,0.56789,0.53753,0.50578,0.47263,0.43806,0.40208,0.36472,0.32601,0.28602,0.24482,0.20253,0.15926,0.11518,0.07045,0.025252,-0.020215,-0.065746,-0.11113,-0.15617,-0.20067,-0.24444,-0.2873,-0.32911,-0.36974,-0.40907,-0.44703,-0.48355,-0.51858,-0.55212,-0.58414,-0.61467,-0.64373,-0.67134,-0.69755,-0.72241,-0.74597,-0.76828,-0.78938,-0.80934,-0.82821,-0.84602,-0.86282,-0.87865,-0.89355,-0.90753,-0.92063,-0.93284,-0.94418,-0.95463,-0.96417,-0.97278,-0.98039,-0.98694,-0.99233,-0.99643,-0.99906,0
0,0.99974,0.999,0.99776,0.99599,0.99366,0.99076,0.98726,0.98313,0.97836,0.9729,0.96675,0.95989,0.95228,0.94391,0.93478,0.92485,0.91411,0.90256,0.89017,0.87692,0.8628,0.84779,0.83186,0.81499,0.79714,0.77828,0.75837,0.73737,0.71523,0.69191,0.66734,0.64148,0.61428,0.58569,0.55565,0.52414,0.49112,0.45658,0.42051,0.38292,0.34386,0.30338,0.26157,0.21853,0.17439,0.12933,0.08351,0.037147,-0.0095467,-0.056343,-0.10301,-0.14933,-0.19507,-0.24004,-0.28404,-0.3269,-0.3685,-0.4087,-0.44742,-0.4846,-0.5202,-0.55419,-0.58659,-0.6174,-0.64666,-0.67441,-0.70069,-0.72557,-0.7491,-0.77134,-0.79235,-0.81219,-0.8309,-0.84855,-0.86518,-0.88083,-0.89553,-0.90932,-0.92222,-0.93424,-0.94538,-0.95564,-0.96501,-0.97344,-0.98089,-0.98729,-0.99254,-0.99653,-0.99908,0
0,0.99977,0.99909,0.99795,0.99633,0.99419,0.99152,0.9883,0.98449,0.98007,0.97502,0.96931,0.96292,0.95583,0.94803,0.93948,0.93018,0.9201,0.90923,0.89755,0.88503,0.87166,0.85742,0.84226,0.82617,0.80911,0.79103,0.77189,0.75165,0.73024,0.70762,0.68372,0.65848,0.63184,0.60374,0.57412,0.54293,0.51014,0.47571,0.43962,0.40189,0.36255,0.32164,0.27924,0.23548,0.19048,0.14442,0.097489,0.049917,0.0019393,-0.046192,-0.094222,-0.1419,-0.18897,-0.23522,-0.28044,-0.32443,-0.36705,-0.40818,-0.44772,-0.4856,-0.52178,-0.55626,-0.58904,-0.62014,-0.64961,-0.6775,-0.70385,-0.72875,-0.75224,-0.77441,-0.79531,-0.81501,-0.83357,-0.85105,-0.8675,-0.88296,-0.89747,-0.91107,-0.92377,-0.93559,-0.94654,-0.95662,-0.9658,-0.97406,-0.98135,-0.98761,-0.99274,-0.99662,-0.99911,0
0,0.99979,0.99917,0.99813,0.99664,0.99468,0.99223,0.98926,0.98574,0.98166,0.97698,0.97169,0.96575,0.95916,0.95189,0.94391,0.93521,0.92577,0.91557,0.90459,0.89279,0.88017,0.86669,0.85233,0.83703,0.82077,0.8035,0.78517,0.76572,0.7451,0.72324,0.70008,0.67553,0.64953,0.62201,0.5929,0.56214,0.52967,0.49544,0.45944,0.42165,0.38209,0.34081,0.29789,0.25343,0.20758,0.16051,0.11245,0.063619,0.014294,-0.035249,-0.084726,-0.13385,-0.18236,-0.22999,-0.2765,-0.32171,-0.36544,-0.40755,-0.44795,-0.48657,-0.52338,-0.55837,-0.59155,-0.62295,-0.65263,-0.68065,-0.70707,-0.73197,-0.75542,-0.7775,-0.79828,-0.81784,-0.83624,-0.85354,-0.8698,-0.88507,-0.89938,-0.91277,-0.92528,-0.9369,-0.94767,-0.95756,-0.96657,-0.97466,-0.9818,-0.98791,-0.99292,-0.99671,-0.99913,0
0,0.99981,0.99924,0.99829,0.99693,0.99513,0.99288,0.99014,0.9869,0.98313,0.9788,0.9739,0.9684,0.96227,0.95551,0.94808,0.93996,0.93114,0.92159,0.91129,0.90021,0.88833,0.87562,0.86204,0.84755,0.83211,0.81568,0.79819,0.77958,0.7598,0.73876,0.71639,0.69261,0.66734,0.64049,0.61199,0.58174,0.5497,0.51578,0.47996,0.4422,0.40252,0.36095,0.31755,0.27244,0.22575,0.17768,0.12845,0.078319,0.027579,-0.023461,-0.074482,-0.12517,-0.17521,-0.22432,-0.27224,-0.31876,-0.36367,-0.40684,-0.44817,-0.48758,-0.52504,-0.56056,-0.59415,-0.62586,-0.65575,-0.68389,-0.71037,-0.73526,-0.75866,-0.78064,-0.8013,-0.8207,-0.83893,-0.85604,-0.8721,-0.88716,-0.90127,-0.91446,-0.92676,-0.93819,-0.94876,-0.95847,-0.96731,-0.97524,-0.98223,-0.98821,-0.9931,-0.99679,-0.99915,0
0,0.99982,0.99931,0.99844,0.99719,0.99554,0.99347,0.99095,0.98797,0.98449,0.98049,0.97596,0.97086,0.96518,0.9589,0.95199,0.94443,0.93621,0.92729,0.91766,0.90728,0.89614,0.88419,0.8714,0.85773,0.84313,0.82755,0.81093,0.7932,0.77429,0.75413,0.73263,0.70969,0.68523,0.65914,0.63134,0.60173,0.57021,0.53672,0.50118,0.46357,0.42387,0.38209,0.33829,0.29257,0.24507,0.19599,0.14557,0.094092,0.041865,-0.010764,-0.063437,-0.1158,-0.1675,-0.21821,-0.26766,-0.31558,-0.36178,-0.40609,-0.4484,-0.48865,-0.5268,-0.56287,-0.59689,-0.62891,-0.65901,-0.68727,-0.7138,-0.73867,-0.762,-0.78387,-0.80438,-0.82361,-0.84165,-0.85856,-0.87441,-0.88926,-0.90315,-0.91613,-0.92823,-0.93946,-0.94984,-0.95936,-0.96802,-0.9758,-0.98264,-0.98849,-0.99327,-0.99687,-0.99917,0
0,0.99984,0.99937,0.99858,0.99743,0.99592,0.99402,0.9917,0.98895,0.98574,0.98206,0.97787,0.97315,0.96789,0.96207,0.95566,0.94864,0.94099,0.93268,0.9237,0.91401,0.90359,0.8924,0.8804,0.86755,0.8538,0.83909,0.82336,0.80655,0.78856,0.76933,0.74875,0.72673,0.70316,0.67793,0.65093,0.62205,0.59118,0.55823,0.52311,0.48576,0.44614,0.40426,0.36014,0.31388,0.26561,0.21554,0.16391,0.11103,0.057236,0.0029163,-0.051529,-0.1057,-0.15919,-0.21165,-0.26275,-0.31221,-0.35979,-0.40532,-0.44869,-0.48983,-0.52872,-0.56536,-0.59982,-0.63215,-0.66246,-0.69083,-0.71738,-0.74222,-0.76546,-0.7872,-0.80755,-0.82659,-0.84442,-0.86112,-0.87674,-0.89137,-0.90504,-0.9178,-0.92968,-0.94071,-0.9509,-0.96024,-0.96873,-0.97634,-0.98303,-0.98876,-0.99343,-0.99695,-0.99919,0
0,0.99986,0.99943,0.9987,0.99765,0.99626,0.99452,0.99239,0.98986,0.9869,0.9835,0.97963,0.97528,0.97042,0.96503,0.95909,0.95258,0.94549,0.93777,0.92942,0.92041,0.91069,0.90025,0.88903,0.877,0.86411,0.85029,0.83547,0.8196,0.80258,0.78432,0.76473,0.74369,0.72109,0.69681,0.67072,0.64269,0.61259,0.58031,0.54574,0.50878,0.46938,0.4275,0.38316,0.33644,0.28746,0.23642,0.18357,0.12923,0.073794,0.017673,-0.03868,-0.094805,-0.15026,-0.20462,-0.25752,-0.30864,-0.35773,-0.40459,-0.4491,-0.49119,-0.53084,-0.56809,-0.60299,-0.63564,-0.66614,-0.69461,-0.72117,-0.74596,-0.76908,-0.79067,-0.81083,-0.82966,-0.84727,-0.86373,-0.87912,-0.89351,-0.90695,-0.91948,-0.93114,-0.94196,-0.95195,-0.9611,-0.96942,-0.97687,-0.98342,-0.98902,-0.99358,-0.99702,-0.99921,0
0,0.99987,0.99948,0.99881,0.99785,0.99658,0.99497,0.99302,0.99069,0.98797,0.98483,0.98127,0.97725,0.97276,0.96778,0.96229,0.95628,0.94971,0.94257,0.93483,0.92647,0.91745,0.90774,0.8973,0.88609,0.87405,0.86112,0.84724,0.83233,0.81631,0.79907,0.78051,0.76053,0.73898,0.71573,0.69065,0.66359,0.6344,0.60292,0.56904,0.53262,0.49358,0.45185,0.40742,0.36034,0.31071,0.25873,0.20466,0.14883,0.091658,0.033615,-0.024795,-0.083051,-0.14064,-0.19709,-0.25196,-0.30491,-0.35563,-0.40393,-0.44966,-0.49277,-0.53323,-0.57111,-0.60647,-0.63943,-0.67011,-0.69865,-0.7252,-0.7499,-0.77289,-0.79429,-0.81424,-0.83284,-0.8502,-0.86641,-0.88155,-0.89568,-0.90888,-0.92117,-0.93261,-0.94321,-0.95299,-0.96196,-0.9701,-0.97739,-0.9838,-0.98927,-0.99373,-0.99709,-0.99923,0
0,0.99988,0.99952,0.99891,0.99803,0.99686,0.99539,0.99359,0.99145,0.98894,0.98605,0.98277,0.97906,0.97493,0.97034,0.96527,0.95972,0.95366,0.94707,0.93992,0.93219,0.92385,0.91486,0.90519,0.89479,0.88361,0.87158,0.85865,0.84472,0.82972,0.81354,0.79607,0.77719,0.75677,0.73466,0.71069,0.68471,0.65655,0.62603,0.593,0.55728,0.51876,0.47734,0.43296,0.38565,0.33547,0.28261,0.22732,0.16996,0.11097,0.050875,-0.009761,-0.070341,-0.13028,-0.18901,-0.24607,-0.30102,-0.35354,-0.4034,-0.45045,-0.49464,-0.53597,-0.57449,-0.61031,-0.64357,-0.67442,-0.70301,-0.72952,-0.7541,-0.77692,-0.79811,-0.81781,-0.83616,-0.85324,-0.86918,-0.88404,-0.89791,-0.91084,-0.92289,-0.93409,-0.94447,-0.95404,-0.96281,-0.97078,-0.97791,-0.98418,-0.98952,-0.99388,-0.99716,-0.99925,0
0,0.99989,0.99956,0.999,0.9982,0.99712,0.99577,0.99411,0.99214,0.98983,0.98717,0.98414,0.98073,0.97692,0.9727,0.96804,0.96293,0.95735,0.95128,0.9447,0.93759,0.9299,0.92162,0.91271,0.90311,0.89277,0.88165,0.86966,0.85674,0.84278,0.82769,0.81136,0.79365,0.77442,0.75352,0.73077,0.706,0.67901,0.6496,0.61757,0.58274,0.54493,0.504,0.45985,0.41245,0.36185,0.30818,0.25171,0.19279,0.1319,0.069614,0.0065644,-0.056562,-0.11908,-0.18036,-0.23982,-0.29699,-0.35149,-0.40306,-0.45154,-0.49689,-0.53912,-0.57831,-0.6146,-0.64814,-0.67913,-0.70774,-0.73417,-0.7586,-0.7812,-0.80215,-0.82158,-0.83962,-0.85641,-0.87205,-0.88661,-0.90019,-0.91285,-0.92463,-0.93558,-0.94573,-0.95509,-0.96367,-0.97145,-0.97842,-0.98454,-0.98977,-0.99402,-0.99723,-0.99926,0
0,0.9999,0.9996,0.99909,0.99834,0.99735,0.9961,0.99458,0.99276,0.99063,0.98819,0.9854,0.98226,0.97876,0.97487,0.97059,0.9659,0.96078,0.95522,0.94918,0.94265,0.93561,0.92802,0.91984,0.91103,0.90154,0.89131,0.88027,0.86836,0.85546,0.84149,0.82633,0.80984,0.79187,0.77226,0.75083,0.72738,0.7017,0.67356,0.64272,0.60897,0.57207,0.53184,0.48812,0.44083,0.38996,0.33562,0.27802,0.21753,0.15466,0.090027,0.024355,-0.041573,-0.10696,-0.17107,-0.23321,-0.29284,-0.34953,-0.40297,-0.45302,-0.4996,-0.54278,-0.58266,-0.61941,-0.65322,-0.68431,-0.7129,-0.7392,-0.76343,-0.78578,-0.80644,-0.82555,-0.84327,-0.85972,-0.87503,-0.88927,-0.90254,-0.9149,-0.92641,-0.9371,-0.94701,-0.95615,-0.96452,-0.97212,-0.97893,-0.98491,-0.99001,-0.99417,-0.99729,-0.99928,0
0,0.99991,0.99963,0.99916,0.99847,0.99756,0.99641,0.995,0.99332,0.99136,0.9891,0.98654,0.98365,0.98043,0.97687,0.97294,0.96865,0.96396,0.95887,0.95336,0.9474,0.94097,0.93404,0.92658,0.91855,0.90989,0.90055,0.89046,0.87955,0.86773,0.8549,0.84094,0.82571,0.80906,0.79082,0.77081,0.7488,0.72456,0.69784,0.66839,0.63592,0.60017,0.56088,0.51784,0.47088,0.41995,0.36507,0.30645,0.24441,0.17949,0.11236,0.043827,-0.025198,-0.09379,-0.16106,-0.22622,-0.28861,-0.34772,-0.40324,-0.45497,-0.5029,-0.54707,-0.58765,-0.62484,-0.65889,-0.69004,-0.71855,-0.74468,-0.76866,-0.7907,-0.81101,-0.82976,-0.84711,-0.8632,-0.87814,-0.89203,-0.90497,-0.91702,-0.92823,-0.93865,-0.94831,-0.95722,-0.96538,-0.9728,-0.97944,-0.98527,-0.99025,-0.99431,-0.99735,-0.99929,0
0,0.99992,0.99966,0.99922,0.99859,0.99774,0.99667,0.99537,0.99382,0.99201,0.98993,0.98757,0.98491,0.98196,0.97869,0.9751,0.97117,0.96689,0.96226,0.95724,0.95183,0.94599,0.93971,0.93294,0.92566,0.91782,0.90935,0.90021,0.89031,0.87957,0.86789,0.85515,0.84121,0.82594,0.80914,0.79062,0.77015,0.7475,0.72238,0.69449,0.66353,0.62917,0.5911,0.54901,0.50268,0.45194,0.39675,0.33724,0.27371,0.20669,0.1369,0.065253,-0.00721,-0.079397,-0.15025,-0.21881,-0.2843,-0.34615,-0.40396,-0.45755,-0.5069,-0.55212,-0.59341,-0.63102,-0.66525,-0.69641,-0.72478,-0.75067,-0.77433,-0.796,-0.81591,-0.83424,-0.85117,-0.86685,-0.88139,-0.89491,-0.90749,-0.9192,-0.9301,-0.94023,-0.94963,-0.9583,-0.96625,-0.97347,-0.97994,-0.98563,-0.99049,-0.99444,-0.99742,-0.99931,0
0,0.99992,0.99968,0.99928,0.99869,0.9979,0.99691,0.9957,0.99426,0.99258,0.99066,0.98848,0.98604,0.98333,0.98034,0.97705,0.97347,0.96958,0.96538,0.96083,0.95594,0.95067,0.94501,0.93892,0.93237,0.92532,0.91772,0.9095,0.9006,0.89094,0.88041,0.86891,0.8563,0.84243,0.82713,0.81018,0.79137,0.77043,0.74706,0.72095,0.69173,0.65903,0.62247,0.58167,0.53629,0.48607,0.43085,0.37066,0.30576,0.23662,0.16402,0.088976,0.012679,-0.063571,-0.1385,-0.21095,-0.27998,-0.3449,-0.40527,-0.46089,-0.51178,-0.55809,-0.60008,-0.63807,-0.67243,-0.70352,-0.73168,-0.75724,-0.7805,-0.80173,-0.82117,-0.83903,-0.85549,-0.8707,-0.88481,-0.89791,-0.9101,-0.92145,-0.93202,-0.94185,-0.95097,-0.95939,-0.96712,-0.97415,-0.98045,-0.98599,-0.99072,-0.99458,-0.99748,-0.99932,0
0,0.99993,0.99971,0.99932,0.99877,0.99803,0.99711,0.99598,0.99464,0.99308,0.9913,0.98929,0.98705,0.98456,0.98182,0.97882,0.97557,0.97204,0.96824,0.96414,0.95974,0.95502,0.94995,0.94451,0.93868,0.9324,0.92563,0.91833,0.91042,0.90182,0.89245,0.88219,0.87092,0.85849,0.84472,0.82942,0.81235,0.79324,0.77179,0.74764,0.7204,0.68965,0.65494,0.61579,0.57176,0.52246,0.46758,0.40703,0.34094,0.26973,0.19419,0.11544,0.034847,-0.046033,-0.12565,-0.20258,-0.27568,-0.3441,-0.40734,-0.46521,-0.51774,-0.56517,-0.60785,-0.64617,-0.68057,-0.71149,-0.73933,-0.76447,-0.78724,-0.80794,-0.82683,-0.84415,-0.86008,-0.87478,-0.8884,-0.90105,-0.91282,-0.92378,-0.934,-0.94351,-0.95234,-0.9605,-0.968,-0.97483,-0.98096,-0.98635,-0.99096,-0.99471,-0.99754,-0.99934,0
0,0.99993,0.99972,0.99936,0.99884,0.99815,0.99727,0.99622,0.99496,0.99351,0.99186,0.99,0.98793,0.98564,0.98313,0.98041,0.97745,0.97427,0.97084,0.96717,0.96324,0.95904,0.95454,0.94973,0.94458,0.93905,0.9331,0.92668,0.91974,0.91219,0.90396,0.89494,0.88502,0.87404,0.86185,0.84824,0.83299,0.81582,0.79642,0.77442,0.74941,0.72091,0.6884,0.65133,0.60911,0.56122,0.50717,0.44668,0.37971,0.30657,0.228,0.14522,0.059796,-0.026408,-0.11147,-0.19364,-0.27146,-0.34392,-0.41041,-0.47076,-0.52505,-0.57363,-0.61694,-0.6555,-0.68983,-0.72047,-0.74786,-0.77246,-0.79462,-0.8147,-0.83296,-0.84964,-0.86497,-0.8791,-0.89219,-0.90434,-0.91565,-0.9262,-0.93604,-0.94521,-0.95373,-0.96163,-0.9689,-0.97552,-0.98146,-0.98671,-0.99119,-0.99485,-0.9976,-0.99935,0
0,0.99993,0.99973,0.99939,0.99889,0.99823,0.99741,0.99641,0.99523,0.99387,0.99233,0.9906,0.98869,0.98658,0.98429,0.98181,0.97914,0.97627,0.97321,0.96993,0.96645,0.96273,0.95878,0.95457,0.95008,0.94527,0.94011,0.93456,0.92855,0.92204,0.91493,0.90714,0.89855,0.88903,0.87843,0.86655,0.85318,0.83804,0.82082,0.80115,0.77859,0.75264,0.72271,0.68816,0.6483,0.6024,0.5498,0.48996,0.42258,0.34779,0.2662,0.17907,0.088201,-0.0041812,-0.095675,-0.18403,-0.26743,-0.34457,-0.41479,-0.47787,-0.53405,-0.58376,-0.62763,-0.6663,-0.70042,-0.7306,-0.7574,-0.78131,-0.80274,-0.82207,-0.83958,-0.85556,-0.8702,-0.8837,-0.89619,-0.90779,-0.91861,-0.92871,-0.93814,-0.94695,-0.95516,-0.96278,-0.9698,-0.97621,-0.98197,-0.98706,-0.99142,-0.99498,-0.99766,-0.99937,0
0,0.99994,0.99974,0.99941,0.99893,0.9983,0.99751,0.99656,0.99544,0.99416,0.99271,0.9911,0.98933,0.98739,0.9853,0.98304,0.98063,0.97806,0.97533,0.97243,0.96937,0.96612,0.96269,0.95905,0.95518,0.95107,0.94667,0.94195,0.93686,0.93134,0.92533,0.91874,0.91147,0.9034,0.89439,0.88425,0.87279,0.85974,0.84481,0.82762,0.80772,0.78461,0.75765,0.72612,0.6892,0.64601,0.59563,0.53721,0.47014,0.39419,0.30976,0.21802,0.121,0.021374,-0.077808,-0.17363,-0.2637,-0.34639,-0.42088,-0.48702,-0.54516,-0.59598,-0.64026,-0.67886,-0.71256,-0.74209,-0.7681,-0.79115,-0.81169,-0.83012,-0.84678,-0.86193,-0.87581,-0.88859,-0.90043,-0.91143,-0.92171,-0.93132,-0.94033,-0.94875,-0.95663,-0.96395,-0.97071,-0.9769,-0.98248,-0.98742,-0.99165,-0.99511,-0.99772,-0.99938,0
0,0.99994,0.99975,0.99942,0.99895,0.99834,0.99757,0.99666,0.99559,0.99437,0.993,0.99149,0.98985,0.98806,0.98614,0.9841,0.98193,0.97963,0.97722,0.97467,0.97201,0.96921,0.96627,0.96317,0.95991,0.95645,0.95278,0.94886,0.94465,0.9401,0.93514,0.92972,0.92374,0.91709,0.90964,0.90125,0.8917,0.88078,0.8682,0.8536,0.83655,0.81654,0.79291,0.76489,0.73156,0.69188,0.64467,0.58873,0.52299,0.44673,0.3599,0.26345,0.15951,0.051312,-0.057231,-0.16223,-0.26047,-0.34981,-0.42927,-0.4988,-0.55898,-0.61078,-0.65527,-0.69353,-0.72653,-0.75516,-0.78014,-0.8021,-0.82156,-0.83895,-0.85461,-0.86882,-0.88183,-0.89381,-0.90492,-0.91527,-0.92496,-0.93405,-0.94259,-0.95061,-0.95812,-0.96514,-0.97164,-0.9776,-0.983,-0.98777,-0.99187,-0.99523,-0.99777,-0.9994,0
0,0.99994,0.99975,0.99942,0.99896,0.99835,0.9976,0.99671,0.99567,0.99451,0.99321,0.99178,0.99024,0.98859,0.98684,0.98498,0.98304,0.981,0.97888,0.97667,0.97438,0.972,0.96953,0.96695,0.96426,0.96143,0.95845,0.9553,0.95192,0.94829,0.94436,0.94006,0.93531,0.93004,0.92412,0.91742,0.90977,0.90098,0.89077,0.87883,0.86476,0.84805,0.82807,0.80404,0.77498,0.73969,0.69677,0.64464,0.58168,0.50645,0.41818,0.31724,0.20566,0.087225,-0.032961,-0.14954,-0.25803,-0.35552,-0.44082,-0.51408,-0.5763,-0.62884,-0.6732,-0.71074,-0.74268,-0.77005,-0.7937,-0.81433,-0.83249,-0.84863,-0.86313,-0.87628,-0.8883,-0.89939,-0.9097,-0.91933,-0.92837,-0.9369,-0.94494,-0.95252,-0.95966,-0.96635,-0.97258,-0.97831,-0.98351,-0.98812,-0.9921,-0.99536,-0.99783,-0.99941,0
0,0.99994,0.99974,0.99941,0.99895,0.99834,0.99759,0.99671,0.9957,0.99456,0.99332,0.99196,0.99052,0.98898,0.98738,0.9857,0.98396,0.98216,0.98032,0.97843,0.9765,0.97452,0.97249,0.9704,0.96825,0.96603,0.9637,0.96127,0.95869,0.95593,0.95296,0.94972,0.94615,0.94219,0.93773,0.93266,0.92686,0.92013,0.91227,0.90299,0.89195,0.87868,0.8626,0.84296,0.81876,0.78877,0.7514,0.70472,0.64649,0.57439,0.48648,0.38199,0.26231,0.13161,-0.0034048,-0.13509,-0.25684,-0.36455,-0.45679,-0.5341,-0.59816,-0.65102,-0.69471,-0.73099,-0.76138,-0.78706,-0.80901,-0.82799,-0.84458,-0.85927,-0.87243,-0.88436,-0.89528,-0.90537,-0.91479,-0.92363,-0.93197,-0.93988,-0.94738,-0.9545,-0.96124,-0.96759,-0.97353,-0.97902,-0.98402,-0.98847,-0.99232,-0.99549,-0.99788,-0.99942,0
0,0.99993,0.99973,0.99939,0.99891,0.99829,0.99753,0.99665,0.99564,0.99453,0.99332,0.99203,0.99066,0.98923,0.98776,0.98624,0.9847,0.98313,0.98155,0.97996,0.97837,0.97677,0.97516,0.97354,0.97191,0.97025,0.96855,0.96679,0.96495,0.96301,0.96094,0.95869,0.95623,0.95348,0.95038,0.94685,0.94278,0.93802,0.93241,0.92572,0.91765,0.90784,0.89576,0.88076,0.86193,0.83804,0.80748,0.76809,0.71709,0.65117,0.56678,0.46112,0.33379,0.1886,0.034183,-0.11803,-0.2577,-0.37863,-0.47913,-0.56065,-0.62606,-0.67845,-0.72063,-0.7549,-0.78306,-0.8065,-0.82629,-0.84324,-0.85797,-0.87096,-0.88258,-0.89312,-0.9028,-0.91178,-0.92021,-0.92818,-0.93576,-0.943,-0.94993,-0.95655,-0.96287,-0.96886,-0.97449,-0.97973,-0.98453,-0.98882,-0.99254,-0.99561,-0.99794,-0.99944,0
0,0.99993,0.99972,0.99936,0.99885,0.9982,0.99742,0.99652,0.99551,0.99441,0.99322,0.99197,0.99067,0.98933,0.98798,0.98661,0.98525,0.9839,0.98257,0.98127,0.98001,0.97877,0.97757,0.97639,0.97525,0.97412,0.973,0.97188,0.97073,0.96955,0.9683,0.96695,0.96549,0.96385,0.96199,0.95985,0.95735,0.95439,0.95085,0.94656,0.9413,0.93478,0.92663,0.91629,0.90303,0.88579,0.86309,0.83278,0.79186,0.73619,0.66044,0.55873,0.42668,0.26537,0.084948,-0.096788,-0.2621,-0.40074,-0.51103,-0.59642,-0.662,-0.71255,-0.75196,-0.78312,-0.80817,-0.82867,-0.84575,-0.86025,-0.87277,-0.88379,-0.89365,-0.90262,-0.91091,-0.91866,-0.92601,-0.93302,-0.93977,-0.94629,-0.95259,-0.95868,-0.96454,-0.97015,-0.97547,-0.98045,-0.98504,-0.98916,-0.99275,-0.99572,-0.99799,-0.99945,0
0,0.99992,0.99969,0.9993,0.99876,0.99807,0.99726,0.99632,0.99529,0.99417,0.99299,0.99177,0.99052,0.98927,0.98803,0.9868,0.98562,0.98448,0.9834,0.98238,0.98142,0.98054,0.97972,0.97898,0.97829,0.97767,0.97709,0.97655,0.97603,0.97553,0.97502,0.97448,0.97389,0.97322,0.97244,0.9715,0.97036,0.96895,0.96719,0.96498,0.96219,0.95862,0.95402,0.94803,0.94012,0.92953,0.91511,0.8951,0.86679,0.82594,0.76606,0.67783,0.55003,0.37496,0.15964,-0.067933,-0.27312,-0.43658,-0.55786,-0.64542,-0.70867,-0.75502,-0.7897,-0.81626,-0.83709,-0.85381,-0.86755,-0.87911,-0.88906,-0.89781,-0.90568,-0.9129,-0.91964,-0.92605,-0.9322,-0.93818,-0.94402,-0.94975,-0.95538,-0.96089,-0.96627,-0.97148,-0.97647,-0.98118,-0.98555,-0.9895,-0.99296,-0.99584,-0.99804,-0.99946,0
0,0.99991,0.99965,0.99922,0.99863,0.99789,0.99702,0.99603,0.99495,0.99381,0.99262,0.99142,0.99022,0.98904,0.9879,0.98681,0.9858,0.98487,0.98403,0.98328,0.98264,0.9821,0.98166,0.98132,0.98107,0.98091,0.98083,0.98083,0.98087,0.98097,0.98109,0.98123,0.98137,0.98149,0.98157,0.98159,0.98151,0.98131,0.98095,0.98036,0.9795,0.97826,0.97651,0.97407,0.97067,0.96589,0.95907,0.94914,0.93429,0.91139,0.87477,0.81411,0.71134,0.54027,0.28407,-0.02237,-0.2984,-0.49818,-0.62902,-0.71345,-0.76924,-0.80745,-0.83463,-0.85467,-0.86994,-0.88195,-0.89169,-0.89983,-0.90683,-0.91304,-0.9187,-0.92399,-0.92904,-0.93396,-0.93882,-0.94366,-0.94852,-0.9534,-0.9583,-0.9632,-0.96806,-0.97284,-0.97748,-0.98191,-0.98605,-0.98984,-0.99317,-0.99595,-0.99808,-0.99947,0
0,0.9999,0.9996,0.99912,0.99846,0.99764,0.99669,0.99563,0.99449,0.9933,0.99209,0.99089,0.98972,0.98861,0.98757,0.98662,0.98578,0.98506,0.98447,0.984,0.98367,0.98347,0.9834,0.98345,0.98362,0.9839,0.98427,0.98473,0.98527,0.98586,0.9865,0.98717,0.98785,0.98854,0.98922,0.98987,0.99048,0.99103,0.99152,0.99192,0.99221,0.99238,0.99239,0.99219,0.9917,0.99082,0.98934,0.98691,0.98292,0.97612,0.96398,0.94077,0.89247,0.7826,0.52804,0.074051,-0.36309,-0.614,-0.73992,-0.80682,-0.84565,-0.87,-0.88627,-0.89772,-0.90615,-0.91263,-0.91782,-0.92215,-0.92593,-0.92938,-0.93265,-0.93586,-0.93909,-0.94241,-0.94587,-0.9495,-0.95329,-0.95726,-0.96138,-0.96561,-0.96992,-0.97424,-0.9785,-0.98264,-0.98656,-0.99016,-0.99336,-0.99605,-0.99813,-0.99948,0
0,0.99988,0.99954,0.99898,0.99823,0.99731,0.99626,0.9951,0.99387,0.99262,0.99137,0.99016,0.98902,0.98797,0.98703,0.98623,0.98557,0.98507,0.98473,0.98455,0.98453,0.98467,0.98497,0.9854,0.98597,0.98665,0.98742,0.98829,0.98921,0.99018,0.99119,0.9922,0.9932,0.99417,0.9951,0.99598,0.99679,0.99751,0.99815,0.99869,0.99914,0.99948,0.99973,0.99989,0.99998,1,0.99998,0.99996,0.99994,0.99996,1,0.99985,0.99862,0.99186,0.94879,0.50083,-0.61185,-0.84394,-0.89995,-0.92147,-0.93184,-0.93743,-0.94063,-0.94253,-0.94369,-0.94442,-0.94495,-0.94541,-0.94591,-0.94653,-0.94735,-0.9484,-0.94974,-0.95139,-0.95337,-0.9557,-0.95836,-0.96135,-0.96462,-0.96814,-0.97185,-0.97568,-0.97956,-0.98338,-0.98706,-0.99048,-0.99355,-0.99615,-0.99817,-0.99949,0
0,0.99986,0.99945,0.99881,0.99794,0.99689,0.99569,0.99441,0.99307,0.99173,0.99043,0.9892,0.98807,0.98709,0.98626,0.98561,0.98515,0.98488,0.98481,0.98494,0.98526,0.98575,0.98641,0.98722,0.98816,0.9892,0.99032,0.9915,0.9927,0.9939,0.99507,0.99618,0.99721,0.99811,0.99887,0.99945,0.99984,1,0.99991,0.99954,0.99887,0.99787,0.99652,0.99476,0.99257,0.98986,0.98655,0.9825,0.97749,0.97114,0.96278,0.95107,0.933,0.90047,0.82431,0.53935,-0.54127,-0.95763,-0.99766,-0.9994,-0.99543,-0.9906,-0.9859,-0.98155,-0.9776,-0.97405,-0.97089,-0.96813,-0.96578,-0.96386,-0.96238,-0.96137,-0.96084,-0.96081,-0.96128,-0.96226,-0.96373,-0.96568,-0.96805,-0.97081,-0.97388,-0.97718,-0.98063,-0.98413,-0.98755,-0.99079,-0.99373,-0.99624,-0.9982,-0.99949,0
0,0.99983,0.99934,0.99857,0.99755,0.99633,0.99497,0.99352,0.99204,0.99059,0.98921,0.98795,0.98685,0.98594,0.98523,0.98476,0.98451,0.98451,0.98474,0.9852,0.98587,0.98674,0.98777,0.98894,0.99023,0.99158,0.99297,0.99435,0.99568,0.99691,0.99801,0.99891,0.99957,0.99994,0.99997,0.9996,0.99879,0.99748,0.99559,0.99308,0.98985,0.98581,0.98085,0.97481,0.96751,0.95865,0.94787,0.93459,0.91795,0.8966,0.86829,0.82915,0.77208,0.68342,0.53637,0.28496,-0.10145,-0.51465,-0.78458,-0.91275,-0.96761,-0.99018,-0.9984,-0.99998,-0.99837,-0.99526,-0.9915,-0.98756,-0.98372,-0.98015,-0.97697,-0.97427,-0.9721,-0.9705,-0.96952,-0.96915,-0.9694,-0.97026,-0.97168,-0.97362,-0.976,-0.97874,-0.98174,-0.98488,-0.98804,-0.99109,-0.9939,-0.99633,-0.99824,-0.9995,0
0,0.99979,0.9992,0.99827,0.99706,0.99563,0.99405,0.9924,0.99075,0.98916,0.98769,0.98639,0.98532,0.98449,0.98393,0.98365,0.98367,0.98397,0.98454,0.98537,0.98643,0.98769,0.9891,0.99063,0.99222,0.99382,0.99537,0.9968,0.99805,0.99905,0.99972,1,0.99979,0.99903,0.99762,0.99548,0.99253,0.98866,0.98377,0.97774,0.97042,0.96167,0.95127,0.93898,0.92446,0.90728,0.88687,0.86242,0.83281,0.79644,0.75098,0.69304,0.61768,0.51784,0.38438,0.2081,-0.013002,-0.26178,-0.49973,-0.68996,-0.821,-0.90279,-0.95085,-0.97776,-0.99184,-0.99822,-0.99999,-0.99905,-0.99657,-0.99329,-0.98972,-0.98619,-0.98294,-0.98013,-0.97788,-0.97626,-0.97533,-0.97509,-0.97552,-0.9766,-0.97825,-0.98038,-0.98289,-0.98565,-0.98853,-0.99138,-0.99406,-0.9964,-0.99826,-0.9995,0
0,0.99973,0.99901,0.99789,0.99644,0.99474,0.99289,0.99099,0.98913,0.98737,0.9858,0.98447,0.98342,0.9827,0.98233,0.9823,0.98262,0.98328,0.98425,0.9855,0.98699,0.98867,0.99047,0.99233,0.99417,0.99591,0.99746,0.99872,0.9996,0.99999,0.99978,0.99886,0.99711,0.99443,0.99069,0.98578,0.97957,0.97193,0.96274,0.95185,0.93908,0.92427,0.90718,0.88755,0.86504,0.83926,0.80965,0.77554,0.73606,0.69004,0.63602,0.57213,0.49602,0.40498,0.29617,0.16737,0.018401,-0.14694,-0.31946,-0.48572,-0.63234,-0.75093,-0.83988,-0.90261,-0.9446,-0.97132,-0.98726,-0.99582,-0.99945,-0.99987,-0.99829,-0.99559,-0.99237,-0.98907,-0.98601,-0.98341,-0.98142,-0.98013,-0.97958,-0.97976,-0.98062,-0.9821,-0.98409,-0.98644,-0.98902,-0.99166,-0.9942,-0.99646,-0.99828,-0.9995,0
0,0.99967,0.99878,0.9974,0.99565,0.99362,0.99145,0.98925,0.98712,0.98518,0.98349,0.98213,0.98114,0.98057,0.98042,0.98071,0.98141,0.9825,0.98394,0.98568,0.98765,0.98977,0.99195,0.99409,0.99608,0.99779,0.9991,0.99986,0.99994,0.99917,0.99742,0.99453,0.99036,0.98476,0.97759,0.96872,0.95803,0.9454,0.93072,0.91388,0.89475,0.87322,0.84914,0.82235,0.79264,0.75977,0.72341,0.68319,0.6386,0.58907,0.53385,0.47211,0.40285,0.32502,0.23758,0.13973,0.031193,-0.087289,-0.21349,-0.34336,-0.47128,-0.59093,-0.69673,-0.78508,-0.85493,-0.90734,-0.94471,-0.96995,-0.98587,-0.99493,-0.9991,-0.99997,-0.99872,-0.99626,-0.99326,-0.99021,-0.98748,-0.9853,-0.98381,-0.9831,-0.98315,-0.98394,-0.98535,-0.98726,-0.98951,-0.99193,-0.99432,-0.9965,-0.99829,-0.9995,0
0,0.99958,0.99848,0.99679,0.99466,0.99223,0.98967,0.9871,0.98468,0.98252,0.98071,0.97934,0.97845,0.97809,0.97825,0.97893,0.9801,0.98172,0.98372,0.98601,0.98851,0.99109,0.99361,0.99593,0.99788,0.99929,0.99997,0.99972,0.99834,0.99564,0.99143,0.98552,0.97776,0.96801,0.95614,0.94207,0.92574,0.90709,0.88612,0.86283,0.83722,0.80931,0.77909,0.74656,0.71169,0.67441,0.63462,0.59215,0.54681,0.49832,0.44634,0.39048,0.33026,0.26518,0.19471,0.11835,0.035739,-0.053245,-0.14828,-0.2484,-0.35185,-0.45597,-0.55739,-0.65239,-0.73755,-0.81037,-0.86965,-0.91552,-0.94916,-0.97237,-0.98719,-0.99559,-0.99934,-0.99991,-0.99849,-0.996,-0.99314,-0.99041,-0.98816,-0.98661,-0.98585,-0.9859,-0.98669,-0.98811,-0.99,-0.99218,-0.99442,-0.99653,-0.99829,-0.9995,0
0,0.99947,0.9981,0.99603,0.99344,0.99052,0.98748,0.9845,0.98174,0.97935,0.97744,0.97609,0.97536,0.97529,0.97586,0.97705,0.97882,0.98108,0.98375,0.98668,0.98974,0.99274,0.9955,0.99779,0.99937,1,0.99941,0.99734,0.99353,0.98776,0.97982,0.96953,0.95679,0.9415,0.92366,0.9033,0.88049,0.85537,0.82805,0.79872,0.76753,0.73462,0.70014,0.66419,0.62685,0.58814,0.54805,0.50654,0.46349,0.41876,0.37214,0.32339,0.27222,0.21827,0.16118,0.10056,0.036009,-0.032805,-0.10611,-0.18395,-0.26604,-0.35166,-0.43955,-0.52782,-0.61401,-0.69533,-0.76904,-0.83288,-0.8855,-0.92659,-0.95679,-0.97747,-0.99035,-0.99724,-0.99983,-0.99959,-0.9977,-0.99511,-0.99246,-0.99024,-0.98871,-0.988,-0.98813,-0.98902,-0.99051,-0.99242,-0.99451,-0.99654,-0.99827,-0.99949,0
0,0.99933,0.99763,0.99508,0.99193,0.98844,0.98484,0.98138,0.97826,0.97564,0.97365,0.9724,0.97193,0.97227,0.97339,0.97526,0.97777,0.98083,0.98426,0.98789,0.99149,0.99481,0.99754,0.99939,1,0.99902,0.99613,0.99099,0.98332,0.97291,0.95959,0.94329,0.92405,0.90196,0.87721,0.85004,0.82074,0.7896,0.75693,0.72301,0.68811,0.65244,0.61616,0.5794,0.54223,0.50469,0.46674,0.42833,0.38937,0.34971,0.30918,0.26758,0.22466,0.18015,0.13375,0.085113,0.033885,-0.020306,-0.077821,-0.13898,-0.20402,-0.27302,-0.3458,-0.42185,-0.50014,-0.57912,-0.65667,-0.73025,-0.79725,-0.8554,-0.90318,-0.94009,-0.96665,-0.98414,-0.9943,-0.999,-0.99997,-0.99871,-0.99638,-0.99385,-0.9917,-0.99027,-0.98971,-0.99,-0.99105,-0.99265,-0.99456,-0.99652,-0.99824,-0.99947,0
0,0.99916,0.99704,0.99392,0.99011,0.98593,0.9817,0.97771,0.97421,0.97139,0.96941,0.96836,0.9683,0.96923,0.97111,0.97384,0.9773,0.98129,0.98559,0.98991,0.99391,0.99721,0.99938,0.99997,0.99851,0.99455,0.9877,0.97762,0.96409,0.94702,0.92645,0.90257,0.87568,0.84616,0.81446,0.78105,0.74639,0.71088,0.6749,0.63874,0.60263,0.56673,0.53115,0.49593,0.46109,0.42658,0.39232,0.35823,0.32417,0.29,0.25553,0.22059,0.18495,0.14839,0.11063,0.071409,0.0304,-0.012729,-0.058334,-0.10678,-0.15845,-0.21367,-0.27273,-0.33577,-0.40271,-0.47312,-0.5461,-0.62015,-0.69315,-0.76248,-0.82537,-0.87935,-0.92282,-0.95531,-0.97753,-0.99104,-0.99784,-0.99997,-0.99925,-0.99715,-0.99473,-0.9927,-0.99144,-0.9911,-0.99163,-0.99288,-0.99459,-0.99647,-0.99818,-0.99944,0
0,0.99894,0.99632,0.99251,0.9879,0.98294,0.97801,0.97347,0.96962,0.96668,0.96484,0.96418,0.96475,0.96652,0.96941,0.97327,0.97787,0.98294,0.9881,0.99292,0.99688,0.99941,0.99989,0.9977,0.99226,0.98305,0.96974,0.95216,0.93034,0.90455,0.87522,0.84295,0.80836,0.77215,0.73494,0.69729,0.65966,0.62244,0.58587,0.55014,0.51535,0.48154,0.44869,0.41675,0.38565,0.35527,0.32551,0.29621,0.26724,0.23844,0.20965,0.18068,0.15135,0.12147,0.090808,0.059134,0.02619,-0.0083081,-0.044669,-0.08323,-0.12436,-0.16844,-0.21589,-0.26709,-0.3224,-0.38202,-0.44595,-0.5138,-0.58466,-0.65689,-0.72809,-0.79526,-0.85521,-0.90526,-0.94386,-0.97097,-0.98786,-0.99668,-0.99982,-0.99951,-0.99755,-0.99523,-0.99335,-0.99233,-0.99229,-0.99312,-0.9946,-0.99638,-0.9981,-0.99941,0
0,0.99867,0.99544,0.99079,0.98528,0.97944,0.97376,0.9687,0.96459,0.9617,0.96021,0.96023,0.96175,0.96471,0.96895,0.97421,0.98014,0.98627,0.99203,0.99671,0.99954,0.99967,0.99625,0.98854,0.97593,0.95813,0.93511,0.90722,0.87506,0.83947,0.80138,0.76173,0.72138,0.68105,0.64131,0.60259,0.56517,0.5292,0.49476,0.46185,0.43041,0.40035,0.37156,0.34391,0.31726,0.29148,0.26641,0.2419,0.21782,0.19401,0.17033,0.14661,0.12271,0.098445,0.073651,0.048133,0.021683,-0.0059286,-0.034955,-0.065677,-0.098413,-0.13352,-0.17139,-0.21248,-0.25723,-0.30614,-0.35964,-0.41804,-0.48139,-0.54929,-0.62066,-0.69347,-0.7647,-0.83062,-0.88748,-0.93253,-0.96476,-0.98506,-0.99575,-0.99969,-0.9996,-0.99767,-0.99542,-0.99375,-0.99306,-0.9934,-0.99457,-0.99624,-0.99798,-0.99936,0
0,0.99832,0.99435,0.98873,0.98219,0.9754,0.969,0.96351,0.95934,0.95679,0.95603,0.95715,0.96009,0.96469,0.97066,0.97756,0.98479,0.99156,0.99693,0.9998,0.999,0.99338,0.98201,0.96428,0.94006,0.90973,0.87416,0.83452,0.79213,0.74831,0.70418,0.66068,0.61848,0.57802,0.53955,0.50321,0.46897,0.43679,0.40652,0.37804,0.35117,0.32576,0.30163,0.27862,0.25658,0.23536,0.21481,0.19479,0.17519,0.15585,0.13666,0.1175,0.098215,0.078691,0.05878,0.038332,0.017185,-0.0048442,-0.027954,-0.052371,-0.078353,-0.1062,-0.13624,-0.16889,-0.20459,-0.24387,-0.2873,-0.33547,-0.38895,-0.44819,-0.51328,-0.58369,-0.65792,-0.73314,-0.80524,-0.8694,-0.92143,-0.95911,-0.98286,-0.99522,-0.99966,-0.99956,-0.99756,-0.99538,-0.994,-0.99374,-0.99453,-0.99605,-0.99781,-0.99928,0
0,0.99788,0.99301,0.98627,0.9786,0.97087,0.96386,0.95818,0.95432,0.95258,0.95313,0.95597,0.96094,0.96771,0.97571,0.98415,0.99195,0.99775,1,0.99704,0.98739,0.96996,0.94437,0.91104,0.87116,0.82642,0.77874,0.7299,0.6814,0.63436,0.58953,0.54732,0.50792,0.47133,0.43744,0.40609,0.37707,0.35016,0.32513,0.30179,0.27992,0.25935,0.23989,0.2214,0.20373,0.18674,0.17032,0.15433,0.13868,0.12326,0.10796,0.092681,0.077324,0.061783,0.045948,0.029703,0.012922,-0.0045335,-0.022819,-0.042108,-0.062603,-0.084538,-0.10819,-0.13389,-0.16201,-0.19304,-0.2275,-0.26605,-0.30941,-0.35836,-0.41367,-0.47593,-0.54522,-0.62066,-0.69987,-0.77851,-0.8507,-0.91052,-0.95418,-0.98142,-0.99516,-0.99975,-0.99939,-0.99722,-0.99518,-0.9942,-0.99449,-0.9958,-0.99758,-0.99918,0
0,0.99731,0.99136,0.98334,0.97449,0.96593,0.9586,0.95322,0.95031,0.95016,0.95286,0.95828,0.96599,0.97527,0.985,0.99361,0.99912,0.99923,0.99164,0.97455,0.94711,0.90976,0.8642,0.81293,0.7587,0.70397,0.65064,0.59998,0.5527,0.50911,0.46921,0.43284,0.39975,0.36962,0.34215,0.31704,0.294,0.27278,0.25315,0.2349,0.21784,0.20181,0.18667,0.17227,0.15851,0.14526,0.13245,0.11996,0.10772,0.095646,0.083656,0.071674,0.059622,0.04742,0.034986,0.022233,0.0090648,-0.0046224,-0.018945,-0.034035,-0.050046,-0.067157,-0.085581,-0.10557,-0.12744,-0.15156,-0.17839,-0.2085,-0.24257,-0.28141,-0.326,-0.3774,-0.43665,-0.50449,-0.58084,-0.66396,-0.74961,-0.83085,-0.89962,-0.94999,-0.98082,-0.99558,-0.9999,-0.99903,-0.99667,-0.99489,-0.9945,-0.99547,-0.99724,-0.99902,0
0,0.99655,0.98928,0.97986,0.96992,0.96087,0.95382,0.94958,0.94867,0.95129,0.95733,0.96625,0.97702,0.98795,0.99663,0.99999,0.99462,0.97755,0.94719,0.90406,0.8507,0.79095,0.72878,0.66747,0.60925,0.5554,0.5064,0.46228,0.42277,0.38745,0.35588,0.3276,0.30219,0.27927,0.25851,0.23961,0.22232,0.20642,0.19171,0.17802,0.16522,0.15317,0.14176,0.13088,0.12046,0.11041,0.10066,0.09113,0.081769,0.072512,0.063301,0.054079,0.044789,0.035372,0.025768,0.015912,0.0057347,-0.004841,-0.0159,-0.02754,-0.039875,-0.053036,-0.067184,-0.082508,-0.099242,-0.11767,-0.13816,-0.16114,-0.18719,-0.21701,-0.25148,-0.29172,-0.33903,-0.39489,-0.46075,-0.53744,-0.62423,-0.71735,-0.80894,-0.88831,-0.9465,-0.98106,-0.99642,-1,-0.99841,-0.99594,-0.99465,-0.99508,-0.99678,-0.99878,0
0,0.9955,0.98666,0.97581,0.96511,0.95629,0.95064,0.94899,0.95174,0.95875,0.96927,0.98166,0.99314,0.9997,0.99639,0.97848,0.94322,0.89136,0.82713,0.75653,0.68521,0.61725,0.55493,0.49914,0.44987,0.40664,0.36881,0.33568,0.30657,0.2809,0.25817,0.23792,0.21978,0.20345,0.18865,0.17517,0.16281,0.15142,0.14085,0.13098,0.12172,0.11297,0.10465,0.096691,0.089033,0.081619,0.074396,0.067316,0.060335,0.053409,0.046499,0.039562,0.032559,0.025447,0.018183,0.010722,0.0030126,-0.0049985,-0.013372,-0.022179,-0.0315,-0.041431,-0.052086,-0.063604,-0.076152,-0.08994,-0.10523,-0.12235,-0.14173,-0.16391,-0.18961,-0.21973,-0.25548,-0.29836,-0.35026,-0.41329,-0.48937,-0.57916,-0.68,-0.78351,-0.87579,-0.94345,-0.98205,-0.99751,-0.99987,-0.99748,-0.99512,-0.99468,-0.99614,-0.99841,0
0,0.99399,0.98332,0.97128,0.96067,0.95355,0.95129,0.95454,0.96312,0.97569,0.98931,0.99887,0.99723,0.97686,0.93325,0.86809,0.7889,0.70515,0.62444,0.55111,0.48675,0.43129,0.38389,0.34344,0.30885,0.27914,0.2535,0.23121,0.21172,0.19456,0.17935,0.16579,0.15361,0.1426,0.1326,0.12344,0.115,0.10719,0.099906,0.093073,0.086624,0.080499,0.074647,0.069022,0.063581,0.058288,0.053108,0.048008,0.042958,0.037929,0.032894,0.027824,0.022691,0.017467,0.012123,0.0066252,0.00094036,-0.0049689,-0.011144,-0.017634,-0.024496,-0.031795,-0.039612,-0.048041,-0.057201,-0.067236,-0.07833,-0.090714,-0.10469,-0.12064,-0.13909,-0.16071,-0.18642,-0.21744,-0.25543,-0.30255,-0.36155,-0.43551,-0.5269,-0.63508,-0.75216,-0.86059,-0.94038,-0.98366,-0.99865,-0.99934,-0.99622,-0.99443,-0.99529,-0.99782,0
0,0.99174,0.97917,0.96681,0.95818,0.95553,0.95991,0.97083,0.98555,0.99785,0.99741,0.97207,0.91465,0.82961,0.73097,0.63314,0.54493,0.46944,0.40646,0.35439,0.31136,0.27564,0.24578,0.22062,0.19923,0.1809,0.16506,0.15126,0.13914,0.12843,0.11888,0.11032,0.10259,0.095569,0.089142,0.083225,0.077743,0.072633,0.06784,0.063316,0.05902,0.054916,0.050971,0.047156,0.043446,0.039817,0.036246,0.032713,0.029199,0.025685,0.022152,0.018583,0.014959,0.011261,0.0074698,0.0035644,-0.00047806,-0.0046815,-0.0090736,-0.013687,-0.018559,-0.023734,-0.029264,-0.035213,-0.041659,-0.048697,-0.056449,-0.065069,-0.074757,-0.085771,-0.098456,-0.11327,-0.13085,-0.15204,-0.17805,-0.21055,-0.25189,-0.30529,-0.37491,-0.46534,-0.57916,-0.71094,-0.84,-0.93633,-0.9856,-0.99957,-0.99822,-0.99476,-0.99428,-0.99686,0
0,0.98837,0.97453,0.96426,0.96151,0.96788,0.98186,0.9966,0.99731,0.96371,0.88431,0.77098,0.64969,0.54001,0.44906,0.3764,0.31896,0.27342,0.23701,0.20758,0.18349,0.16355,0.14686,0.13273,0.12066,0.11025,0.1012,0.09325,0.086226,0.079969,0.074357,0.069287,0.064678,0.06046,0.056574,0.052972,0.049612,0.046458,0.043479,0.040649,0.037943,0.03534,0.032823,0.030373,0.027975,0.025615,0.023281,0.020959,0.018638,0.016306,0.013952,0.011566,0.0091346,0.0066475,0.0040921,0.0014554,-0.0012761,-0.0041173,-0.0070857,-0.010202,-0.013489,-0.016975,-0.020692,-0.02468,-0.028987,-0.033672,-0.038813,-0.044503,-0.050867,-0.058066,-0.066314,-0.075897,-0.087207,-0.10079,-0.1174,-0.13813,-0.16456,-0.19902,-0.24493,-0.30724,-0.39259,-0.50787,-0.65345,-0.80873,-0.92934,-0.98749,-0.99999,-0.99647,-0.99351,-0.99536,0
0,0.98378,0.97156,0.96903,0.97848,0.99457,0.99751,0.95237,0.83949,0.68859,0.54527,0.43024,0.34365,0.27933,0.23117,0.19454,0.16618,0.14384,0.12594,0.11138,0.099374,0.08935,0.080883,0.073655,0.067423,0.062003,0.057248,0.053043,0.049296,0.045934,0.042894,0.040129,0.037596,0.03526,0.033094,0.03107,0.029169,0.027371,0.025661,0.024024,0.022448,0.020921,0.019434,0.017976,0.016541,0.01512,0.013705,0.012291,0.010869,0.0094341,0.0079796,0.0064993,0.0049866,0.0034349,0.0018372,0.00018614,-0.0015255,-0.003306,-0.005166,-0.0071172,-0.0091729,-0.011349,-0.013664,-0.01614,-0.018805,-0.021693,-0.024848,-0.028323,-0.032189,-0.036537,-0.041489,-0.047206,-0.05391,-0.061907,-0.071626,-0.083686,-0.098991,-0.1189,-0.14548,-0.18197,-0.23349,-0.308,-0.41677,-0.56993,-0.75605,-0.91479,-0.98863,-0.99972,-0.99433,-0.99344,0
0,0.98029,0.97828,0.99137,0.99861,0.94055,0.77811,0.58102,0.42232,0.31212,0.23752,0.18616,0.1498,0.12331,0.10348,0.088287,0.076392,0.066908,0.05922,0.052896,0.047624,0.043176,0.039383,0.036115,0.033274,0.030781,0.028577,0.026612,0.024849,0.023254,0.021801,0.02047,0.019241,0.0181,0.017033,0.016029,0.015079,0.014173,0.013305,0.012468,0.011655,0.010862,0.010084,0.0093167,0.0085553,0.0077965,0.0070366,0.0062723,0.0055002,0.0047173,0.0039203,0.0031061,0.0022715,0.0014132,0.00052767,-0.00038835,-0.0013383,-0.0023267,-0.0033587,-0.0044402,-0.005578,-0.0067799,-0.008055,-0.0094147,-0.010873,-0.012446,-0.014156,-0.016031,-0.018104,-0.020422,-0.023045,-0.026052,-0.029554,-0.033699,-0.038697,-0.04485,-0.052596,-0.062591,-0.075843,-0.09395,-0.11953,-0.15702,-0.21418,-0.30449,-0.44872,-0.66009,-0.8796,-0.98723,-0.99898,-0.99295,0
0,0.99055,0.99972,0.9298,0.69362,0.44617,0.28711,0.19425,0.13853,0.10335,0.080036,0.063904,0.052329,0.043763,0.037254,0.032193,0.028179,0.02494,0.022286,0.020079,0.018223,0.016643,0.015283,0.014103,0.013068,0.012154,0.011339,0.010608,0.0099467,0.0093441,0.0087913,0.0082808,0.007806,0.0073615,0.0069427,0.0065455,0.0061662,0.0058019,0.0054498,0.0051074,0.0047724,0.0044429,0.004117,0.003793,0.0034694,0.0031447,0.0028175,0.0024865,0.0021504,0.0018079,0.0014578,0.0010989,0.00072991,0.00034955,-4.3484e-05,-0.00045023,-0.00087202,-0.0013108,-0.0017686,-0.0022478,-0.0027509,-0.003281,-0.0038418,-0.0044376,-0.0050739,-0.0057575,-0.0064967,-0.0073024,-0.0081884,-0.0091729,-0.010279,-0.01154,-0.012996,-0.014707,-0.016753,-0.019251,-0.022366,-0.026347,-0.03157,-0.038629,-0.048495,-0.062825,-0.084601,-0.11951,-0.17901,-0.28686,-0.48539,-0.7797,-0.97438,-0.99925,0
0,0.89127,0.54299,0.27277,0.14514,0.08496,0.054119,0.036965,0.02672,0.020219,0.015876,0.012845,0.01065,0.0090109,0.007754,0.0067682,0.0059799,0.0053384,0.0048086,0.0043649,0.0039887,0.0036662,0.0033868,0.0031424,0.0029268,0.0027347,0.0025624,0.0024065,0.0022645,0.002134,0.0020134,0.001901,0.0017956,0.0016961,0.0016014,0.0015108,0.0014234,0.0013387,0.001256,0.0011748,0.0010946,0.001015,0.00093557,0.00085596,0.0007758,0.00069477,0.00061257,0.00052889,0.00044345,0.00035599,0.00026622,0.00017387,7.8657e-05,-1.9688e-05,-0.00012133,-0.00022648,-0.00033551,-0.00044884,-0.00056695,-0.00069034,-0.00081958,-0.00095534,-0.0010984,-0.0012499,-0.0014109,-0.001583,-0.0017681,-0.0019688,-0.0021883,-0.0024307,-0.0027015,-0.003008,-0.00336,-0.0037708,-0.0042587,-0.0048497,-0.0055809,-0.0065069,-0.00771,-0.0093182,-0.011539,-0.014724,-0.019504,-0.027096,-0.040044,-0.064152,-0.11387,-0.227,-0.4871,-0.86442,0
0,0,0,0,0,0,0,0,0,0,0,0,0,0,0,0,0,0,0,0,0,0,0,0,0,0,0,0,0,0,0,0,0,0,0,0,0,0,0,0,0,0,0,0,0,0,0,0,0,0,0,0,0,0,0,0,0,0,0,0,0,0,0,0,0,0,0,0,0,0,0,0,0,0,0,0,0,0,0,0,0,0,0,0,0,0,0,0,0,0,0
