-2.4118e-05,-4.9933e-05,-6.8073e-05,-7.403e-05,-6.6103e-05,-4.4095e-05,-8.5685e-06,3.9575e-05,9.9313e-05,0.00016963,0.00024955,0.00033819,0.00043478,0.00053863,0.00064913,0.00076579,0.00088817,0.0010159,0.0011488,0.0012866,0.0014291,0.0015763,0.0017281,0.0018844,0.0020454,0.0022112,0.0023817,0.0025572,0.0027379,0.002924,0.0031156,0.0033131,0.0035167,0.0037267,0.0039436,0.0041675,0.004399,0.0046384,0.0048862,0.0051429,0.0054089,0.0056849,0.0059714,0.0062691,0.0065787,0.006901,0.0072369,0.0075871,0.0079529,0.0083353,0.0087356,0.0091551,0.0095955,0.010059,0.010546,0.01106,0.011604,0.01218,0.012791,0.013442,0.014136,0.014879,0.015677,0.016537,0.017467,0.018478,0.019582,0.020794,0.022133,0.023623,0.025293,0.027181,0.029335,0.031817,0.03471,0.038124,0.042204,0.047148,0.053225,0.060804,0.070394,0.082687,0.098619,0.11939,0.1464,0.18073,0.22134,0.25838,0.24702
-2.5725e-05,-4.5918e-05,-4.8372e-05,-2.6149e-05,2.4169e-05,0.00010372,0.00021224,0.00034867,0.0005115,0.00069904,0.00090957,0.0011414,0.001393,0.001663,0.0019501,0.0022531,0.0025712,0.0029036,0.0032496,0.0036087,0.0039806,0.004365,0.0047618,0.005171,0.0055927,0.0060271,0.0064744,0.0069351,0.0074095,0.0078981,0.0084017,0.0089207,0.0094559,0.010008,0.010578,0.011167,0.011775,0.012404,0.013056,0.01373,0.014428,0.015153,0.015905,0.016685,0.017497,0.018341,0.01922,0.020136,0.021091,0.022088,0.023131,0.024223,0.025366,0.026567,0.027828,0.029155,0.030553,0.032031,0.033593,0.03525,0.03701,0.038885,0.040888,0.043033,0.045338,0.047824,0.050515,0.053442,0.056641,0.060154,0.064036,0.068352,0.073184,0.078634,0.084828,0.091923,0.10012,0.10966,0.12084,0.13403,0.14964,0.16809,0.18971,0.21446,0.24136,0.26704,0.28273,0.26787,0.18235
-1.7881e-05,-2.0167e-05,5.3797e-06,6.6254e-05,0.00016654,0.00030792,0.00049042,0.00071301,0.00097402,0.0012714,0.0016031,0.0019668,0.0023606,0.0027824,0.0032306,0.0037035,0.0042,0.0047187,0.0052589,0.0058197,0.0064007,0.0070015,0.007622,0.008262,0.0089219,0.0096017,0.010302,0.011023,0.011766,0.012532,0.01332,0.014133,0.014972,0.015837,0.01673,0.017652,0.018605,0.01959,0.020609,0.021664,0.022757,0.023891,0.025066,0.026286,0.027554,0.028872,0.030243,0.031671,0.03316,0.034713,0.036336,0.038032,0.039807,0.041668,0.04362,0.045671,0.04783,0.050104,0.052505,0.055045,0.057735,0.060593,0.063633,0.066878,0.070349,0.074074,0.078084,0.082417,0.087117,0.092237,0.097838,0.104,0.1108,0.11835,0.12679,0.13624,0.14688,0.15889,0.17245,0.18772,0.20477,0.22346,0.24324,0.2627,0.27887,0.28598,0.27355,0.22492,0.12606
-5.5113e-06,1.6988e-05,7.7879e-05,0.00018391,0.00033899,0.00054483,0.00080154,0.0011081,0.0014629,0.0018636,0.0023078,0.0027932,0.0033174,0.003878,0.004473,0.0051006,0.005759,0.0064471,0.0071635,0.0079074,0.0086782,0.0094755,0.010299,0.011149,0.012025,0.012927,0.013857,0.014816,0.015802,0.016819,0.017867,0.018947,0.020061,0.02121,0.022395,0.02362,0.024885,0.026192,0.027545,0.028944,0.030394,0.031896,0.033453,0.03507,0.036747,0.038491,0.040304,0.042191,0.044156,0.046205,0.048342,0.050575,0.052909,0.055351,0.05791,0.060595,0.063414,0.066379,0.069502,0.072796,0.076277,0.079961,0.083868,0.08802,0.092442,0.097163,0.10222,0.10764,0.11348,0.11978,0.12661,0.13402,0.14211,0.15094,0.16061,0.17121,0.18283,0.19551,0.20927,0.22398,0.23935,0.25469,0.26875,0.27928,0.28253,0.27254,0.24086,0.17919,0.088417
8.4928e-06,5.8964e-05,0.00015889,0.00031343,0.00052563,0.00079681,0.0011269,0.0015149,0.0019588,0.0024566,0.0030056,0.0036032,0.0042468,0.0049341,0.0056627,0.0064305,0.0072357,0.0080768,0.0089526,0.0098619,0.010804,0.011779,0.012785,0.013824,0.014895,0.015999,0.017137,0.018308,0.019515,0.020759,0.02204,0.02336,0.024722,0.026126,0.027576,0.029072,0.030617,0.032214,0.033866,0.035574,0.037343,0.039175,0.041073,0.043042,0.045085,0.047206,0.04941,0.051702,0.054088,0.056572,0.059161,0.061861,0.064681,0.067627,0.070709,0.073936,0.077318,0.080867,0.084596,0.088518,0.09265,0.097008,0.10161,0.10648,0.11164,0.11712,0.12295,0.12916,0.13579,0.14288,0.15047,0.15862,0.16736,0.17675,0.18682,0.19758,0.20902,0.22106,0.2335,0.246,0.25794,0.26829,0.27541,0.27681,0.26883,0.2466,0.20467,0.14121,0.06331
2.2541e-05,0.00010173,0.00024175,0.00044565,0.00071521,0.001051,0.0014526,0.0019185,0.002447,0.0030355,0.0036816,0.0043825,0.0051355,0.005938,0.0067876,0.0076822,0.0086198,0.0095988,0.010618,0.011676,0.012772,0.013905,0.015076,0.016284,0.01753,0.018815,0.020138,0.0215,0.022904,0.024351,0.025841,0.027376,0.028959,0.030592,0.032276,0.034015,0.03581,0.037664,0.039581,0.041564,0.043615,0.045738,0.047937,0.050217,0.052581,0.055033,0.05758,0.060225,0.062975,0.065836,0.068814,0.071917,0.075151,0.078525,0.082048,0.085729,0.089579,0.093609,0.097832,0.10226,0.10691,0.11179,0.11693,0.12234,0.12805,0.13406,0.14042,0.14714,0.15425,0.16177,0.16973,0.17815,0.18704,0.1964,0.20621,0.2164,0.22686,0.23739,0.24763,0.25707,0.2649,0.26991,0.27039,0.26394,0.2475,0.21756,0.17188,0.11168,0.046263
3.5807e-05,0.00014292,0.00032222,0.00057449,0.00089998,0.0012983,0.0017682,0.0023082,0.0029159,0.003589,0.0043246,0.0051201,0.0059726,0.0068796,0.0078385,0.0088471,0.0099034,0.011006,0.012153,0.013343,0.014576,0.015852,0.017169,0.018528,0.019929,0.021374,0.022862,0.024394,0.025973,0.027599,0.029274,0.031,0.032779,0.034614,0.036506,0.038458,0.040473,0.042554,0.044705,0.046927,0.049226,0.051604,0.054066,0.056616,0.059258,0.061997,0.064838,0.067787,0.070849,0.074031,0.077339,0.080779,0.08436,0.08809,0.091976,0.096028,0.10026,0.10467,0.10928,0.1141,0.11914,0.12442,0.12994,0.13573,0.1418,0.14815,0.15482,0.1618,0.16912,0.17678,0.18478,0.19311,0.20175,0.21065,0.21973,0.22886,0.23784,0.24637,0.25401,0.26013,0.26383,0.26388,0.25867,0.24616,0.22401,0.19006,0.14415,0.089128,0.034501
4.7892e-05,0.00018118,0.00039773,0.00069604,0.0010747,0.0015322,0.0020667,0.0026759,0.0033573,0.0041083,0.004926,0.0058076,0.0067502,0.0077512,0.0088082,0.0099187,0.011081,0.012293,0.013553,0.014861,0.016216,0.017616,0.019063,0.020555,0.022093,0.023679,0.025312,0.026994,0.028726,0.03051,0.032348,0.034241,0.036192,0.038203,0.040276,0.042415,0.044622,0.046901,0.049254,0.051685,0.054197,0.056795,0.059483,0.062265,0.065145,0.068128,0.071219,0.074424,0.077749,0.081198,0.084779,0.088498,0.092363,0.096379,0.10056,0.1049,0.10942,0.11413,0.11904,0.12414,0.12946,0.13501,0.14079,0.14681,0.15308,0.1596,0.16639,0.17344,0.18075,0.18831,0.19609,0.20405,0.21215,0.22029,0.22834,0.23611,0.24336,0.24971,0.25467,0.25755,0.25747,0.25327,0.24354,0.22663,0.20088,0.16556,0.12136,0.071963,0.026266
5.8636e-05,0.00021585,0.0004668,0.0008079,0.0012361,0.0017487,0.002343,0.0030162,0.0037653,0.0045875,0.0054797,0.006439,0.0074626,0.0085477,0.0096919,0.010893,0.012149,0.013457,0.014818,0.016229,0.01769,0.0192,0.020759,0.022367,0.024025,0.025734,0.027493,0.029305,0.031171,0.033092,0.035071,0.037109,0.039209,0.041372,0.043603,0.045902,0.048275,0.050723,0.053249,0.055858,0.058554,0.061339,0.064218,0.067195,0.070275,0.073463,0.076762,0.080179,0.083719,0.087387,0.09119,0.095132,0.099221,0.10346,0.10786,0.11243,0.11717,0.12209,0.1272,0.1325,0.13801,0.14371,0.14963,0.15576,0.1621,0.16865,0.17541,0.18236,0.18948,0.19675,0.20412,0.21153,0.21889,0.22607,0.23293,0.23922,0.24465,0.24883,0.25123,0.25118,0.24784,0.2402,0.22706,0.2072,0.17963,0.1444,0.10282,0.058842,0.020412
6.8008e-05,0.00024661,0.0005287,0.00090874,0.0013822,0.0019452,0.0025941,0.0033255,0.004136,0.0050224,0.0059815,0.0070103,0.0081059,0.0092655,0.010487,0.011767,0.013105,0.014498,0.015945,0.017446,0.018999,0.020604,0.022261,0.023969,0.02573,0.027545,0.029413,0.031337,0.033317,0.035356,0.037455,0.039617,0.041844,0.044138,0.046502,0.048938,0.051451,0.054042,0.056715,0.059474,0.062323,0.065264,0.068302,0.071442,0.074687,0.078041,0.081511,0.085099,0.088811,0.092653,0.096629,0.10074,0.105,0.10941,0.11398,0.11871,0.1236,0.12866,0.1339,0.13931,0.14491,0.15069,0.15664,0.16277,0.16908,0.17554,0.18215,0.18887,0.19568,0.20253,0.20936,0.21608,0.22258,0.22873,0.23431,0.23909,0.24276,0.24489,0.24497,0.24238,0.23636,0.22602,0.21043,0.18871,0.16057,0.12636,0.087776,0.048734,0.016184
7.605e-05,0.00027344,0.00058315,0.00099798,0.001512,0.0021202,0.0028182,0.0036017,0.0044671,0.0054107,0.0064292,0.0075194,0.0086782,0.009903,0.011191,0.01254,0.013949,0.015415,0.016937,0.018514,0.020146,0.021832,0.023572,0.025366,0.027215,0.029119,0.031079,0.033097,0.035175,0.037313,0.039514,0.041781,0.044114,0.046517,0.048993,0.051544,0.054173,0.056883,0.059678,0.06256,0.065534,0.068604,0.071772,0.075042,0.07842,0.081908,0.085511,0.089234,0.09308,0.097054,0.10116,0.1054,0.10979,0.11432,0.11899,0.12382,0.12881,0.13395,0.13925,0.14471,0.15032,0.15609,0.16201,0.16806,0.17424,0.18052,0.18688,0.19329,0.19969,0.20603,0.21224,0.2182,0.2238,0.22886,0.23319,0.23652,0.23852,0.2388,0.23687,0.23214,0.22397,0.21162,0.1944,0.17175,0.14376,0.11106,0.075529,0.040868,0.013077
8.2835e-05,0.00029643,0.00063018,0.0010755,0.0016252,0.0022733,0.0030145,0.003844,0.0047577,0.0057515,0.0068218,0.0079653,0.0091789,0.01046,0.011805,0.013214,0.014682,0.01621,0.017796,0.019438,0.021136,0.02289,0.024699,0.026564,0.028486,0.030465,0.032502,0.034599,0.036756,0.038977,0.041262,0.043614,0.046036,0.048528,0.051096,0.05374,0.056464,0.059271,0.062164,0.065146,0.068221,0.071392,0.074662,0.078036,0.081517,0.085108,0.088813,0.092636,0.096581,0.10065,0.10485,0.10918,0.11365,0.11825,0.12299,0.12787,0.1329,0.13807,0.14338,0.14882,0.1544,0.16009,0.16591,0.17181,0.1778,0.18383,0.18988,0.1959,0.20184,0.20762,0.21316,0.21833,0.22301,0.22702,0.23014,0.23211,0.23262,0.23127,0.22762,0.22116,0.21133,0.19753,0.17926,0.15637,0.12903,0.098101,0.065507,0.034676,0.010753
8.8459e-05,0.00031575,0.00067003,0.0011415,0.001722,0.0024046,0.0031832,0.0040525,0.0050077,0.0060446,0.0071594,0.0083484,0.0096086,0.010937,0.012331,0.013788,0.015307,0.016886,0.018524,0.02022,0.021972,0.023782,0.025648,0.027571,0.029553,0.031592,0.033692,0.035852,0.038074,0.040361,0.042714,0.045135,0.047627,0.050192,0.052832,0.05555,0.058349,0.061232,0.064202,0.067262,0.070415,0.073664,0.077012,0.080464,0.084021,0.087687,0.091466,0.09536,0.099373,0.10351,0.10776,0.11215,0.11666,0.1213,0.12606,0.13096,0.13598,0.14113,0.1464,0.15178,0.15727,0.16285,0.16851,0.17422,0.17996,0.1857,0.19139,0.19699,0.20242,0.20762,0.21247,0.21686,0.22065,0.22365,0.22565,0.22639,0.22557,0.22283,0.21776,0.20992,0.19884,0.18408,0.1653,0.14256,0.11617,0.087096,0.057249,0.029745,0.0089832
9.3018e-05,0.00033164,0.00070305,0.0011965,0.001803,0.0025146,0.0033248,0.0042276,0.0052179,0.0062911,0.007443,0.0086699,0.0099686,0.011336,0.01277,0.014267,0.015827,0.017448,0.019127,0.020865,0.022662,0.024515,0.026427,0.028396,0.030424,0.032511,0.034659,0.036869,0.039143,0.041481,0.043886,0.046361,0.048907,0.051527,0.054223,0.056998,0.059854,0.062794,0.065822,0.068939,0.072149,0.075455,0.07886,0.082366,0.085976,0.089693,0.09352,0.097459,0.10151,0.10568,0.10997,0.11437,0.1189,0.12354,0.1283,0.13317,0.13816,0.14326,0.14845,0.15373,0.15909,0.16451,0.16998,0.17546,0.18092,0.18633,0.19164,0.19679,0.20171,0.20631,0.21049,0.21413,0.21707,0.21914,0.22012,0.21977,0.21779,0.21388,0.20765,0.19874,0.18676,0.17138,0.1525,0.1302,0.10493,0.077716,0.05039,0.025768,0.0076105
9.6613e-05,0.00034435,0.00072967,0.0012411,0.0018688,0.0026043,0.0034404,0.0043707,0.0053896,0.0064923,0.0076743,0.0089317,0.010261,0.01166,0.013125,0.014654,0.016246,0.017898,0.01961,0.021381,0.02321,0.025097,0.027043,0.029047,0.03111,0.033233,0.035417,0.037664,0.039975,0.042351,0.044795,0.047309,0.049895,0.052555,0.055291,0.058106,0.061003,0.063984,0.067052,0.070209,0.073458,0.076801,0.080242,0.083783,0.087425,0.091172,0.095025,0.098985,0.10306,0.10724,0.11153,0.11593,0.12044,0.12506,0.12978,0.13461,0.13953,0.14454,0.14963,0.15478,0.15999,0.16522,0.17047,0.17569,0.18085,0.18592,0.19083,0.19553,0.19993,0.20395,0.20749,0.21041,0.21256,0.21378,0.21385,0.21254,0.20958,0.2047,0.19756,0.18784,0.17527,0.15958,0.14083,0.11916,0.095094,0.069682,0.044648,0.022523,0.0065277
9.9337e-05,0.00035414,0.00075033,0.0012758,0.0019203,0.0026746,0.0035312,0.0044831,0.0055245,0.0066501,0.0078554,0.0091363,0.010489,0.011911,0.0134,0.014952,0.016567,0.018243,0.019978,0.021772,0.023625,0.025536,0.027505,0.029533,0.03162,0.033768,0.035977,0.038249,0.040585,0.042987,0.045457,0.047997,0.050609,0.053295,0.056058,0.058899,0.061822,0.064828,0.06792,0.071101,0.074372,0.077737,0.081197,0.084754,0.088411,0.092168,0.096028,0.09999,0.10406,0.10823,0.1125,0.11688,0.12136,0.12593,0.1306,0.13535,0.14018,0.14509,0.15005,0.15505,0.16008,0.16511,0.17012,0.17507,0.17992,0.18463,0.18915,0.19339,0.1973,0.20077,0.20369,0.20594,0.20738,0.20782,0.20709,0.20495,0.20118,0.1955,0.18764,0.17735,0.16439,0.14866,0.13022,0.1093,0.086469,0.062764,0.039801,0.019844,0.0056598
0.00010128,0.00036126,0.0007655,0.0013015,0.0019584,0.0027268,0.0035986,0.0045665,0.0056244,0.0067667,0.0079888,0.0092863,0.010656,0.012094,0.013598,0.015167,0.016797,0.018487,0.020238,0.022046,0.023913,0.025838,0.027822,0.029864,0.031966,0.034127,0.036351,0.038637,0.040987,0.043404,0.045888,0.048443,0.051069,0.053768,0.056545,0.059399,0.062334,0.065352,0.068455,0.071645,0.074925,0.078295,0.081759,0.085318,0.088973,0.092725,0.096575,0.10052,0.10457,0.10871,0.11295,0.11729,0.12171,0.12622,0.13081,0.13548,0.14021,0.14499,0.1498,0.15464,0.15948,0.1643,0.16906,0.17373,0.17827,0.18263,0.18675,0.19056,0.19398,0.19693,0.19928,0.20092,0.2017,0.20147,0.20003,0.1972,0.19274,0.18643,0.17804,0.16736,0.1542,0.13859,0.12059,0.10048,0.078878,0.056775,0.035678,0.017609,0.0049536
0.00010253,0.00036596,0.00077564,0.0013188,0.0019842,0.0027621,0.0036441,0.0046227,0.0056914,0.0068445,0.0080771,0.0093849,0.010764,0.012212,0.013725,0.015301,0.016939,0.018637,0.020394,0.022209,0.024082,0.026013,0.028002,0.030049,0.032156,0.034323,0.036551,0.038841,0.041196,0.043616,0.046105,0.048662,0.051291,0.053994,0.056772,0.059628,0.062564,0.065581,0.068683,0.07187,0.075145,0.078509,0.081963,0.08551,0.08915,0.092883,0.096709,0.10063,0.10464,0.10875,0.11294,0.11721,0.12157,0.12601,0.13051,0.13507,0.13968,0.14432,0.14899,0.15365,0.15829,0.16289,0.1674,0.17179,0.17602,0.18003,0.18377,0.18717,0.19014,0.19259,0.19442,0.19551,0.19571,0.19488,0.19284,0.18941,0.1844,0.1776,0.16881,0.15788,0.14471,0.12932,0.11184,0.092587,0.072173,0.051561,0.032143,0.015725,0.0043714
0.00010315,0.00036846,0.00078119,0.0013283,0.0019985,0.0027818,0.0036693,0.0046535,0.0057276,0.0068859,0.0081231,0.009435,0.010818,0.012268,0.013783,0.015361,0.017,0.018698,0.020454,0.022268,0.024139,0.026068,0.028054,0.030098,0.032201,0.034364,0.036588,0.038874,0.041224,0.043639,0.046121,0.048673,0.051295,0.05399,0.05676,0.059607,0.062533,0.06554,0.068629,0.071802,0.075061,0.078407,0.081842,0.085365,0.088978,0.092681,0.096472,0.10035,0.10432,0.10837,0.1125,0.11671,0.121,0.12534,0.12974,0.13419,0.13868,0.14318,0.14768,0.15217,0.15661,0.16098,0.16524,0.16936,0.17328,0.17697,0.18034,0.18335,0.1859,0.1879,0.18925,0.18983,0.18952,0.18816,0.18561,0.18169,0.17623,0.16906,0.16001,0.14896,0.13588,0.1208,0.10389,0.0855,0.066229,0.046999,0.029091,0.014122,0.0038853
0.00010322,0.00036899,0.00078256,0.0013309,0.0020024,0.002787,0.0036757,0.0046607,0.0057353,0.0068933,0.0081297,0.0094399,0.01082,0.012267,0.013778,0.015351,0.016983,0.018675,0.020423,0.022229,0.024092,0.026011,0.027987,0.03002,0.032112,0.034263,0.036474,0.038747,0.041083,0.043485,0.045953,0.048489,0.051096,0.053775,0.056528,0.059357,0.062264,0.06525,0.068317,0.071467,0.074701,0.078019,0.081424,0.084914,0.088491,0.092154,0.095902,0.099733,0.10365,0.10764,0.1117,0.11584,0.12003,0.12428,0.12858,0.13291,0.13726,0.14162,0.14596,0.15026,0.1545,0.15865,0.16267,0.16652,0.17016,0.17352,0.17656,0.1792,0.18135,0.18294,0.18386,0.184,0.18323,0.18143,0.17844,0.17412,0.16831,0.16087,0.15166,0.14059,0.12767,0.11297,0.096664,0.079123,0.06094,0.042985,0.026439,0.012748,0.0034753
0.00010279,0.00036773,0.00078014,0.001327,0.0019966,0.0027788,0.0036647,0.0046461,0.0057163,0.0068692,0.0080994,0.0094026,0.010775,0.012213,0.013713,0.015275,0.016895,0.018574,0.020308,0.022099,0.023946,0.025849,0.027807,0.029823,0.031896,0.034028,0.036219,0.038472,0.040788,0.043167,0.045613,0.048127,0.05071,0.053365,0.056092,0.058895,0.061775,0.064732,0.06777,0.070888,0.074088,0.077371,0.080738,0.084188,0.087721,0.091336,0.095032,0.098807,0.10266,0.10658,0.11057,0.11462,0.11873,0.12288,0.12707,0.13128,0.1355,0.13971,0.14388,0.14801,0.15205,0.15599,0.15977,0.16337,0.16673,0.16979,0.17251,0.17481,0.1766,0.17782,0.17835,0.17809,0.17693,0.17474,0.17139,0.16675,0.16067,0.15303,0.14374,0.13274,0.12005,0.10576,0.09008,0.073372,0.056216,0.039438,0.02412,0.011559,0.0031259
0.00010192,0.00036486,0.00077428,0.0013172,0.001982,0.0027585,0.0036376,0.0046114,0.0056728,0.0068158,0.008035,0.009326,0.010685,0.012108,0.013593,0.015138,0.01674,0.0184,0.020114,0.021884,0.023709,0.025589,0.027524,0.029515,0.031563,0.033669,0.035834,0.03806,0.040347,0.042699,0.045115,0.047599,0.050151,0.052775,0.05547,0.058239,0.061084,0.064006,0.067007,0.070086,0.073247,0.076487,0.079809,0.083212,0.086695,0.090256,0.093895,0.097608,0.10139,0.10524,0.10916,0.11312,0.11714,0.12119,0.12526,0.12935,0.13343,0.1375,0.14151,0.14546,0.14932,0.15304,0.15661,0.15996,0.16306,0.16585,0.16827,0.17025,0.17172,0.1726,0.17278,0.17218,0.17067,0.16816,0.16451,0.15961,0.15333,0.14558,0.13627,0.1254,0.11298,0.099136,0.084074,0.06817,0.051984,0.036289,0.022081,0.010525,0.0028257
0.00010066,0.00036054,0.00076529,0.0013021,0.0019594,0.002727,0.0035959,0.0045581,0.0056066,0.0067353,0.007939,0.0092129,0.010553,0.011957,0.013421,0.014944,0.016523,0.018158,0.019847,0.02159,0.023387,0.025238,0.027144,0.029105,0.031122,0.033196,0.035328,0.03752,0.039774,0.04209,0.044471,0.046918,0.049434,0.052019,0.054676,0.057406,0.06021,0.06309,0.066047,0.069082,0.072196,0.075389,0.078661,0.082011,0.085439,0.088942,0.092519,0.096166,0.09988,0.10366,0.10749,0.11137,0.11528,0.11923,0.1232,0.12716,0.13112,0.13504,0.1389,0.14268,0.14635,0.14988,0.15323,0.15636,0.15921,0.16174,0.16389,0.16559,0.16676,0.16733,0.16721,0.1663,0.16451,0.16172,0.15783,0.15273,0.14632,0.13851,0.12924,0.11854,0.10643,0.093033,0.078586,0.063456,0.048178,0.033482,0.020279,0.0096188,0.0025658
9.9045e-05,0.0003549,0.00075347,0.0012821,0.0019293,0.0026852,0.0035406,0.0044877,0.0055194,0.0066298,0.0078136,0.0090661,0.010384,0.011763,0.013201,0.014697,0.016248,0.017853,0.019511,0.021222,0.022986,0.024803,0.026674,0.028599,0.030579,0.032615,0.034709,0.036862,0.039076,0.041352,0.043691,0.046097,0.048569,0.051111,0.053723,0.056408,0.059166,0.061999,0.064908,0.067894,0.070956,0.074096,0.077314,0.080607,0.083975,0.087417,0.090929,0.094508,0.098149,0.10185,0.1056,0.10939,0.11321,0.11706,0.12091,0.12476,0.12859,0.13237,0.13608,0.1397,0.1432,0.14655,0.14969,0.15261,0.15524,0.15753,0.15943,0.16087,0.16177,0.16208,0.16169,0.16051,0.15847,0.15545,0.15137,0.14612,0.13962,0.1318,0.12263,0.11212,0.10034,0.087406,0.073563,0.059172,0.044746,0.030969,0.018679,0.0088208,0.0023393
9.7113e-05,0.00034807,0.00073906,0.0012576,0.0018926,0.0026339,0.0034729,0.0044015,0.0054129,0.0065011,0.007661,0.0088879,0.010178,0.011529,0.012937,0.014401,0.015918,0.017489,0.019111,0.020786,0.022512,0.024289,0.02612,0.028004,0.029942,0.031935,0.033986,0.036094,0.038263,0.040493,0.042786,0.045144,0.047569,0.050062,0.052625,0.055259,0.057967,0.060748,0.063604,0.066536,0.069543,0.072627,0.075786,0.079019,0.082325,0.085703,0.089147,0.092656,0.096223,0.099844,0.10351,0.10721,0.11095,0.11469,0.11844,0.12218,0.12588,0.12953,0.1331,0.13657,0.13991,0.14308,0.14604,0.14876,0.15118,0.15325,0.15492,0.15613,0.1568,0.15686,0.15623,0.15484,0.15258,0.14938,0.14515,0.13979,0.13325,0.12545,0.11641,0.10613,0.094684,0.082214,0.068958,0.05527,0.041642,0.028712,0.017251,0.0081145,0.0021407
9.4893e-05,0.00034016,0.00072229,0.0012291,0.0018496,0.002574,0.0033936,0.0043007,0.0052884,0.006351,0.0074832,0.0086807,0.0099397,0.011257,0.012631,0.014058,0.015538,0.01707,0.018652,0.020285,0.021968,0.023702,0.025488,0.027326,0.029217,0.031163,0.033165,0.035224,0.037343,0.039522,0.041764,0.04407,0.046443,0.048883,0.051392,0.053972,0.056624,0.059349,0.062149,0.065023,0.067972,0.070995,0.074093,0.077264,0.080507,0.083817,0.087194,0.090631,0.094125,0.097668,0.10125,0.10487,0.10851,0.11216,0.11581,0.11944,0.12302,0.12655,0.12999,0.13331,0.1365,0.13951,0.1423,0.14483,0.14707,0.14894,0.15041,0.1514,0.15186,0.15171,0.15088,0.14929,0.14686,0.14351,0.13916,0.13374,0.12719,0.11946,0.11057,0.10053,0.08943,0.077417,0.064728,0.051709,0.038827,0.026678,0.015973,0.0074863,0.0019657
9.2409e-05,0.00033125,0.00070334,0.0011968,0.0018009,0.002506,0.0033037,0.0041864,0.0051473,0.0061809,0.0072819,0.0084463,0.0096703,0.010951,0.012286,0.013673,0.015112,0.0166,0.018137,0.019724,0.021361,0.023046,0.024783,0.02657,0.02841,0.030304,0.032253,0.034259,0.036323,0.038448,0.040634,0.042884,0.045199,0.047582,0.050033,0.052555,0.055148,0.057814,0.060553,0.063367,0.066254,0.069216,0.072251,0.075357,0.078534,0.081778,0.085085,0.088452,0.091872,0.095339,0.098845,0.10238,0.10593,0.10949,0.11304,0.11656,0.12004,0.12345,0.12677,0.12996,0.13301,0.13586,0.1385,0.14087,0.14293,0.14463,0.14591,0.14672,0.14699,0.14666,0.14565,0.1439,0.14133,0.13786,0.13343,0.12797,0.12143,0.1138,0.10507,0.095293,0.084543,0.07298,0.060837,0.048451,0.036266,0.024839,0.014825,0.0069254,0.0018106
8.9682e-05,0.00032141,0.00068238,0.001161,0.0017469,0.0024306,0.003204,0.0040595,0.0049908,0.0059922,0.0070589,0.0081866,0.0093721,0.010612,0.011905,0.013248,0.014641,0.016082,0.017571,0.019108,0.020693,0.022326,0.024009,0.025742,0.027527,0.029365,0.031257,0.033205,0.03521,0.037276,0.039402,0.041592,0.043847,0.046168,0.048558,0.051018,0.053549,0.056152,0.058829,0.061578,0.064402,0.067299,0.070269,0.07331,0.07642,0.079597,0.082835,0.086132,0.08948,0.092873,0.096302,0.099757,0.10323,0.1067,0.11016,0.11358,0.11696,0.12026,0.12346,0.12653,0.12945,0.13217,0.13467,0.13689,0.13879,0.14033,0.14145,0.14209,0.1422,0.14171,0.14055,0.13867,0.13598,0.13242,0.12793,0.12247,0.11597,0.10845,0.099911,0.090394,0.079994,0.06887,0.057252,0.045465,0.033931,0.023172,0.013789,0.0064224,0.0016727
8.6729e-05,0.00031072,0.00065956,0.001122,0.0016879,0.0023483,0.003095,0.0039209,0.0048198,0.0057862,0.0068154,0.0079034,0.0090469,0.010243,0.01149,0.012785,0.014129,0.015519,0.016956,0.018439,0.019969,0.021546,0.023172,0.024846,0.026572,0.028349,0.03018,0.032066,0.03401,0.036012,0.038075,0.040201,0.042392,0.044649,0.046974,0.049368,0.051834,0.054372,0.056983,0.059667,0.062425,0.065256,0.06816,0.071134,0.074177,0.077286,0.080456,0.083683,0.086961,0.090282,0.093637,0.097016,0.10041,0.1038,0.10717,0.11051,0.11379,0.11699,0.12008,0.12305,0.12585,0.12845,0.13081,0.1329,0.13467,0.13606,0.13704,0.13754,0.1375,0.13688,0.13559,0.13359,0.13081,0.12719,0.12268,0.11723,0.1108,0.10341,0.095058,0.085808,0.075756,0.065058,0.053943,0.042723,0.031798,0.021656,0.012853,0.00597,0.0015495
8.3563e-05,0.00029922,0.00063497,0.0010799,0.0016244,0.0022595,0.0029774,0.0037714,0.0046353,0.005564,0.0065528,0.007598,0.0086964,0.0098454,0.011043,0.012288,0.013578,0.014914,0.016295,0.01772,0.019192,0.020709,0.022273,0.023886,0.025549,0.027262,0.029028,0.030849,0.032727,0.034662,0.036659,0.038717,0.04084,0.043029,0.045286,0.047613,0.05001,0.05248,0.055023,0.05764,0.06033,0.063093,0.06593,0.068837,0.071813,0.074854,0.077957,0.081116,0.084325,0.087577,0.090862,0.094169,0.097487,0.1008,0.10409,0.10735,0.11054,0.11365,0.11666,0.11952,0.12222,0.12471,0.12696,0.12893,0.13057,0.13184,0.13269,0.13306,0.13291,0.13217,0.13078,0.12869,0.12584,0.12218,0.11766,0.11224,0.1059,0.09864,0.090494,0.081514,0.071803,0.061518,0.050884,0.040199,0.029844,0.020274,0.012003,0.0055614,0.001439
8.0194e-05,0.00028697,0.00060874,0.001035,0.0015564,0.0021645,0.0028517,0.0036115,0.0044381,0.0053264,0.0062722,0.0072717,0.0083221,0.0094208,0.010566,0.011756,0.012991,0.014269,0.01559,0.016955,0.018364,0.019818,0.021318,0.022865,0.024461,0.026107,0.027805,0.029557,0.031365,0.033231,0.035157,0.037145,0.039197,0.041315,0.043501,0.045757,0.048084,0.050483,0.052956,0.055502,0.058123,0.060818,0.063586,0.066426,0.069335,0.072309,0.075346,0.078439,0.081582,0.084767,0.087985,0.091225,0.094474,0.097717,0.10094,0.10412,0.10723,0.11027,0.11318,0.11596,0.11856,0.12096,0.12311,0.12497,0.12651,0.12767,0.12841,0.12868,0.12842,0.12758,0.12611,0.12395,0.12106,0.11737,0.11286,0.10749,0.10124,0.094137,0.086198,0.077488,0.068112,0.058227,0.048051,0.037873,0.02805,0.019011,0.011229,0.0051914,0.0013395
7.6632e-05,0.00027398,0.00058092,0.0009874,0.0014844,0.0020638,0.0027184,0.0034419,0.0042289,0.0050744,0.0059745,0.0069257,0.0079253,0.0089708,0.010061,0.011194,0.012369,0.013586,0.014845,0.016146,0.017489,0.018877,0.020309,0.021787,0.023313,0.024888,0.026514,0.028194,0.029929,0.031722,0.033574,0.035488,0.037466,0.03951,0.041622,0.043804,0.046058,0.048384,0.050785,0.05326,0.055811,0.058436,0.061135,0.063906,0.066748,0.069656,0.072628,0.075656,0.078736,0.081857,0.085012,0.088189,0.091375,0.094554,0.09771,0.10082,0.10387,0.10683,0.10967,0.11237,0.1149,0.11721,0.11927,0.12105,0.12249,0.12356,0.12421,0.12439,0.12404,0.12313,0.12159,0.11938,0.11645,0.11276,0.10827,0.10296,0.096828,0.08988,0.082151,0.073709,0.064661,0.055161,0.045424,0.035723,0.0264,0.017854,0.010524,0.0048551,0.0012496
7.2882e-05,0.0002603,0.00055161,0.00093718,0.0014084,0.0019575,0.0025777,0.003263,0.0040082,0.0048087,0.0056607,0.006561,0.0075071,0.0084967,0.0095284,0.010601,0.011714,0.012867,0.01406,0.015294,0.016569,0.017886,0.019247,0.020653,0.022106,0.023607,0.025158,0.026763,0.028422,0.030138,0.031913,0.03375,0.035651,0.037618,0.039654,0.04176,0.043937,0.046189,0.048515,0.050917,0.053395,0.055949,0.058578,0.061281,0.064056,0.066899,0.069807,0.072773,0.075791,0.078852,0.081948,0.085067,0.088194,0.091315,0.094412,0.097466,0.10045,0.10335,0.10613,0.10877,0.11122,0.11346,0.11545,0.11715,0.11852,0.11951,0.12008,0.12019,0.11977,0.1188,0.11721,0.11497,0.11202,0.10834,0.10389,0.098655,0.092638,0.085852,0.078336,0.070159,0.06143,0.052302,0.042982,0.033733,0.024878,0.016791,0.0098778,0.0045485,0.001168
6.8948e-05,0.00024595,0.00052084,0.00088447,0.0013286,0.001846,0.0024301,0.0030753,0.0037766,0.0045299,0.0053315,0.0061785,0.0070685,0.0079996,0.0089705,0.0099801,0.011028,0.012114,0.013239,0.014402,0.015606,0.01685,0.018137,0.019467,0.020843,0.022267,0.023741,0.025266,0.026846,0.028482,0.030178,0.031935,0.033755,0.035643,0.037599,0.039625,0.041725,0.043899,0.046149,0.048475,0.050879,0.053361,0.05592,0.058554,0.061262,0.06404,0.066885,0.06979,0.072749,0.075754,0.078794,0.081859,0.084933,0.088003,0.091048,0.094051,0.096987,0.099832,0.10256,0.10514,0.10754,0.10972,0.11165,0.11329,0.11459,0.11552,0.11603,0.11608,0.11561,0.11459,0.11297,0.1107,0.10776,0.1041,0.099702,0.094552,0.088658,0.082039,0.074735,0.06682,0.058402,0.049631,0.040709,0.031887,0.023471,0.015811,0.0092849,0.0042681,0.0010937
6.4835e-05,0.00023094,0.00048868,0.00082937,0.0012452,0.0017294,0.0022758,0.0028791,0.0035347,0.0042386,0.0049877,0.005779,0.0066106,0.0074807,0.0083881,0.0093321,0.010312,0.011329,0.012382,0.013472,0.014601,0.015769,0.016979,0.018231,0.019527,0.020871,0.022263,0.023706,0.025204,0.026757,0.028369,0.030043,0.031781,0.033585,0.035459,0.037404,0.039422,0.041516,0.043687,0.045937,0.048265,0.050674,0.053161,0.055726,0.058367,0.06108,0.063863,0.066709,0.069611,0.072562,0.075551,0.078566,0.081593,0.084616,0.087617,0.090576,0.093469,0.096271,0.098954,0.10149,0.10384,0.10598,0.10786,0.10945,0.11071,0.11159,0.11205,0.11205,0.11155,0.11049,0.10885,0.10658,0.10365,0.10003,0.095691,0.090637,0.084873,0.078423,0.071332,0.063674,0.055557,0.047131,0.038588,0.030171,0.022168,0.014907,0.008739,0.0040106,0.0010257
6.0544e-05,0.0002153,0.00045516,0.00077195,0.0011584,0.001608,0.0021151,0.0026748,0.0032828,0.0039354,0.0046298,0.0053633,0.0061341,0.0069408,0.0077823,0.008658,0.0095679,0.010512,0.011491,0.012505,0.013557,0.014646,0.015775,0.016946,0.01816,0.019419,0.020727,0.022086,0.023497,0.024965,0.026491,0.028078,0.02973,0.031448,0.033236,0.035096,0.037031,0.039043,0.041133,0.043303,0.045554,0.047887,0.050301,0.052796,0.05537,0.058019,0.060741,0.063529,0.066376,0.069276,0.072216,0.075185,0.07817,0.081153,0.084116,0.087039,0.089897,0.092665,0.095314,0.097814,0.10013,0.10223,0.10408,0.10564,0.10686,0.1077,0.10813,0.10811,0.10758,0.10651,0.10486,0.1026,0.099687,0.096109,0.091846,0.086895,0.081267,0.074989,0.068109,0.060704,0.052881,0.044785,0.036605,0.028571,0.020956,0.014069,0.0082345,0.0037733,0.00096321
5.6079e-05,0.00019903,0.00042031,0.00071228,0.0010681,0.0014819,0.0019482,0.0024627,0.0030213,0.0036208,0.0042584,0.004932,0.0056399,0.0063809,0.0071541,0.0079592,0.0087962,0.0096654,0.010567,0.011503,0.012474,0.013482,0.014528,0.015614,0.016742,0.017916,0.019136,0.020406,0.021729,0.023107,0.024543,0.026041,0.027603,0.029232,0.030932,0.032704,0.034552,0.036478,0.038485,0.040573,0.042745,0.045001,0.047341,0.049764,0.05227,0.054855,0.057516,0.060247,0.063042,0.065892,0.068787,0.071715,0.074661,0.07761,0.080541,0.083435,0.086266,0.089008,0.091633,0.09411,0.096406,0.098484,0.10031,0.10184,0.10304,0.10386,0.10427,0.10423,0.10369,0.10262,0.10098,0.098732,0.09586,0.092337,0.088154,0.083312,0.077824,0.07172,0.065051,0.057894,0.050356,0.04258,0.034746,0.027075,0.019827,0.013289,0.0077666,0.0035536,0.00090539
5.1441e-05,0.00018215,0.00038417,0.00065042,0.00097462,0.0013512,0.0017754,0.0022431,0.0027506,0.0032951,0.0038742,0.0044858,0.0051287,0.0058018,0.0065045,0.0072366,0.0079983,0.0087901,0.0096128,0.010468,0.011356,0.012279,0.013238,0.014237,0.015277,0.016361,0.01749,0.018669,0.0199,0.021185,0.022529,0.023934,0.025403,0.02694,0.028547,0.030228,0.031987,0.033824,0.035744,0.037748,0.039837,0.042014,0.044278,0.046629,0.049065,0.051585,0.054185,0.05686,0.059603,0.062406,0.065258,0.068148,0.071061,0.07398,0.076886,0.079757,0.082568,0.085294,0.087904,0.090368,0.092651,0.094718,0.096531,0.098052,0.099241,0.10006,0.10046,0.10042,0.09988,0.098816,0.097193,0.09498,0.092154,0.088697,0.084602,0.079874,0.07453,0.068602,0.062142,0.055229,0.047968,0.040499,0.032997,0.025672,0.01877,0.012562,0.0073308,0.0033492,0.00085158
4.6632e-05,0.00016467,0.00034678,0.00058646,0.00087795,0.0012162,0.0015969,0.0020163,0.0024712,0.002959,0.0034776,0.0040254,0.0046013,0.0052044,0.0058344,0.0064913,0.0071754,0.0078874,0.0086283,0.0093992,0.010202,0.011037,0.011908,0.012817,0.013765,0.014756,0.015792,0.016876,0.018011,0.019201,0.020448,0.021757,0.023129,0.02457,0.026082,0.027669,0.029334,0.03108,0.03291,0.034826,0.036831,0.038925,0.041111,0.043387,0.045753,0.048207,0.050745,0.053364,0.056055,0.058812,0.061625,0.064479,0.067362,0.070256,0.073142,0.075997,0.078796,0.081513,0.084117,0.086577,0.088859,0.090925,0.092739,0.094262,0.095454,0.096276,0.096688,0.096651,0.096129,0.095087,0.093495,0.091325,0.088556,0.085174,0.081174,0.076567,0.07137,0.065618,0.059367,0.052693,0.045702,0.038531,0.031347,0.024352,0.017778,0.01188,0.0069228,0.003158,0.00080112
4.1654e-05,0.0001466,0.00030817,0.00052044,0.00077822,0.001077,0.0014129,0.0017826,0.0021833,0.0026127,0.0030692,0.0035514,0.0040583,0.0045895,0.0051448,0.0057243,0.0063286,0.0069585,0.0076151,0.0082998,0.0090141,0.00976,0.010539,0.011355,0.012209,0.013104,0.014043,0.015029,0.016066,0.017156,0.018303,0.019512,0.020784,0.022125,0.023538,0.025027,0.026594,0.028245,0.029981,0.031806,0.033723,0.035732,0.037837,0.040036,0.042329,0.044715,0.047191,0.049752,0.052393,0.055105,0.057878,0.0607,0.063556,0.066429,0.069299,0.072144,0.074938,0.077653,0.08026,0.082726,0.085015,0.087092,0.088918,0.090455,0.091662,0.092501,0.092933,0.092919,0.092424,0.091417,0.089867,0.08775,0.085048,0.081751,0.077855,0.073373,0.068327,0.062754,0.056709,0.050271,0.043544,0.036661,0.029782,0.023103,0.016842,0.011238,0.0065388,0.0029779,0.0007534
3.6509e-05,0.00012797,0.00026837,0.00045244,0.00067556,0.00093374,0.0012236,0.0015422,0.0018873,0.0022569,0.0026496,0.0030644,0.0035007,0.003958,0.0044366,0.0049367,0.0054591,0.0060047,0.0065748,0.0071708,0.0077945,0.0084478,0.009133,0.0098525,0.010609,0.011405,0.012244,0.013129,0.014064,0.015051,0.016095,0.017199,0.018368,0.019605,0.020915,0.022301,0.023768,0.025319,0.026958,0.028688,0.030512,0.032433,0.034452,0.036571,0.038789,0.041105,0.043517,0.04602,0.048608,0.051275,0.05401,0.0568,0.059632,0.062487,0.065346,0.068185,0.07098,0.073701,0.076319,0.078799,0.081106,0.083204,0.085054,0.086615,0.08785,0.088719,0.089182,0.089204,0.088749,0.087788,0.086292,0.084239,0.081615,0.07841,0.074626,0.070276,0.065385,0.059992,0.054154,0.047949,0.04148,0.034876,0.028293,0.021916,0.015953,0.010629,0.006175,0.002807,0.00070783
3.1201e-05,0.00010878,0.00022743,0.00038253,0.00057008,0.00078663,0.0010293,0.0012956,0.0015837,0.001892,0.0022194,0.0025652,0.002929,0.0033108,0.0037108,0.0041296,0.0045681,0.0050272,0.0055085,0.0060136,0.0065442,0.0071025,0.0076908,0.0083117,0.0089678,0.0096621,0.010398,0.011178,0.012007,0.012888,0.013824,0.014821,0.015882,0.017011,0.018213,0.019493,0.020854,0.022301,0.023838,0.025468,0.027196,0.029024,0.030955,0.032989,0.035128,0.037371,0.039715,0.042158,0.044693,0.047314,0.05001,0.05277,0.055578,0.058418,0.061269,0.064107,0.066908,0.069642,0.072277,0.07478,0.077114,0.079243,0.081126,0.082725,0.083999,0.084909,0.085417,0.085487,0.085085,0.084181,0.082751,0.080774,0.078236,0.075133,0.071468,0.067257,0.062525,0.057315,0.051683,0.04571,0.039495,0.033163,0.026867,0.020782,0.015105,0.010049,0.0058278,0.0026435,0.00066384
2.5734e-05,8.9048e-05,0.00018539,0.00031081,0.00046192,0.00063585,0.00083021,0.0010431,0.0012729,0.0015185,0.0017792,0.0020545,0.0023444,0.0026489,0.0029686,0.0033042,0.0036568,0.0040275,0.004418,0.0048298,0.0052651,0.0057259,0.0062147,0.0067341,0.0072869,0.0078763,0.0085054,0.0091779,0.0098974,0.010668,0.011493,0.012378,0.013327,0.014344,0.015434,0.016602,0.017853,0.019191,0.020621,0.022147,0.023773,0.025504,0.02734,0.029286,0.031342,0.033507,0.035781,0.03816,0.040639,0.043211,0.045868,0.048596,0.051382,0.054207,0.057053,0.059894,0.062705,0.065456,0.068116,0.070649,0.073019,0.075188,0.077115,0.078762,0.080087,0.081051,0.081616,0.081746,0.081409,0.080576,0.079224,0.077332,0.074892,0.0719,0.068362,0.064296,0.059729,0.054705,0.049282,0.043538,0.037574,0.03151,0.025493,0.01969,0.01429,0.0094907,0.0054936,0.0024857,0.00062087
2.0112e-05,6.8805e-05,0.0001423,0.00023736,0.00035123,0.00048163,0.00062669,0.00078496,0.00095533,0.0011371,0.0013297,0.0015331,0.0017475,0.0019732,0.002211,0.0024618,0.0027267,0.0030071,0.0033047,0.0036212,0.0039588,0.0043197,0.0047065,0.0051217,0.0055685,0.0060499,0.0065693,0.0071304,0.007737,0.0083933,0.0091035,0.0098722,0.010704,0.011604,0.012577,0.013629,0.014764,0.015988,0.017305,0.018721,0.020241,0.021867,0.023605,0.025457,0.027424,0.029507,0.031705,0.034016,0.036436,0.038957,0.041571,0.044266,0.047029,0.04984,0.052681,0.055527,0.058352,0.061125,0.063814,0.066384,0.068798,0.071016,0.072998,0.074702,0.07609,0.07712,0.077754,0.077958,0.077699,0.076949,0.075686,0.073893,0.071561,0.06869,0.065288,0.061374,0.056978,0.052143,0.046931,0.041418,0.035702,0.029902,0.024159,0.018632,0.0135,0.0089495,0.0051691,0.0023315,0.00057835
1.434e-05,4.8074e-05,9.8226e-05,0.00016229,0.00023817,0.0003242,0.00041904,0.00052172,0.00063158,0.00074825,0.00087163,0.0010019,0.0011395,0.001285,0.0014394,0.0016037,0.0017793,0.0019676,0.0021704,0.0023897,0.0026275,0.0028862,0.0031684,0.0034769,0.0038147,0.0041851,0.0045916,0.0050378,0.0055279,0.0060661,0.0066569,0.0073051,0.0080156,0.0087937,0.0096447,0.010574,0.011588,0.012691,0.01389,0.01519,0.016597,0.018114,0.019746,0.021497,0.023369,0.025364,0.027481,0.029719,0.032073,0.034539,0.037107,0.039767,0.042503,0.0453,0.048136,0.050987,0.053828,0.056626,0.05935,0.061963,0.064427,0.066702,0.068747,0.07052,0.071981,0.073089,0.073805,0.074095,0.073927,0.073273,0.072113,0.07043,0.068218,0.065479,0.062222,0.058468,0.05425,0.049611,0.044612,0.039331,0.033864,0.028326,0.022853,0.017597,0.012727,0.0084199,0.0048505,0.0021794,0.00053571
8.426e-06,2.6884e-05,5.3234e-05,8.5722e-05,0.00012295,0.00016384,0.00020762,0.00025382,0.0003022,0.00035279,0.00040584,0.00046182,0.00052141,0.00058548,0.00065511,0.00073156,0.00081626,0.00091086,0.0010172,0.0011372,0.0012732,0.0014276,0.0016029,0.0018021,0.0020282,0.0022846,0.0025749,0.0029029,0.0032727,0.0036888,0.0041559,0.0046789,0.0052632,0.0059141,0.0066375,0.0074392,0.0083255,0.0093025,0.010376,0.011553,0.012839,0.014239,0.015759,0.017402,0.019172,0.021071,0.0231,0.025258,0.027542,0.029946,0.032463,0.035082,0.037789,0.040568,0.043397,0.046254,0.04911,0.051936,0.054697,0.057357,0.059878,0.062217,0.064334,0.066186,0.067731,0.068928,0.069739,0.070128,0.070063,0.069519,0.068475,0.066916,0.064837,0.06224,0.059139,0.055555,0.051522,0.047085,0.042306,0.037261,0.032044,0.026768,0.021563,0.016575,0.011964,0.0078961,0.0045345,0.0020273,0.00049236
2.3781e-06,5.2724e-06,7.407e-06,7.8048e-06,5.7659e-06,8.4652e-07,-7.1594e-06,-1.8238e-05,-3.2169e-05,-4.8541e-05,-6.6762e-05,-8.6063e-05,-0.00010551,-0.00012402,-0.00014033,-0.00015303,-0.00016056,-0.00016116,-0.00015295,-0.00013384,-0.00010155,-5.3631e-05,1.2601e-05,0.00010004,0.00021183,0.00035136,0.00052228,0.00072854,0.00097437,0.0012643,0.0016033,0.0019965,0.0024494,0.0029678,0.0035578,0.0042257,0.0049781,0.0058217,0.0067634,0.0078099,0.0089675,0.010243,0.011641,0.013168,0.014828,0.016623,0.018556,0.020626,0.022831,0.025166,0.027625,0.030197,0.032869,0.035625,0.038445,0.041304,0.044176,0.047029,0.049829,0.05254,0.055121,0.057531,0.059727,0.061666,0.063305,0.064603,0.065521,0.066022,0.066075,0.065655,0.06474,0.063319,0.061386,0.058945,0.056012,0.052609,0.048771,0.044545,0.039992,0.035187,0.030225,0.025213,0.020276,0.015556,0.011203,0.0073723,0.0042172,0.0018735,0.00044771
-3.7869e-06,-1.6711e-05,-3.9156e-05,-7.1301e-05,-0.00011313,-0.00016443,-0.00022486,-0.00029388,-0.00037083,-0.0004549,-0.00054518,-0.00064059,-0.00073996,-0.00084199,-0.00094525,-0.0010482,-0.0011491,-0.0012462,-0.0013376,-0.0014209,-0.0014941,-0.0015545,-0.0015995,-0.0016261,-0.0016312,-0.0016114,-0.0015629,-0.0014818,-0.0013636,-0.0012038,-0.00099735,-0.00073885,-0.00042255,-4.2339e-05,0.0004082,0.00093579,0.0015474,0.0022504,0.0030522,0.00396,0.004981,0.0061224,0.0073909,0.0087925,0.010332,0.012014,0.01384,0.015813,0.017929,0.020186,0.022578,0.025096,0.027726,0.030453,0.033257,0.036114,0.038998,0.041876,0.044716,0.047478,0.050123,0.052609,0.054891,0.056925,0.058669,0.060079,0.061115,0.061742,0.061927,0.061644,0.060875,0.059606,0.057833,0.055563,0.052811,0.049601,0.04597,0.041964,0.037646,0.03309,0.028388,0.023644,0.01898,0.014529,0.010435,0.0068427,0.0038949,0.001716,0.00040111
-1.0051e-05,-3.9012e-05,-8.635e-05,-0.00015142,-0.00023346,-0.00033163,-0.00044497,-0.00057246,-0.00071299,-0.00086536,-0.0010283,-0.0012005,-0.0013805,-0.0015668,-0.0017578,-0.0019519,-0.0021472,-0.0023419,-0.002534,-0.0027212,-0.0029013,-0.0030718,-0.0032299,-0.0033728,-0.0034972,-0.0035998,-0.0036767,-0.003724,-0.0037372,-0.0037117,-0.0036422,-0.0035232,-0.0033488,-0.0031126,-0.0028078,-0.0024272,-0.0019635,-0.0014089,-0.00075559,4.7049e-06,0.00087994,0.0018779,0.0030062,0.0042718,0.0056807,0.0072378,0.008947,0.01081,0.012827,0.014995,0.01731,0.019762,0.02234,0.02503,0.02781,0.030659,0.03355,0.03645,0.039327,0.04214,0.044851,0.047415,0.049788,0.051925,0.053781,0.055313,0.056481,0.057246,0.057578,0.057449,0.056839,0.055738,0.054143,0.052059,0.049503,0.046501,0.04309,0.039318,0.035245,0.030948,0.026513,0.022045,0.017659,0.013483,0.0096509,0.006301,0.0035636,0.0015527,0.00035191
-1.6399e-05,-6.1579e-05,-0.00013406,-0.00023235,-0.00035494,-0.00050032,-0.00066695,-0.0008533,-0.0010578,-0.0012789,-0.0015149,-0.0017643,-0.0020254,-0.0022965,-0.0025759,-0.0028618,-0.0031523,-0.0034455,-0.0037394,-0.0040316,-0.00432,-0.004602,-0.004875,-0.0051361,-0.005382,-0.0056095,-0.0058147,-0.0059937,-0.0061419,-0.0062545,-0.0063265,-0.0063519,-0.0063248,-0.0062384,-0.0060858,-0.0058594,-0.0055513,-0.0051534,-0.0046571,-0.0040537,-0.0033343,-0.0024902,-0.0015132,-0.00039543,0.00087056,0.0022906,0.0038699,0.0056112,0.0075156,0.0095819,0.011806,0.014181,0.016695,0.019335,0.022083,0.024914,0.027803,0.03072,0.033628,0.036491,0.039266,0.04191,0.044378,0.046623,0.0486,0.050264,0.051574,0.052492,0.052984,0.053025,0.052593,0.051677,0.050276,0.048396,0.046053,0.043276,0.0401,0.036576,0.032763,0.028736,0.024582,0.020399,0.016299,0.012405,0.0088426,0.0057405,0.0032193,0.0013815,0.00029941
-2.2817e-05,-8.435e-05,-0.00018215,-0.00031386,-0.00047722,-0.00067004,-0.00089018,-0.0011356,-0.0014043,-0.0016942,-0.0020036,-0.0023305,-0.002673,-0.0030292,-0.0033974,-0.0037755,-0.0041618,-0.0045541,-0.0049504,-0.0053486,-0.0057464,-0.0061412,-0.0065306,-0.0069116,-0.0072811,-0.0076358,-0.007972,-0.0082856,-0.0085722,-0.0088269,-0.0090446,-0.0092193,-0.0093448,-0.0094143,-0.0094205,-0.0093555,-0.009211,-0.0089784,-0.0086485,-0.0082119,-0.0076591,-0.0069805,-0.0061669,-0.0052094,-0.0040997,-0.0028303,-0.0013955,0.00020907,0.001986,0.0039353,0.0060542,0.0083365,0.010773,0.01335,0.016051,0.018853,0.021731,0.024653,0.027587,0.030493,0.03333,0.036054,0.038618,0.040975,0.043079,0.044885,0.046348,0.047432,0.0481,0.048326,0.048089,0.047378,0.04619,0.044532,0.042423,0.039888,0.036967,0.033708,0.030172,0.026431,0.02257,0.018686,0.014885,0.011283,0.0079997,0.0051544,0.0028574,0.0012001,0.00024289
-2.9286e-05,-0.00010726,-0.00023048,-0.00039572,-0.00059994,-0.00084026,-0.001114,-0.0014185,-0.0017514,-0.0021103,-0.002493,-0.0028973,-0.0033212,-0.0037627,-0.0042197,-0.0046903,-0.0051725,-0.0056643,-0.0061637,-0.0066684,-0.0071763,-0.007685,-0.008192,-0.0086944,-0.0091892,-0.0096732,-0.010143,-0.010594,-0.011022,-0.011423,-0.01179,-0.012119,-0.012403,-0.012634,-0.012806,-0.012909,-0.012937,-0.012878,-0.012724,-0.012465,-0.01209,-0.01159,-0.010952,-0.010169,-0.0092301,-0.0081269,-0.0068524,-0.0054009,-0.0037683,-0.0019533,4.2559e-05,0.0022151,0.0045563,0.0070541,0.009692,0.01245,0.015302,0.01822,0.021168,0.02411,0.027002,0.029802,0.032461,0.034933,0.03717,0.039124,0.040752,0.042014,0.042873,0.043302,0.04328,0.042793,0.041838,0.040425,0.03857,0.0363,0.033654,0.030681,0.027441,0.024005,0.020455,0.016886,0.013399,0.010103,0.007112,0.0045354,0.0024734,0.0010062,0.00018154
-3.5785e-05,-0.00013023,-0.00027889,-0.00047765,-0.00072269,-0.0010104,-0.0013376,-0.001701,-0.0020979,-0.0025255,-0.0029813,-0.0034629,-0.003968,-0.0044945,-0.0050402,-0.0056031,-0.0061813,-0.0067726,-0.0073752,-0.0079868,-0.0086054,-0.0092286,-0.009854,-0.010479,-0.011101,-0.011716,-0.012321,-0.012912,-0.013485,-0.014034,-0.014556,-0.015043,-0.01549,-0.015889,-0.016233,-0.016513,-0.01672,-0.016845,-0.016878,-0.016807,-0.016622,-0.016312,-0.015866,-0.015272,-0.014519,-0.013599,-0.012502,-0.011222,-0.0097527,-0.0080914,-0.0062381,-0.0041953,-0.0019696,0.00042865,0.002985,0.0056803,0.0084904,0.011387,0.014336,0.017302,0.020241,0.02311,0.025862,0.028449,0.03082,0.03293,0.034732,0.036184,0.03725,0.0379,0.038111,0.037869,0.037172,0.036026,0.034449,0.032469,0.030122,0.027459,0.024538,0.021428,0.018212,0.014977,0.011822,0.0088511,0.0061685,0.0038757,0.0020625,0.00079724,0.00011453
-4.2291e-05,-0.00015318,-0.00032721,-0.00055936,-0.00084501,-0.0011799,-0.0015602,-0.0019822,-0.0024427,-0.0029386,-0.003467,-0.0040253,-0.0046111,-0.0052221,-0.005856,-0.0065109,-0.0071846,-0.0078752,-0.0085808,-0.0092993,-0.010029,-0.010767,-0.011511,-0.01226,-0.013009,-0.013756,-0.014499,-0.015232,-0.015952,-0.016654,-0.017334,-0.017984,-0.018599,-0.019172,-0.019694,-0.020158,-0.020554,-0.020871,-0.0211,-0.02123,-0.021247,-0.021142,-0.020901,-0.020512,-0.019963,-0.019244,-0.018345,-0.017256,-0.015971,-0.014485,-0.012796,-0.010905,-0.0088176,-0.0065416,-0.0040896,-0.0014794,0.0012677,0.0041239,0.0070571,0.010031,0.013005,0.015934,0.018772,0.02147,0.023977,0.026247,0.02823,0.029885,0.031172,0.03206,0.032525,0.032552,0.032136,0.031284,0.030012,0.028348,0.026329,0.024002,0.021427,0.018671,0.015812,0.012936,0.010137,0.0075115,0.0051575,0.0031671,0.0016194,0.00057055,4.0914e-05
-4.8777e-05,-0.00017602,-0.00037524,-0.0006405,-0.00096642,-0.0013481,-0.0017809,-0.0022609,-0.0027843,-0.0033477,-0.003948,-0.0045822,-0.0052479,-0.0059426,-0.0066639,-0.00741,-0.0081786,-0.0089679,-0.009776,-0.010601,-0.011441,-0.012294,-0.013157,-0.014029,-0.014907,-0.015788,-0.016669,-0.017546,-0.018416,-0.019273,-0.020114,-0.020931,-0.021719,-0.022471,-0.023178,-0.023833,-0.024425,-0.024945,-0.025381,-0.025722,-0.025955,-0.026068,-0.026048,-0.025881,-0.025555,-0.025057,-0.024376,-0.023501,-0.022423,-0.021137,-0.019637,-0.017924,-0.016,-0.013871,-0.011549,-0.0090481,-0.0063896,-0.0035981,-0.00070331,0.0022602,0.0052517,0.0082273,0.011141,0.013944,0.016585,0.019016,0.021188,0.023055,0.024578,0.025723,0.026463,0.026783,0.026674,0.026144,0.025207,0.023889,0.022228,0.02027,0.018071,0.015698,0.013226,0.010738,0.0083216,0.006068,0.0040668,0.0024011,0.0011389,0.00032346,-4.023e-05
-5.5215e-05,-0.00019864,-0.00042276,-0.00072074,-0.0010864,-0.0015141,-0.0019988,-0.0025359,-0.0031213,-0.0037512,-0.0044223,-0.0051314,-0.0058758,-0.006653,-0.0074606,-0.0082967,-0.0091591,-0.010046,-0.010956,-0.011886,-0.012836,-0.013803,-0.014786,-0.015781,-0.016788,-0.017803,-0.018823,-0.019846,-0.020866,-0.021881,-0.022885,-0.023873,-0.024838,-0.025774,-0.026673,-0.027525,-0.028322,-0.029053,-0.029707,-0.030271,-0.030733,-0.03108,-0.031297,-0.03137,-0.031286,-0.03103,-0.030589,-0.029952,-0.029107,-0.028047,-0.026764,-0.025257,-0.023525,-0.021573,-0.019409,-0.017047,-0.014503,-0.011802,-0.0089717,-0.0060447,-0.0030587,-5.4411e-05,0.0029216,0.0058193,0.0085883,0.01118,0.013543,0.015631,0.017403,0.018822,0.01986,0.020497,0.020725,0.020546,0.019976,0.01904,0.017771,0.016216,0.01443,0.012475,0.010425,0.0083568,0.006355,0.0045033,0.0028833,0.0015686,0.00061521,5.2987e-05,-0.00012826
-6.1574e-05,-0.00022094,-0.00046955,-0.00079968,-0.0012043,-0.0016773,-0.0022129,-0.002806,-0.0034521,-0.0041473,-0.0048877,-0.0056702,-0.0064918,-0.00735,-0.0082425,-0.0091671,-0.010122,-0.011105,-0.012115,-0.01315,-0.014208,-0.015289,-0.016389,-0.017508,-0.018643,-0.019792,-0.020952,-0.02212,-0.023293,-0.024467,-0.025637,-0.026798,-0.027944,-0.029069,-0.030164,-0.03122,-0.03223,-0.033181,-0.034062,-0.034862,-0.035566,-0.036161,-0.036632,-0.036964,-0.037141,-0.037149,-0.036973,-0.036599,-0.036015,-0.03521,-0.034175,-0.032906,-0.031399,-0.029657,-0.027684,-0.025492,-0.023096,-0.020516,-0.017778,-0.014913,-0.011956,-0.0089481,-0.0059328,-0.0029571,-6.9463e-05,0.0026781,0.0052343,0.007549,0.0095811,0.011292,0.01265,0.01363,0.014223,0.01443,0.014262,0.013744,0.012907,0.011795,0.01046,0.0089628,0.0073727,0.0057638,0.0042136,0.0027993,0.0015933,0.00066026,4.2871e-05,-0.00024158,-0.00022309
-6.7819e-05,-0.00024281,-0.00051538,-0.00087692,-0.0013197,-0.0018368,-0.0024219,-0.0030697,-0.0037751,-0.0045338,-0.0053419,-0.006196,-0.007093,-0.0080304,-0.0090056,-0.010017,-0.011062,-0.012139,-0.013248,-0.014385,-0.015551,-0.016743,-0.01796,-0.0192,-0.020463,-0.021745,-0.023044,-0.024358,-0.025684,-0.027018,-0.028356,-0.029693,-0.031023,-0.03234,-0.033636,-0.034903,-0.036131,-0.037311,-0.03843,-0.039476,-0.040435,-0.041293,-0.042035,-0.042644,-0.043104,-0.043399,-0.043513,-0.04343,-0.043135,-0.042617,-0.041863,-0.040866,-0.03962,-0.038124,-0.036381,-0.034397,-0.032185,-0.029763,-0.027151,-0.02438,-0.021482,-0.018494,-0.015459,-0.012423,-0.009435,-0.006545,-0.0038036,-0.0012572,0.0010456,0.0030632,0.0047607,0.0061104,0.0071005,0.0077274,0.008001,0.0079412,0.0075786,0.0069532,0.0061147,0.0051206,0.0040355,0.002929,0.0018729,0.00093706,0.00018286,-0.00033356,-0.00057958,-0.00055947,-0.0003257
-7.3914e-05,-0.0002641,-0.00055996,-0.00095201,-0.0014318,-0.0019916,-0.0026249,-0.0033256,-0.0040884,-0.0049087,-0.0057824,-0.0067059,-0.0076761,-0.0086903,-0.009746,-0.010841,-0.011975,-0.013144,-0.014348,-0.015586,-0.016856,-0.018158,-0.01949,-0.02085,-0.022238,-0.023652,-0.02509,-0.026549,-0.028028,-0.029522,-0.031028,-0.032542,-0.034058,-0.03557,-0.037071,-0.038553,-0.040008,-0.041423,-0.042789,-0.044092,-0.045319,-0.046455,-0.047483,-0.048389,-0.049153,-0.049758,-0.050188,-0.050424,-0.05045,-0.050252,-0.049814,-0.049127,-0.048181,-0.046973,-0.0455,-0.043767,-0.041781,-0.039557,-0.037113,-0.034473,-0.031668,-0.028732,-0.025706,-0.022633,-0.01956,-0.016537,-0.013615,-0.010842,-0.0082674,-0.0059349,-0.0038813,-0.002133,-0.00071284,0.00037146,0.0011265,0.0015695,0.0017275,0.0016376,0.0013456,0.00090502,0.00037562,-0.00017882,-0.00069338,-0.0011054,-0.0013577,-0.0014135,-0.0012556,-0.00090552,-0.00043779
-7.982e-05,-0.00028469,-0.00060304,-0.0010245,-0.0015399,-0.002141,-0.0028205,-0.0035722,-0.0043903,-0.0052699,-0.0062067,-0.007197,-0.0082377,-0.0093259,-0.010459,-0.011636,-0.012854,-0.014113,-0.01541,-0.016745,-0.018118,-0.019526,-0.02097,-0.022448,-0.02396,-0.025503,-0.027077,-0.02868,-0.03031,-0.031964,-0.033638,-0.035329,-0.037032,-0.038742,-0.040451,-0.042152,-0.043837,-0.045496,-0.047116,-0.048686,-0.050193,-0.05162,-0.052952,-0.054171,-0.055261,-0.0562,-0.056972,-0.057557,-0.057936,-0.058092,-0.058008,-0.05767,-0.057067,-0.05619,-0.055034,-0.053598,-0.051886,-0.049907,-0.047676,-0.045212,-0.042542,-0.039697,-0.036713,-0.033631,-0.030497,-0.027359,-0.024267,-0.021271,-0.01842,-0.01576,-0.013331,-0.011164,-0.0092856,-0.0077085,-0.0064305,-0.0054385,-0.0047095,-0.0042106,-0.0039004,-0.0037301,-0.0036457,-0.0035898,-0.003505,-0.0033374,-0.003042,-0.0025943,-0.0019949,-0.0012847,-0.00056106
-8.5496e-05,-0.00030445,-0.00064431,-0.0010939,-0.0016433,-0.0022838,-0.0030075,-0.0038078,-0.0046786,-0.0056148,-0.0066119,-0.0076662,-0.0087742,-0.0099333,-0.011141,-0.012396,-0.013696,-0.01504,-0.016427,-0.017856,-0.019327,-0.020839,-0.022391,-0.023984,-0.025615,-0.027286,-0.028993,-0.030738,-0.032516,-0.034328,-0.036169,-0.038037,-0.039927,-0.041834,-0.043753,-0.045677,-0.047596,-0.049503,-0.051385,-0.053231,-0.055028,-0.056759,-0.05841,-0.059961,-0.061396,-0.062693,-0.063834,-0.064796,-0.065561,-0.066107,-0.066416,-0.066471,-0.066255,-0.065757,-0.064967,-0.063879,-0.062493,-0.060812,-0.058845,-0.056608,-0.054122,-0.051412,-0.048511,-0.045458,-0.042293,-0.039063,-0.035818,-0.032606,-0.029479,-0.026483,-0.023663,-0.021054,-0.018686,-0.016579,-0.014734,-0.013143,-0.01179,-0.010644,-0.0096712,-0.0088278,-0.0080664,-0.0073373,-0.0065917,-0.0057862,-0.0048892,-0.0038898,-0.0028068,-0.0017017,-0.00069707
-9.0897e-05,-0.00032321,-0.00068346,-0.0011597,-0.0017413,-0.002419,-0.0031845,-0.0040307,-0.0049514,-0.0059412,-0.0069953,-0.00811,-0.0092819,-0.010508,-0.011787,-0.013115,-0.014493,-0.015919,-0.017392,-0.018911,-0.020476,-0.022087,-0.023744,-0.025447,-0.027195,-0.028988,-0.030826,-0.032707,-0.034632,-0.036598,-0.038604,-0.040646,-0.042722,-0.044827,-0.046956,-0.049102,-0.051259,-0.053417,-0.055567,-0.057696,-0.059791,-0.061839,-0.063821,-0.065722,-0.067521,-0.069199,-0.070734,-0.072104,-0.073286,-0.07426,-0.075002,-0.075492,-0.075711,-0.075641,-0.07527,-0.074586,-0.073582,-0.072256,-0.070613,-0.06866,-0.066413,-0.063892,-0.061124,-0.058142,-0.054985,-0.051695,-0.048319,-0.044907,-0.041509,-0.038174,-0.03495,-0.031876,-0.028988,-0.02631,-0.023852,-0.021611,-0.019575,-0.017721,-0.01602,-0.014436,-0.012929,-0.011459,-0.0099854,-0.0084782,-0.0069194,-0.0053142,-0.0036999,-0.002161,-0.00084721
-9.5979e-05,-0.00034082,-0.00072017,-0.0012213,-0.0018331,-0.0025455,-0.0033501,-0.0042393,-0.0052065,-0.0062463,-0.0073539,-0.0085252,-0.0097569,-0.011046,-0.012391,-0.01379,-0.015241,-0.016743,-0.018297,-0.019901,-0.021556,-0.023262,-0.025018,-0.026826,-0.028686,-0.030597,-0.03256,-0.034575,-0.036641,-0.038757,-0.040924,-0.043137,-0.045396,-0.047696,-0.050033,-0.052403,-0.054797,-0.057209,-0.059629,-0.062047,-0.064449,-0.066821,-0.069148,-0.071412,-0.073594,-0.075673,-0.077627,-0.079432,-0.081066,-0.082502,-0.083718,-0.084688,-0.085389,-0.085801,-0.085904,-0.085682,-0.085122,-0.084215,-0.082958,-0.081354,-0.079409,-0.077137,-0.074559,-0.071703,-0.0686,-0.065289,-0.061816,-0.058226,-0.05457,-0.050898,-0.047261,-0.043703,-0.040265,-0.036977,-0.033859,-0.030914,-0.028135,-0.025507,-0.023007,-0.020609,-0.018282,-0.015995,-0.013721,-0.011441,-0.0091544,-0.0068824,-0.0046836,-0.0026672,-0.0010129
-0.00010069,-0.00035712,-0.00075411,-0.0012782,-0.0019177,-0.0026623,-0.0035028,-0.0044316,-0.0054418,-0.0065278,-0.0076846,-0.0089083,-0.010195,-0.011543,-0.01295,-0.014413,-0.015932,-0.017507,-0.019136,-0.02082,-0.022559,-0.024353,-0.026204,-0.028111,-0.030076,-0.0321,-0.034182,-0.036324,-0.038526,-0.040788,-0.043109,-0.045489,-0.047926,-0.050417,-0.05296,-0.05555,-0.058181,-0.060846,-0.063538,-0.066247,-0.06896,-0.071664,-0.074345,-0.076985,-0.079565,-0.082064,-0.08446,-0.086728,-0.088843,-0.090778,-0.092506,-0.094001,-0.095234,-0.096181,-0.096816,-0.097117,-0.097066,-0.096645,-0.095845,-0.094659,-0.093086,-0.091133,-0.088812,-0.086143,-0.083151,-0.079871,-0.076341,-0.072606,-0.068714,-0.064716,-0.060664,-0.056608,-0.052593,-0.048658,-0.044834,-0.041128,-0.037543,-0.03407,-0.030697,-0.027407,-0.024178,-0.020993,-0.017837,-0.014707,-0.011617,-0.0086108,-0.005768,-0.0032252,-0.0011955
-0.00010499,-0.00037194,-0.00078492,-0.0013299,-0.0019945,-0.002768,-0.0036411,-0.0046057,-0.0056549,-0.0067828,-0.0079844,-0.0092556,-0.010593,-0.011994,-0.013457,-0.01498,-0.016562,-0.018202,-0.019901,-0.021658,-0.023475,-0.025352,-0.02729,-0.02929,-0.031354,-0.033483,-0.035677,-0.03794,-0.04027,-0.04267,-0.04514,-0.04768,-0.050289,-0.052966,-0.055708,-0.058513,-0.061377,-0.064294,-0.067256,-0.070256,-0.073282,-0.076323,-0.079364,-0.08239,-0.08538,-0.088316,-0.091173,-0.093927,-0.096552,-0.099019,-0.1013,-0.10336,-0.10518,-0.10671,-0.10794,-0.10883,-0.10935,-0.10949,-0.10922,-0.10853,-0.1074,-0.10585,-0.10386,-0.10145,-0.098637,-0.095449,-0.091916,-0.08808,-0.083985,-0.079681,-0.075222,-0.070661,-0.066049,-0.061434,-0.056858,-0.052336,-0.047879,-0.043488,-0.039162,-0.034895,-0.030677,-0.026504,-0.022377,-0.018309,-0.014335,-0.010518,-0.0069644,-0.0038408,-0.0013968
-0.00010882,-0.00038511,-0.00081224,-0.0013756,-0.0020625,-0.0028616,-0.0037636,-0.0047599,-0.0058436,-0.0070086,-0.00825,-0.0095636,-0.010946,-0.012395,-0.013908,-0.015484,-0.017122,-0.018822,-0.020584,-0.022409,-0.024296,-0.026248,-0.028266,-0.030352,-0.032506,-0.034732,-0.037031,-0.039405,-0.041857,-0.044386,-0.046996,-0.049687,-0.05246,-0.055314,-0.058249,-0.061263,-0.064353,-0.067515,-0.070743,-0.074031,-0.07737,-0.080748,-0.084153,-0.087569,-0.090979,-0.094363,-0.097698,-0.10096,-0.10412,-0.10715,-0.11002,-0.11269,-0.11513,-0.11731,-0.11918,-0.12072,-0.12189,-0.12266,-0.123,-0.12289,-0.1223,-0.12122,-0.11965,-0.11759,-0.11504,-0.11201,-0.10854,-0.10466,-0.10041,-0.095838,-0.090992,-0.08593,-0.080709,-0.075386,-0.070017,-0.064625,-0.05923,-0.053846,-0.048483,-0.043147,-0.037844,-0.032586,-0.027389,-0.022288,-0.017336,-0.012624,-0.0082857,-0.0045203,-0.0016188
-0.00011212,-0.00039643,-0.00083571,-0.0014149,-0.0021207,-0.0029419,-0.0038685,-0.0048921,-0.0060055,-0.0072026,-0.0084783,-0.0098287,-0.01125,-0.012741,-0.014298,-0.015921,-0.017608,-0.019361,-0.021179,-0.023062,-0.025013,-0.027032,-0.029122,-0.031284,-0.03352,-0.035835,-0.038228,-0.040705,-0.043267,-0.045916,-0.048656,-0.051488,-0.054414,-0.057436,-0.060553,-0.063766,-0.067073,-0.070472,-0.073959,-0.077529,-0.081174,-0.084887,-0.088654,-0.092463,-0.096297,-0.10014,-0.10396,-0.10775,-0.11146,-0.11508,-0.11857,-0.12188,-0.125,-0.12786,-0.13045,-0.1327,-0.13459,-0.13607,-0.1371,-0.13765,-0.13769,-0.13719,-0.13613,-0.1345,-0.1323,-0.12953,-0.12621,-0.12236,-0.11801,-0.11322,-0.10802,-0.10247,-0.096648,-0.0906,-0.084401,-0.078086,-0.071688,-0.065234,-0.058746,-0.052246,-0.045757,-0.039306,-0.032931,-0.026689,-0.020658,-0.014955,-0.0097475,-0.0052716,-0.0018639
-0.00011485,-0.00040574,-0.00085496,-0.001447,-0.0021684,-0.0030076,-0.0039544,-0.0050004,-0.0061382,-0.0073619,-0.0086662,-0.010047,-0.011501,-0.013027,-0.014621,-0.016283,-0.018013,-0.019811,-0.021676,-0.023611,-0.025616,-0.027693,-0.029846,-0.032075,-0.034384,-0.036776,-0.039254,-0.041822,-0.044483,-0.047241,-0.050099,-0.05306,-0.056127,-0.059303,-0.06259,-0.065989,-0.069501,-0.073126,-0.07686,-0.080702,-0.084645,-0.088684,-0.092808,-0.097006,-0.10126,-0.10556,-0.10988,-0.1142,-0.11849,-0.12271,-0.12684,-0.13084,-0.13466,-0.13827,-0.14161,-0.14464,-0.14732,-0.14958,-0.15139,-0.15269,-0.15345,-0.15363,-0.15319,-0.1521,-0.15036,-0.14795,-0.14487,-0.14114,-0.13678,-0.13183,-0.12633,-0.12034,-0.11393,-0.10716,-0.1001,-0.092813,-0.085352,-0.077752,-0.070051,-0.062287,-0.054501,-0.046741,-0.03907,-0.031567,-0.024341,-0.017541,-0.011369,-0.0061044,-0.0021353
-0.00011694,-0.00041285,-0.0008696,-0.0014714,-0.0022046,-0.0030574,-0.0040197,-0.0050829,-0.0062396,-0.0074838,-0.0088104,-0.010215,-0.011696,-0.013249,-0.014873,-0.016567,-0.018331,-0.020165,-0.02207,-0.024047,-0.026097,-0.028223,-0.030428,-0.032714,-0.035084,-0.037543,-0.040094,-0.042741,-0.045488,-0.048341,-0.051303,-0.054379,-0.057572,-0.060888,-0.06433,-0.067901,-0.071602,-0.075436,-0.079403,-0.083502,-0.08773,-0.092082,-0.096551,-0.10113,-0.1058,-0.11056,-0.11537,-0.12022,-0.12509,-0.12994,-0.13473,-0.13943,-0.144,-0.14838,-0.15254,-0.1564,-0.15993,-0.16305,-0.16572,-0.16787,-0.16945,-0.17041,-0.1707,-0.17028,-0.16911,-0.16717,-0.16445,-0.16095,-0.15668,-0.15167,-0.14595,-0.13957,-0.1326,-0.12511,-0.11718,-0.1089,-0.10033,-0.091512,-0.082509,-0.073376,-0.064177,-0.054984,-0.045884,-0.036988,-0.028438,-0.020417,-0.013172,-0.0070307,-0.0024368
-0.00011835,-0.00041755,-0.00087925,-0.0014875,-0.0022284,-0.0030903,-0.0040629,-0.0051377,-0.0063073,-0.0075657,-0.008908,-0.01033,-0.011829,-0.013402,-0.015048,-0.016767,-0.018556,-0.020418,-0.022353,-0.024362,-0.026448,-0.028612,-0.030858,-0.033189,-0.035609,-0.038122,-0.040733,-0.043445,-0.046265,-0.049198,-0.052248,-0.055423,-0.058726,-0.062165,-0.065743,-0.069467,-0.073339,-0.077364,-0.081544,-0.085881,-0.090375,-0.095022,-0.09982,-0.10476,-0.10984,-0.11503,-0.12034,-0.12572,-0.13116,-0.13664,-0.14211,-0.14753,-0.15286,-0.15806,-0.16306,-0.16781,-0.17225,-0.1763,-0.17991,-0.183,-0.1855,-0.18736,-0.18849,-0.18886,-0.1884,-0.18707,-0.18485,-0.18171,-0.17766,-0.17269,-0.16685,-0.16017,-0.1527,-0.14454,-0.13575,-0.12646,-0.11673,-0.10663,-0.096244,-0.085637,-0.074903,-0.06414,-0.053468,-0.043031,-0.033009,-0.02363,-0.015188,-0.0080657,-0.0027737
-0.000119,-0.00041968,-0.00088354,-0.0014946,-0.002239,-0.003105,-0.0040825,-0.0051629,-0.0063391,-0.0076051,-0.008956,-0.010388,-0.011898,-0.013483,-0.015143,-0.016876,-0.018683,-0.020563,-0.022518,-0.02455,-0.02666,-0.028851,-0.031127,-0.033491,-0.035948,-0.038502,-0.041157,-0.04392,-0.046797,-0.049793,-0.052915,-0.05617,-0.059565,-0.063106,-0.066801,-0.070656,-0.074677,-0.07887,-0.08324,-0.087792,-0.092527,-0.097447,-0.10255,-0.10783,-0.11329,-0.11891,-0.12468,-0.13058,-0.13659,-0.14269,-0.14883,-0.15498,-0.16109,-0.16712,-0.173,-0.17868,-0.18408,-0.18913,-0.19375,-0.19787,-0.20139,-0.20425,-0.20636,-0.20765,-0.20804,-0.20747,-0.2059,-0.20328,-0.19959,-0.19482,-0.18899,-0.18212,-0.17426,-0.16549,-0.15588,-0.14559,-0.13468,-0.12325,-0.1114,-0.099212,-0.086815,-0.074339,-0.061937,-0.049793,-0.038133,-0.027236,-0.017452,-0.0092292,-0.0031526
-0.00011886,-0.00041904,-0.00088209,-0.0014921,-0.0022354,-0.0031003,-0.0040769,-0.0051568,-0.006333,-0.0075995,-0.0089517,-0.010386,-0.011898,-0.013488,-0.015153,-0.016892,-0.018706,-0.020594,-0.022559,-0.024603,-0.026726,-0.028933,-0.031226,-0.03361,-0.03609,-0.038669,-0.041355,-0.044153,-0.047069,-0.050111,-0.053286,-0.056601,-0.060066,-0.063688,-0.067475,-0.071437,-0.075581,-0.079916,-0.084449,-0.089186,-0.094134,-0.099296,-0.10468,-0.11027,-0.11608,-0.12209,-0.12831,-0.1347,-0.14126,-0.14796,-0.15476,-0.16163,-0.16852,-0.17539,-0.18217,-0.1888,-0.1952,-0.2013,-0.207,-0.21222,-0.21687,-0.22084,-0.22405,-0.22639,-0.22778,-0.22814,-0.22739,-0.22547,-0.22232,-0.21793,-0.21228,-0.20538,-0.19727,-0.18801,-0.17768,-0.1664,-0.15431,-0.14151,-0.12812,-0.11426,-0.10008,-0.085736,-0.071431,-0.057396,-0.043909,-0.031309,-0.020013,-0.010547,-0.0035825
-0.00011785,-0.00041544,-0.00087454,-0.0014795,-0.0022168,-0.0030752,-0.0040449,-0.0051178,-0.006287,-0.0075468,-0.0088925,-0.01032,-0.011828,-0.013412,-0.015073,-0.016809,-0.01862,-0.020507,-0.022471,-0.024514,-0.026639,-0.028849,-0.031146,-0.033537,-0.036024,-0.038615,-0.041314,-0.044129,-0.047067,-0.050135,-0.053342,-0.056696,-0.060208,-0.063886,-0.06774,-0.071782,-0.076021,-0.080467,-0.08513,-0.090021,-0.095147,-0.10052,-0.10613,-0.112,-0.11812,-0.1245,-0.13112,-0.13797,-0.14504,-0.15231,-0.15974,-0.16731,-0.17497,-0.18267,-0.19035,-0.19795,-0.20537,-0.21255,-0.21939,-0.22579,-0.23163,-0.23683,-0.24125,-0.24479,-0.24734,-0.2488,-0.24905,-0.24802,-0.24563,-0.24183,-0.23657,-0.22984,-0.22165,-0.21206,-0.20112,-0.18894,-0.17572,-0.16156,-0.14659,-0.13097,-0.11488,-0.098517,-0.082125,-0.065993,-0.050462,-0.035943,-0.022935,-0.012054,-0.0040757
-0.00011591,-0.00040871,-0.00086055,-0.0014562,-0.0021826,-0.0030288,-0.0039853,-0.0050444,-0.0061994,-0.0074449,-0.0087762,-0.01019,-0.011683,-0.013254,-0.014901,-0.016623,-0.018422,-0.020296,-0.022248,-0.02428,-0.026394,-0.028593,-0.030881,-0.033263,-0.035743,-0.038329,-0.041024,-0.043838,-0.046778,-0.049852,-0.053069,-0.056439,-0.059972,-0.06368,-0.067573,-0.071665,-0.075966,-0.08049,-0.085248,-0.090254,-0.095518,-0.10105,-0.10686,-0.11296,-0.11935,-0.12604,-0.13301,-0.14027,-0.14781,-0.1556,-0.16363,-0.17186,-0.18025,-0.18876,-0.19732,-0.20587,-0.21433,-0.22261,-0.23061,-0.23823,-0.24535,-0.25185,-0.25761,-0.26248,-0.26635,-0.26908,-0.27054,-0.27062,-0.26922,-0.26624,-0.26162,-0.2553,-0.24728,-0.23757,-0.22621,-0.21329,-0.19903,-0.18354,-0.167,-0.14956,-0.13145,-0.11291,-0.094232,-0.075776,-0.057953,-0.041263,-0.026302,-0.013797,-0.0046486
-0.000113,-0.00039868,-0.00083979,-0.0014217,-0.0021319,-0.00296,-0.003897,-0.0049354,-0.0060689,-0.0072922,-0.0086011,-0.009992,-0.011462,-0.01301,-0.014633,-0.016333,-0.018107,-0.019958,-0.021886,-0.023894,-0.025984,-0.028159,-0.030424,-0.032782,-0.03524,-0.037802,-0.040477,-0.043271,-0.046192,-0.04925,-0.052454,-0.055814,-0.059343,-0.063052,-0.066954,-0.071063,-0.075392,-0.079956,-0.08477,-0.089849,-0.095206,-0.10086,-0.10681,-0.11309,-0.11969,-0.12663,-0.1339,-0.14151,-0.14945,-0.15771,-0.16627,-0.1751,-0.18418,-0.19344,-0.20284,-0.21232,-0.22179,-0.23116,-0.24034,-0.24921,-0.25765,-0.26553,-0.27271,-0.27904,-0.28437,-0.28854,-0.29142,-0.29284,-0.29268,-0.2908,-0.2871,-0.2815,-0.27395,-0.2644,-0.2529,-0.23951,-0.22432,-0.20761,-0.18952,-0.17025,-0.15004,-0.12917,-0.10802,-0.086986,-0.06659,-0.04743,-0.030225,-0.015839,-0.0053246
-0.00010906,-0.00038517,-0.00081196,-0.0013756,-0.0020643,-0.0028683,-0.0037791,-0.0047897,-0.0058942,-0.0070876,-0.0083656,-0.0097251,-0.011163,-0.012678,-0.014269,-0.015934,-0.017674,-0.01949,-0.021383,-0.023354,-0.025407,-0.027545,-0.029771,-0.03209,-0.034508,-0.03703,-0.039665,-0.042418,-0.0453,-0.048319,-0.051486,-0.054811,-0.058308,-0.061988,-0.065866,-0.069958,-0.074277,-0.078842,-0.083668,-0.088773,-0.094175,-0.09989,-0.10594,-0.11233,-0.11908,-0.1262,-0.1337,-0.14159,-0.14986,-0.15851,-0.16752,-0.17688,-0.18656,-0.19651,-0.20668,-0.21703,-0.22746,-0.23789,-0.24822,-0.25834,-0.26812,-0.27742,-0.28609,-0.29397,-0.30089,-0.30668,-0.31116,-0.31416,-0.3155,-0.31502,-0.31258,-0.30804,-0.3013,-0.29229,-0.28098,-0.2674,-0.25159,-0.23386,-0.21435,-0.19329,-0.17094,-0.14764,-0.1238,-0.099932,-0.076642,-0.054661,-0.034858,-0.018267,-0.0061361
-0.00010402,-0.00036805,-0.0007768,-0.0013175,-0.0019792,-0.002753,-0.003631,-0.0046068,-0.0056747,-0.0068301,-0.0080691,-0.0093883,-0.010785,-0.012258,-0.013805,-0.015426,-0.017121,-0.018891,-0.020735,-0.022658,-0.02466,-0.026745,-0.028917,-0.031181,-0.033543,-0.036007,-0.038582,-0.041276,-0.044096,-0.047053,-0.050157,-0.05342,-0.056855,-0.060476,-0.064297,-0.068335,-0.072606,-0.077128,-0.081921,-0.087003,-0.092395,-0.098116,-0.10419,-0.11063,-0.11746,-0.12469,-0.13234,-0.14041,-0.14892,-0.15787,-0.16724,-0.17703,-0.18721,-0.19775,-0.20861,-0.21973,-0.23104,-0.24246,-0.25389,-0.26522,-0.27632,-0.28704,-0.29724,-0.30673,-0.31535,-0.32289,-0.32916,-0.33395,-0.33706,-0.33829,-0.33745,-0.33436,-0.32885,-0.32081,-0.31014,-0.2968,-0.28082,-0.26234,-0.24163,-0.21891,-0.19446,-0.16866,-0.14197,-0.11499,-0.088458,-0.063243,-0.040406,-0.021202,-0.0071296
-9.7828e-05,-0.00034717,-0.00073412,-0.0012471,-0.0018764,-0.0026139,-0.0034525,-0.0043863,-0.0054102,-0.0065197,-0.0077112,-0.0089815,-0.010328,-0.011749,-0.013243,-0.014809,-0.016448,-0.018158,-0.019943,-0.021803,-0.023741,-0.025759,-0.027863,-0.030055,-0.032343,-0.034731,-0.037227,-0.039839,-0.042576,-0.045447,-0.048463,-0.051637,-0.054981,-0.05851,-0.062239,-0.066185,-0.070366,-0.074802,-0.079513,-0.08452,-0.089845,-0.095511,-0.10154,-0.10796,-0.11479,-0.12204,-0.12975,-0.13792,-0.14657,-0.1557,-0.16532,-0.17542,-0.18599,-0.197,-0.20841,-0.22019,-0.23226,-0.24456,-0.25698,-0.26943,-0.28178,-0.29389,-0.30559,-0.31672,-0.32708,-0.33647,-0.34467,-0.35145,-0.35658,-0.35983,-0.36095,-0.35971,-0.35591,-0.34934,-0.33984,-0.32731,-0.31166,-0.29291,-0.2714,-0.2473,-0.22091,-0.19263,-0.16298,-0.13265,-0.10248,-0.073556,-0.047155,-0.024817,-0.008372
-9.0442e-05,-0.00032244,-0.00068378,-0.0011644,-0.0017558,-0.002451,-0.0032436,-0.0041285,-0.005101,-0.0061569,-0.0072927,-0.0085054,-0.0097925,-0.011152,-0.012582,-0.014083,-0.015654,-0.017294,-0.019006,-0.020791,-0.02265,-0.024587,-0.026606,-0.028711,-0.030908,-0.033201,-0.035599,-0.038109,-0.040739,-0.0435,-0.046402,-0.049458,-0.052681,-0.056086,-0.059688,-0.063504,-0.067555,-0.071859,-0.076438,-0.081315,-0.086514,-0.09206,-0.097979,-0.1043,-0.11104,-0.11823,-0.12589,-0.13405,-0.14272,-0.15192,-0.16165,-0.17193,-0.18274,-0.19406,-0.20588,-0.21816,-0.23084,-0.24386,-0.25714,-0.27057,-0.28405,-0.29744,-0.31058,-0.32329,-0.33539,-0.34666,-0.35688,-0.3658,-0.37315,-0.37868,-0.38211,-0.38315,-0.38154,-0.377,-0.36929,-0.35821,-0.3436,-0.32536,-0.30355,-0.27854,-0.25054,-0.21996,-0.18735,-0.15346,-0.11929,-0.086107,-0.055493,-0.029355,-0.0099618
-8.1814e-05,-0.0002938,-0.00062577,-0.0010694,-0.0016177,-0.0022647,-0.0030052,-0.0038344,-0.0047483,-0.0057429,-0.006815,-0.0079616,-0.0091802,-0.010469,-0.011826,-0.01325,-0.014742,-0.0163,-0.017927,-0.019623,-0.02139,-0.023231,-0.025151,-0.027151,-0.029239,-0.031419,-0.033699,-0.036085,-0.038587,-0.041214,-0.043977,-0.046888,-0.04996,-0.053207,-0.056646,-0.060295,-0.064172,-0.068298,-0.072695,-0.077388,-0.0824,-0.08776,-0.093494,-0.09963,-0.1062,-0.11323,-0.12074,-0.12877,-0.13734,-0.14647,-0.15618,-0.16647,-0.17735,-0.18882,-0.20086,-0.21344,-0.22653,-0.24008,-0.25401,-0.26825,-0.28267,-0.29717,-0.31159,-0.32578,-0.33953,-0.35264,-0.36488,-0.37599,-0.38571,-0.39373,-0.39976,-0.40347,-0.40452,-0.40259,-0.39735,-0.38849,-0.37572,-0.35883,-0.33767,-0.31245,-0.28344,-0.25097,-0.21558,-0.17807,-0.13957,-0.10156,-0.065959,-0.035163,-0.012045
-7.1911e-05,-0.00026126,-0.00056022,-0.00096248,-0.0014627,-0.0020561,-0.0027384,-0.0035057,-0.0043541,-0.0052802,-0.0062808,-0.007353,-0.0084943,-0.0097025,-0.010976,-0.012314,-0.013715,-0.01518,-0.016709,-0.018303,-0.019964,-0.021695,-0.023499,-0.025379,-0.027341,-0.02939,-0.031532,-0.033774,-0.036125,-0.038595,-0.041193,-0.043931,-0.046822,-0.04988,-0.053122,-0.056565,-0.060227,-0.064129,-0.068294,-0.072747,-0.077512,-0.082617,-0.088092,-0.093966,-0.10027,-0.10704,-0.11429,-0.12208,-0.13041,-0.13933,-0.14884,-0.15898,-0.16975,-0.18116,-0.19321,-0.20589,-0.21916,-0.23299,-0.24733,-0.26211,-0.27723,-0.2926,-0.30807,-0.32351,-0.33873,-0.35353,-0.36769,-0.38096,-0.39306,-0.40369,-0.41251,-0.41919,-0.42334,-0.42457,-0.42247,-0.41664,-0.40666,-0.39218,-0.37286,-0.34848,-0.31939,-0.28578,-0.24812,-0.20718,-0.16416,-0.12076,-0.079286,-0.042743,-0.014841
-6.0723e-05,-0.00022491,-0.00048749,-0.00084438,-0.0012919,-0.0018268,-0.0024456,-0.003145,-0.0039217,-0.0047724,-0.0056941,-0.006684,-0.0077393,-0.0088581,-0.010038,-0.011279,-0.012579,-0.013938,-0.015357,-0.016837,-0.018378,-0.019984,-0.021657,-0.023401,-0.02522,-0.027119,-0.029104,-0.031183,-0.033362,-0.035651,-0.038059,-0.040597,-0.043279,-0.046118,-0.049128,-0.052327,-0.055734,-0.059368,-0.063253,-0.067411,-0.071869,-0.076654,-0.081796,-0.087325,-0.093275,-0.099677,-0.10657,-0.11398,-0.12194,-0.13049,-0.13965,-0.14945,-0.15991,-0.17105,-0.18288,-0.19539,-0.20857,-0.2224,-0.23685,-0.25186,-0.26737,-0.28328,-0.29949,-0.31587,-0.33226,-0.34849,-0.36433,-0.37957,-0.39393,-0.40712,-0.4188,-0.42861,-0.43615,-0.44098,-0.44264,-0.44062,-0.43442,-0.42349,-0.40732,-0.38546,-0.35762,-0.3241,-0.28514,-0.24138,-0.19398,-0.14477,-0.096469,-0.052821,-0.018686
-4.8283e-05,-0.00018503,-0.00040827,-0.00071632,-0.0011074,-0.0015794,-0.0021299,-0.0027562,-0.0034554,-0.0042244,-0.0050603,-0.0059602,-0.0069214,-0.0079417,-0.0090192,-0.010152,-0.01134,-0.012583,-0.013879,-0.015231,-0.016639,-0.018106,-0.019633,-0.021225,-0.022884,-0.024617,-0.026427,-0.028322,-0.030308,-0.032394,-0.034588,-0.036902,-0.039347,-0.041935,-0.044682,-0.047603,-0.050715,-0.054039,-0.057595,-0.061407,-0.0655,-0.069901,-0.074639,-0.079744,-0.08525,-0.09119,-0.097599,-0.10451,-0.11197,-0.11999,-0.12863,-0.13791,-0.14785,-0.15849,-0.16984,-0.18191,-0.19471,-0.20822,-0.22244,-0.23732,-0.25282,-0.26888,-0.28541,-0.30232,-0.31946,-0.3367,-0.35385,-0.3707,-0.38702,-0.40252,-0.4169,-0.42979,-0.44081,-0.44949,-0.45535,-0.45781,-0.45628,-0.45007,-0.4385,-0.42083,-0.39638,-0.36478,-0.32618,-0.2809,-0.22984,-0.17481,-0.11882,-0.066443,-0.024099
-3.4695e-05,-0.00014212,-0.00032372,-0.00058031,-0.00091192,-0.0013177,-0.0017961,-0.0023449,-0.0029615,-0.0036431,-0.0043866,-0.0051893,-0.0060484,-0.0069616,-0.0079269,-0.0089427,-0.010008,-0.011122,-0.012284,-0.013496,-0.014757,-0.016071,-0.017438,-0.018862,-0.020346,-0.021894,-0.023512,-0.025204,-0.026977,-0.028839,-0.030798,-0.032863,-0.035045,-0.037356,-0.039808,-0.042417,-0.0452,-0.048173,-0.051357,-0.054774,-0.058447,-0.062403,-0.066669,-0.071275,-0.076252,-0.081633,-0.087455,-0.093751,-0.10056,-0.10792,-0.11586,-0.12442,-0.13364,-0.14354,-0.15415,-0.16549,-0.17759,-0.19043,-0.20403,-0.21838,-0.23344,-0.24917,-0.26553,-0.28244,-0.2998,-0.3175,-0.33539,-0.35331,-0.37106,-0.3884,-0.40505,-0.4207,-0.43498,-0.44745,-0.45763,-0.46495,-0.46875,-0.46827,-0.46267,-0.45099,-0.43221,-0.40529,-0.36959,-0.32509,-0.27212,-0.21207,-0.14796,-0.08511,-0.031898
-2.0203e-05,-9.7121e-05,-0.00023574,-0.0004394,-0.00070978,-0.0010472,-0.0014506,-0.0019184,-0.0024481,-0.003037,-0.0036822,-0.0043809,-0.0051302,-0.0059279,-0.0067717,-0.0076601,-0.0085918,-0.009566,-0.010582,-0.011641,-0.012744,-0.01389,-0.015083,-0.016325,-0.017618,-0.018967,-0.020374,-0.021847,-0.023388,-0.025007,-0.026709,-0.028503,-0.030398,-0.032405,-0.034535,-0.036802,-0.039221,-0.041807,-0.044579,-0.047556,-0.050761,-0.054216,-0.057947,-0.061983,-0.066352,-0.071086,-0.076219,-0.081784,-0.087819,-0.094359,-0.10144,-0.1091,-0.11738,-0.12631,-0.13592,-0.14625,-0.15731,-0.16912,-0.18171,-0.19507,-0.2092,-0.22409,-0.2397,-0.256,-0.27292,-0.29039,-0.30831,-0.32655,-0.34497,-0.36339,-0.38159,-0.39931,-0.41624,-0.43202,-0.44621,-0.45828,-0.4676,-0.47342,-0.47482,-0.47071,-0.4598,-0.44063,-0.41159,-0.37149,-0.3199,-0.25721,-0.18569,-0.11091,-0.043384
-5.2956e-06,-5.1593e-05,-0.00014736,-0.00029815,-0.00050705,-0.00077519,-0.0011021,-0.0014864,-0.0019257,-0.0024174,-0.0029587,-0.0035468,-0.0041789,-0.0048526,-0.005566,-0.0063172,-0.007105,-0.0079285,-0.0087873,-0.0096815,-0.010612,-0.011578,-0.012584,-0.013629,-0.014717,-0.01585,-0.017033,-0.018268,-0.019561,-0.020918,-0.022344,-0.023847,-0.025433,-0.027114,-0.028897,-0.030795,-0.032821,-0.034987,-0.037311,-0.039808,-0.042499,-0.045404,-0.048545,-0.051947,-0.055637,-0.059643,-0.063996,-0.068726,-0.073868,-0.079456,-0.085525,-0.092112,-0.099254,-0.10698,-0.11534,-0.12436,-0.13406,-0.14448,-0.15564,-0.16757,-0.18026,-0.19373,-0.20797,-0.22298,-0.23871,-0.25514,-0.27222,-0.28985,-0.30796,-0.32643,-0.34511,-0.36382,-0.38234,-0.40041,-0.41768,-0.43375,-0.44807,-0.46,-0.46869,-0.47306,-0.47174,-0.46299,-0.44468,-0.41428,-0.36948,-0.30906,-0.23331,-0.14654,-0.060683
9.0979e-06,-8.1631e-06,-6.3199e-05,-0.00016325,-0.00031232,-0.00051203,-0.00076219,-0.0010614,-0.0014076,-0.0017981,-0.0022303,-0.0027014,-0.0032089,-0.0037505,-0.0043242,-0.0049285,-0.005562,-0.0062239,-0.0069137,-0.0076313,-0.0083769,-0.0091514,-0.0099557,-0.010791,-0.01166,-0.012564,-0.013507,-0.014491,-0.01552,-0.016598,-0.017731,-0.018925,-0.020184,-0.021517,-0.022932,-0.024437,-0.026044,-0.027763,-0.029608,-0.031591,-0.03373,-0.036042,-0.038544,-0.041259,-0.044207,-0.047414,-0.050905,-0.054708,-0.058851,-0.063365,-0.068282,-0.073635,-0.079457,-0.085782,-0.092643,-0.10008,-0.10811,-0.11678,-0.12612,-0.13615,-0.1469,-0.15838,-0.17061,-0.18359,-0.19734,-0.21184,-0.22708,-0.24303,-0.25965,-0.27689,-0.29468,-0.31292,-0.33149,-0.35024,-0.36897,-0.38743,-0.40527,-0.42203,-0.43708,-0.44956,-0.45827,-0.46154,-0.45709,-0.44179,-0.41159,-0.36197,-0.28973,-0.19487,-0.087345
2.1272e-05,2.8897e-05,9.6882e-06,-4.4364e-05,-0.00013754,-0.00027145,-0.00044592,-0.00065959,-0.00091041,-0.001196,-0.0015139,-0.0018617,-0.0022371,-0.0026382,-0.0030631,-0.0035106,-0.0039794,-0.0044688,-0.0049783,-0.0055077,-0.0060572,-0.0066271,-0.0072183,-0.0078317,-0.0084686,-0.0091307,-0.00982,-0.010539,-0.01129,-0.012076,-0.012901,-0.013769,-0.014685,-0.015654,-0.016682,-0.017775,-0.018942,-0.020191,-0.021531,-0.022973,-0.024528,-0.026211,-0.028035,-0.030017,-0.032172,-0.03452,-0.037082,-0.039878,-0.042932,-0.046268,-0.049911,-0.053889,-0.058229,-0.06296,-0.068112,-0.073714,-0.079797,-0.086391,-0.093527,-0.10123,-0.10953,-0.11846,-0.12804,-0.13829,-0.14923,-0.16088,-0.17325,-0.18634,-0.20017,-0.21472,-0.23,-0.24598,-0.26263,-0.27992,-0.29779,-0.31616,-0.3349,-0.35383,-0.37264,-0.39088,-0.40782,-0.42232,-0.43254,-0.43562,-0.42713,-0.40038,-0.3463,-0.25631,-0.12931
2.822e-05,5.2813e-05,6.0784e-05,4.4689e-05,8.7617e-07,-7.1798e-05,-0.00017292,-0.00030117,-0.00045474,-0.00063166,-0.00082994,-0.0010477,-0.0012832,-0.0015349,-0.0018016,-0.0020821,-0.0023757,-0.0026817,-0.0029998,-0.0033298,-0.0036716,-0.0040255,-0.0043919,-0.0047714,-0.0051648,-0.005573,-0.0059972,-0.0064389,-0.0068997,-0.0073814,-0.0078863,-0.0084169,-0.008976,-0.0095669,-0.010193,-0.010859,-0.01157,-0.01233,-0.013146,-0.014025,-0.014974,-0.016001,-0.017115,-0.018328,-0.019649,-0.021092,-0.022669,-0.024395,-0.026285,-0.028355,-0.030623,-0.033107,-0.035828,-0.038804,-0.042058,-0.045612,-0.049488,-0.05371,-0.058303,-0.06329,-0.068697,-0.074549,-0.080872,-0.087691,-0.095031,-0.10292,-0.11138,-0.12044,-0.13013,-0.14046,-0.15149,-0.16323,-0.17572,-0.18901,-0.20315,-0.21818,-0.23418,-0.2512,-0.26929,-0.28848,-0.30867,-0.3296,-0.35058,-0.37016,-0.38537,-0.39049,-0.37465,-0.31837,-0.19448
2.4989e-05,5.3227e-05,7.4694e-05,8.4433e-05,8.0531e-05,6.2762e-05,3.1771e-05,-1.1391e-05,-6.5532e-05,-0.00012945,-0.00020203,-0.00028225,-0.00036922,-0.00046218,-0.00056049,-0.00066362,-0.00077119,-0.00088287,-0.00099847,-0.0011179,-0.001241,-0.0013679,-0.0014987,-0.0016337,-0.0017729,-0.0019168,-0.0020657,-0.0022202,-0.0023807,-0.0025479,-0.0027226,-0.0029056,-0.0030979,-0.0033007,-0.0035153,-0.0037432,-0.003986,-0.0042457,-0.0045245,-0.004825,-0.0051499,-0.0055023,-0.0058859,-0.0063045,-0.0067624,-0.0072644,-0.0078159,-0.0084225,-0.0090905,-0.0098266,-0.010638,-0.011533,-0.01252,-0.013608,-0.014806,-0.016126,-0.017577,-0.019173,-0.020925,-0.022847,-0.024953,-0.027259,-0.029781,-0.032537,-0.035545,-0.038825,-0.042401,-0.046296,-0.05054,-0.055163,-0.060202,-0.065702,-0.071717,-0.078312,-0.085572,-0.093605,-0.10255,-0.11259,-0.12397,-0.13699,-0.15207,-0.16971,-0.19049,-0.215,-0.24349,-0.27502,-0.30516,-0.31921,-0.2705
