9.236e-18,-7.4834e-09,-4.4777e-08,-1.1099e-07,-2.0024e-07,-3.0578e-07,-4.2134e-07,-5.4148e-07,-6.6163e-07,-7.7804e-07,-8.8769e-07,-9.881e-07,-1.0773e-06,-1.1538e-06,-1.2163e-06,-1.264e-06,-1.2961e-06,-1.3121e-06,-1.3118e-06,-1.2948e-06,-1.2611e-06,-1.2106e-06,-1.1434e-06,-1.0594e-06,-9.5896e-07,-8.4211e-07,-7.0906e-07,-5.6006e-07,-3.9534e-07,-2.152e-07,-1.9962e-08,1.9002e-07,4.1435e-07,6.5259e-07,9.0424e-07,1.1688e-06,1.4455e-06,1.7339e-06,2.0331e-06,2.3423e-06,2.6607e-06,2.9872e-06,3.3208e-06,3.6604e-06,4.0047e-06,4.3524e-06,4.7022e-06,5.0525e-06,5.4018e-06,5.7486e-06,6.0912e-06,6.428e-06,6.7573e-06,7.0773e-06,7.3865e-06,7.683e-06,7.9653e-06,8.2319e-06,8.4811e-06,8.7117e-06,8.9223e-06,9.1118e-06,9.2792e-06,9.4236e-06,9.5446e-06,9.6415e-06,9.7143e-06,9.7628e-06,9.7875e-06,9.7887e-06,9.7672e-06,9.724e-06,9.6604e-06,9.5777e-06,9.4779e-06,9.363e-06,9.235e-06,9.0967e-06,8.9508e-06,8.8003e-06,8.6485e-06,8.4991e-06,8.3558e-06,8.2229e-06,8.1048e-06,8.0061e-06,7.9312e-06,7.8836e-06,7.8645e-06,7.8684e-06
7.4885e-09,7.5342e-12,-3.4045e-08,-9.2442e-08,-1.7039e-07,-2.6257e-07,-3.6386e-07,-4.6962e-07,-5.7583e-07,-6.7909e-07,-7.7655e-07,-8.6588e-07,-9.4517e-07,-1.0129e-06,-1.0678e-06,-1.109e-06,-1.1357e-06,-1.1474e-06,-1.1436e-06,-1.1242e-06,-1.0889e-06,-1.0376e-06,-9.7044e-07,-8.8734e-07,-7.8841e-07,-6.738e-07,-5.4366e-07,-3.9822e-07,-2.377e-07,-6.2374e-08,1.2744e-07,3.314e-07,5.4913e-07,7.8017e-07,1.0241e-06,1.2803e-06,1.5482e-06,1.8271e-06,2.1164e-06,2.4152e-06,2.7226e-06,3.0378e-06,3.3596e-06,3.687e-06,4.0188e-06,4.3537e-06,4.6904e-06,5.0275e-06,5.3636e-06,5.697e-06,6.0264e-06,6.35e-06,6.6663e-06,6.9737e-06,7.2706e-06,7.5554e-06,7.8265e-06,8.0825e-06,8.3221e-06,8.5438e-06,8.7465e-06,8.9292e-06,9.0908e-06,9.2308e-06,9.3484e-06,9.4434e-06,9.5156e-06,9.5649e-06,9.5917e-06,9.5965e-06,9.58e-06,9.5431e-06,9.4872e-06,9.4135e-06,9.3239e-06,9.2203e-06,9.1048e-06,8.9797e-06,8.8478e-06,8.7119e-06,8.575e-06,8.4405e-06,8.3119e-06,8.1928e-06,8.0872e-06,7.9988e-06,7.9312e-06,7.8873e-06,7.8683e-06,7.8723e-06
4.4864e-08,3.4076e-08,-9.7915e-11,-5.4631e-08,-1.2535e-07,-2.0794e-07,-2.9822e-07,-3.9231e-07,-4.8676e-07,-5.7858e-07,-6.652e-07,-7.4445e-07,-8.1456e-07,-8.7404e-07,-9.2173e-07,-9.5666e-07,-9.781e-07,-9.8548e-07,-9.7836e-07,-9.5646e-07,-9.1957e-07,-8.6756e-07,-8.004e-07,-7.1809e-07,-6.2069e-07,-5.0832e-07,-3.8111e-07,-2.3926e-07,-8.2979e-08,8.7476e-08,2.7181e-07,4.6969e-07,6.8075e-07,9.0455e-07,1.1406e-06,1.3885e-06,1.6475e-06,1.9171e-06,2.1965e-06,2.4849e-06,2.7815e-06,3.0855e-06,3.3957e-06,3.7112e-06,4.0308e-06,4.3532e-06,4.6773e-06,5.0016e-06,5.3248e-06,5.6454e-06,5.962e-06,6.273e-06,6.5769e-06,6.8723e-06,7.1575e-06,7.4311e-06,7.6916e-06,7.9377e-06,8.168e-06,8.3814e-06,8.5767e-06,8.7528e-06,8.9091e-06,9.0447e-06,9.1592e-06,9.2523e-06,9.3237e-06,9.3736e-06,9.4023e-06,9.4103e-06,9.3982e-06,9.367e-06,9.318e-06,9.2524e-06,9.172e-06,9.0785e-06,8.974e-06,8.8608e-06,8.7413e-06,8.6181e-06,8.4941e-06,8.3724e-06,8.256e-06,8.1482e-06,8.0524e-06,7.9718e-06,7.9095e-06,7.8679e-06,7.8493e-06,7.8534e-06
1.1147e-07,9.268e-08,5.4211e-08,-6.4528e-10,-6.8377e-08,-1.4547e-07,-2.2853e-07,-3.1434e-07,-3.9999e-07,-4.8289e-07,-5.6078e-07,-6.3173e-07,-6.9411e-07,-7.4655e-07,-7.8794e-07,-8.1738e-07,-8.3413e-07,-8.3764e-07,-8.2748e-07,-8.0333e-07,-7.6497e-07,-7.1226e-07,-6.4513e-07,-5.6357e-07,-4.6762e-07,-3.5735e-07,-2.3291e-07,-9.4451e-08,5.7828e-08,2.2369e-07,4.0285e-07,5.95e-07,7.9978e-07,1.0168e-06,1.2456e-06,1.4856e-06,1.7363e-06,1.9972e-06,2.2674e-06,2.5463e-06,2.833e-06,3.1266e-06,3.4263e-06,3.7309e-06,4.0394e-06,4.3506e-06,4.6632e-06,4.9761e-06,5.2878e-06,5.5969e-06,5.9021e-06,6.202e-06,6.495e-06,6.7796e-06,7.0546e-06,7.3184e-06,7.5696e-06,7.807e-06,8.0293e-06,8.2354e-06,8.4241e-06,8.5946e-06,8.7461e-06,8.8779e-06,8.9896e-06,9.0808e-06,9.1516e-06,9.2018e-06,9.2319e-06,9.2424e-06,9.2339e-06,9.2074e-06,9.1639e-06,9.1049e-06,9.0319e-06,8.9467e-06,8.8511e-06,8.7473e-06,8.6377e-06,8.5246e-06,8.4106e-06,8.2986e-06,8.1913e-06,8.0916e-06,8.0025e-06,7.9267e-06,7.867e-06,7.8258e-06,7.8053e-06,7.8065e-06
2.0176e-07,1.7128e-07,1.2492e-07,6.6214e-08,-2.0464e-09,-7.7075e-08,-1.5614e-07,-2.3662e-07,-3.1611e-07,-3.9241e-07,-4.6357e-07,-5.2792e-07,-5.84e-07,-6.3059e-07,-6.6666e-07,-6.9138e-07,-7.0408e-07,-7.0421e-07,-6.9137e-07,-6.6523e-07,-6.2558e-07,-5.7227e-07,-5.0522e-07,-4.2439e-07,-3.2981e-07,-2.2155e-07,-9.971e-08,3.5556e-08,1.8407e-07,3.4561e-07,5.1992e-07,7.067e-07,9.0562e-07,1.1163e-06,1.3383e-06,1.5711e-06,1.8142e-06,2.0669e-06,2.3288e-06,2.5989e-06,2.8765e-06,3.1609e-06,3.4509e-06,3.7458e-06,4.0443e-06,4.3454e-06,4.648e-06,4.9506e-06,5.2522e-06,5.5513e-06,5.8465e-06,6.1366e-06,6.42e-06,6.6955e-06,6.9615e-06,7.2169e-06,7.4601e-06,7.69e-06,7.9054e-06,8.1051e-06,8.2883e-06,8.4539e-06,8.6012e-06,8.7297e-06,8.8389e-06,8.9285e-06,8.9985e-06,9.0489e-06,9.08e-06,9.0923e-06,9.0865e-06,9.0636e-06,9.0245e-06,8.9707e-06,8.9035e-06,8.8246e-06,8.7359e-06,8.6394e-06,8.5372e-06,8.4316e-06,8.3251e-06,8.22e-06,8.1189e-06,8.0245e-06,7.9392e-06,7.8656e-06,7.806e-06,7.7627e-06,7.7379e-06,7.7327e-06
3.0936e-07,2.6482e-07,2.0792e-07,1.4261e-07,7.1018e-08,-4.7123e-09,-8.2444e-08,-1.6009e-07,-2.3569e-07,-3.0743e-07,-3.7367e-07,-4.3297e-07,-4.8409e-07,-5.2594e-07,-5.5764e-07,-5.7843e-07,-5.8771e-07,-5.8497e-07,-5.6983e-07,-5.4201e-07,-5.0128e-07,-4.475e-07,-3.8058e-07,-3.005e-07,-2.0725e-07,-1.009e-07,1.8466e-08,1.5072e-07,2.9569e-07,4.5318e-07,6.2295e-07,8.0472e-07,9.9817e-07,1.2029e-06,1.4186e-06,1.6447e-06,1.8808e-06,2.1262e-06,2.3804e-06,2.6425e-06,2.912e-06,3.1879e-06,3.4694e-06,3.7555e-06,4.0452e-06,4.3374e-06,4.631e-06,4.9248e-06,5.2174e-06,5.5078e-06,5.7944e-06,6.076e-06,6.3513e-06,6.6188e-06,6.8773e-06,7.1254e-06,7.3618e-06,7.5854e-06,7.795e-06,7.9894e-06,8.1678e-06,8.3293e-06,8.4731e-06,8.5988e-06,8.7058e-06,8.7939e-06,8.863e-06,8.9133e-06,8.945e-06,8.9587e-06,8.9549e-06,8.9346e-06,8.8987e-06,8.8487e-06,8.7858e-06,8.7116e-06,8.628e-06,8.5367e-06,8.4398e-06,8.3395e-06,8.2378e-06,8.1372e-06,8.0399e-06,7.9481e-06,7.8642e-06,7.7904e-06,7.7287e-06,7.6811e-06,7.6495e-06,7.6354e-06
4.2829e-07,3.6838e-07,2.9917e-07,2.2522e-07,1.4815e-07,6.9525e-08,-9.0393e-09,-8.5921e-08,-1.5956e-07,-2.2849e-07,-2.9139e-07,-3.4705e-07,-3.9442e-07,-4.3261e-07,-4.6083e-07,-4.7845e-07,-4.8492e-07,-4.7981e-07,-4.6279e-07,-4.3359e-07,-3.9201e-07,-3.3792e-07,-2.7124e-07,-1.9193e-07,-9.9996e-08,4.5167e-09,1.2153e-07,2.5093e-07,3.9256e-07,5.4625e-07,7.1177e-07,8.8887e-07,1.0773e-06,1.2766e-06,1.4864e-06,1.7064e-06,1.936e-06,2.1747e-06,2.4219e-06,2.6769e-06,2.939e-06,3.2074e-06,3.4812e-06,3.7596e-06,4.0415e-06,4.3259e-06,4.6117e-06,4.8978e-06,5.1828e-06,5.4656e-06,5.7449e-06,6.0194e-06,6.2877e-06,6.5486e-06,6.8008e-06,7.0429e-06,7.2737e-06,7.492e-06,7.6967e-06,7.8868e-06,8.0613e-06,8.2193e-06,8.3602e-06,8.4835e-06,8.5886e-06,8.6754e-06,8.7438e-06,8.7938e-06,8.8258e-06,8.8402e-06,8.8377e-06,8.8191e-06,8.7855e-06,8.738e-06,8.678e-06,8.607e-06,8.5267e-06,8.4389e-06,8.3454e-06,8.2482e-06,8.1494e-06,8.051e-06,7.9551e-06,7.8639e-06,7.7792e-06,7.7031e-06,7.6373e-06,7.5835e-06,7.5432e-06,7.5185e-06
5.5334e-07,4.7747e-07,3.9485e-07,3.1086e-07,2.2671e-07,1.4349e-07,6.2371e-08,-1.5433e-08,-8.8723e-08,-1.5636e-07,-2.1729e-07,-2.7055e-07,-3.1529e-07,-3.5077e-07,-3.7635e-07,-3.915e-07,-3.9577e-07,-3.888e-07,-3.703e-07,-3.4004e-07,-2.9785e-07,-2.4363e-07,-1.7729e-07,-9.8814e-08,-8.1938e-09,9.4529e-08,2.0928e-07,3.3597e-07,4.7446e-07,6.2458e-07,7.8613e-07,9.5889e-07,1.1426e-06,1.3369e-06,1.5414e-06,1.7558e-06,1.9795e-06,2.2121e-06,2.453e-06,2.7016e-06,2.9571e-06,3.2188e-06,3.4859e-06,3.7575e-06,4.0327e-06,4.3104e-06,4.5895e-06,4.8689e-06,5.1475e-06,5.424e-06,5.6971e-06,5.9657e-06,6.2283e-06,6.4838e-06,6.7308e-06,6.968e-06,7.1943e-06,7.4084e-06,7.6093e-06,7.7959e-06,7.9673e-06,8.1226e-06,8.2612e-06,8.3825e-06,8.4861e-06,8.5717e-06,8.6393e-06,8.689e-06,8.7209e-06,8.7357e-06,8.7339e-06,8.7163e-06,8.6839e-06,8.6379e-06,8.5795e-06,8.5103e-06,8.4318e-06,8.3457e-06,8.2538e-06,8.158e-06,8.0601e-06,7.962e-06,7.8657e-06,7.773e-06,7.6857e-06,7.6055e-06,7.5339e-06,7.4724e-06,7.4221e-06,7.3857e-06
6.8004e-07,5.8807e-07,4.9146e-07,3.9652e-07,3.0414e-07,2.1504e-07,1.3001e-07,4.9925e-08,-2.4348e-08,-9.1956e-08,-1.521e-07,-2.0404e-07,-2.4713e-07,-2.8078e-07,-3.0449e-07,-3.1785e-07,-3.2049e-07,-3.1213e-07,-2.9255e-07,-2.6155e-07,-2.1901e-07,-1.6484e-07,-9.8973e-08,-2.1392e-08,6.7899e-08,1.6887e-07,2.8145e-07,4.0555e-07,5.4106e-07,6.8783e-07,8.4569e-07,1.0144e-06,1.1937e-06,1.3834e-06,1.5831e-06,1.7923e-06,2.0108e-06,2.2379e-06,2.4732e-06,2.716e-06,2.9657e-06,3.2216e-06,3.4829e-06,3.7486e-06,4.018e-06,4.2899e-06,4.5634e-06,4.8374e-06,5.1106e-06,5.3819e-06,5.6501e-06,5.9139e-06,6.1721e-06,6.4233e-06,6.6662e-06,6.8997e-06,7.1225e-06,7.3335e-06,7.5315e-06,7.7155e-06,7.8845e-06,8.0378e-06,8.1747e-06,8.2945e-06,8.3969e-06,8.4816e-06,8.5485e-06,8.5977e-06,8.6294e-06,8.6441e-06,8.6424e-06,8.6251e-06,8.5931e-06,8.5476e-06,8.4898e-06,8.4211e-06,8.343e-06,8.2572e-06,8.1653e-06,8.0691e-06,7.9703e-06,7.8708e-06,7.7723e-06,7.6765e-06,7.5849e-06,7.4991e-06,7.4204e-06,7.35e-06,7.2889e-06,7.2403e-06
8.046e-07,6.9668e-07,5.8585e-07,4.7939e-07,3.7799e-07,2.8206e-07,1.9209e-07,1.0864e-07,3.2306e-08,-3.6327e-08,-9.6689e-08,-1.4825e-07,-1.9055e-07,-2.2315e-07,-2.4569e-07,-2.5786e-07,-2.5942e-07,-2.5013e-07,-2.2985e-07,-1.9843e-07,-1.5579e-07,-1.0186e-07,-3.66e-08,4.0001e-08,1.2793e-07,2.2716e-07,3.3763e-07,4.5927e-07,5.9196e-07,7.3559e-07,8.8998e-07,1.055e-06,1.2303e-06,1.4157e-06,1.6109e-06,1.8156e-06,2.0292e-06,2.2515e-06,2.4818e-06,2.7196e-06,2.9643e-06,3.2151e-06,3.4713e-06,3.7321e-06,3.9966e-06,4.2638e-06,4.5328e-06,4.8023e-06,5.0712e-06,5.3385e-06,5.6029e-06,5.863e-06,6.1178e-06,6.3658e-06,6.6059e-06,6.8368e-06,7.0571e-06,7.2659e-06,7.4619e-06,7.6442e-06,7.8117e-06,7.9637e-06,8.0994e-06,8.2182e-06,8.3198e-06,8.4037e-06,8.4701e-06,8.5187e-06,8.5501e-06,8.5644e-06,8.5624e-06,8.5447e-06,8.5124e-06,8.4665e-06,8.4082e-06,8.3389e-06,8.26e-06,8.1731e-06,8.0798e-06,7.9818e-06,7.8807e-06,7.7782e-06,7.6759e-06,7.5755e-06,7.4783e-06,7.3856e-06,7.2987e-06,7.2185e-06,7.146e-06,7.0849e-06
9.2376e-07,8.0022e-07,6.7515e-07,5.5688e-07,4.4596e-07,3.4253e-07,2.4684e-07,1.5918e-07,7.991e-08,9.3861e-09,-5.2037e-08,-1.0403e-07,-1.4627e-07,-1.7851e-07,-2.0051e-07,-2.1207e-07,-2.1302e-07,-2.0324e-07,-1.8263e-07,-1.511e-07,-1.086e-07,-5.5107e-08,9.4079e-09,8.4939e-08,1.7147e-07,2.6897e-07,3.7738e-07,4.9664e-07,6.2666e-07,7.6733e-07,9.185e-07,1.08e-06,1.2517e-06,1.4332e-06,1.6244e-06,1.8249e-06,2.0343e-06,2.2522e-06,2.4781e-06,2.7116e-06,2.9519e-06,3.1984e-06,3.4505e-06,3.7072e-06,3.9677e-06,4.2312e-06,4.4965e-06,4.7626e-06,5.0283e-06,5.2926e-06,5.5542e-06,5.8119e-06,6.0644e-06,6.3104e-06,6.5486e-06,6.7779e-06,6.9968e-06,7.2044e-06,7.3994e-06,7.5808e-06,7.7476e-06,7.8989e-06,8.0341e-06,8.1524e-06,8.2535e-06,8.3371e-06,8.403e-06,8.4512e-06,8.482e-06,8.4957e-06,8.493e-06,8.4745e-06,8.4412e-06,8.3941e-06,8.3345e-06,8.2635e-06,8.1827e-06,8.0935e-06,7.9975e-06,7.8963e-06,7.7914e-06,7.6846e-06,7.5772e-06,7.4709e-06,7.3668e-06,7.2662e-06,7.1702e-06,7.0796e-06,6.9953e-06,6.9218e-06
1.0347e-06,8.9596e-07,7.5682e-07,6.2663e-07,5.0587e-07,3.9448e-07,2.9249e-07,1.9999e-07,1.171e-07,4.398e-08,-1.9202e-08,-7.2291e-08,-1.1514e-07,-1.4762e-07,-1.6963e-07,-1.8107e-07,-1.8188e-07,-1.7201e-07,-1.5141e-07,-1.2006e-07,-7.795e-08,-2.508e-08,3.8546e-08,1.1291e-07,1.9799e-07,2.9375e-07,4.0015e-07,5.1712e-07,6.4459e-07,7.8246e-07,9.3062e-07,1.0889e-06,1.2572e-06,1.4352e-06,1.6228e-06,1.8195e-06,2.0252e-06,2.2393e-06,2.4615e-06,2.6912e-06,2.9279e-06,3.1708e-06,3.4195e-06,3.6729e-06,3.9304e-06,4.1909e-06,4.4536e-06,4.7172e-06,4.9808e-06,5.2432e-06,5.5031e-06,5.7593e-06,6.0106e-06,6.2556e-06,6.4931e-06,6.7218e-06,6.9404e-06,7.1477e-06,7.3426e-06,7.524e-06,7.6909e-06,7.8423e-06,7.9775e-06,8.096e-06,8.1971e-06,8.2805e-06,8.3462e-06,8.394e-06,8.4243e-06,8.4372e-06,8.4335e-06,8.4138e-06,8.3789e-06,8.33e-06,8.2681e-06,8.1946e-06,8.1108e-06,8.0182e-06,7.9184e-06,7.8128e-06,7.703e-06,7.5906e-06,7.4769e-06,7.3635e-06,7.2515e-06,7.1421e-06,7.0363e-06,6.9347e-06,6.8383e-06,6.7526e-06
1.1351e-06,9.8152e-07,8.2853e-07,6.8646e-07,5.557e-07,4.3605e-07,3.2736e-07,2.2952e-07,1.4248e-07,6.6208e-08,6.9565e-10,-5.406e-08,-9.806e-08,-1.3131e-07,-1.5382e-07,-1.656e-07,-1.6667e-07,-1.5706e-07,-1.368e-07,-1.0591e-07,-6.4424e-08,-1.2369e-08,5.0224e-08,1.2332e-07,2.0689e-07,3.009e-07,4.0531e-07,5.2006e-07,6.4509e-07,7.8032e-07,9.2567e-07,1.081e-06,1.2462e-06,1.421e-06,1.6053e-06,1.7988e-06,2.0011e-06,2.2119e-06,2.4309e-06,2.6575e-06,2.8911e-06,3.1313e-06,3.3772e-06,3.6282e-06,3.8834e-06,4.142e-06,4.4029e-06,4.6651e-06,4.9275e-06,5.1889e-06,5.4482e-06,5.704e-06,5.9551e-06,6.2002e-06,6.438e-06,6.6672e-06,6.8865e-06,7.0946e-06,7.2903e-06,7.4726e-06,7.6403e-06,7.7926e-06,7.9286e-06,8.0477e-06,8.1493e-06,8.233e-06,8.2987e-06,8.3464e-06,8.376e-06,8.3882e-06,8.3832e-06,8.3619e-06,8.325e-06,8.2736e-06,8.2088e-06,8.132e-06,8.0443e-06,7.9474e-06,7.8426e-06,7.7315e-06,7.6157e-06,7.4965e-06,7.3755e-06,7.254e-06,7.1332e-06,7.0141e-06,6.8978e-06,6.785e-06,6.6764e-06,6.5786e-06
1.2226e-06,1.0547e-06,8.8819e-07,7.3434e-07,5.9354e-07,4.6547e-07,3.498e-07,2.4628e-07,1.5467e-07,7.48e-08,6.4933e-09,-5.0398e-08,-9.6012e-08,-1.3048e-07,-1.5391e-07,-1.6643e-07,-1.6814e-07,-1.5914e-07,-1.3951e-07,-1.0934e-07,-6.8696e-08,-1.764e-08,4.3774e-08,1.155e-07,1.975e-07,2.8973e-07,3.9215e-07,5.0473e-07,6.2741e-07,7.6015e-07,9.0285e-07,1.0554e-06,1.2178e-06,1.3897e-06,1.5711e-06,1.7616e-06,1.9611e-06,2.1692e-06,2.3854e-06,2.6095e-06,2.8408e-06,3.0787e-06,3.3227e-06,3.572e-06,3.8258e-06,4.0832e-06,4.3432e-06,4.6049e-06,4.8671e-06,5.1285e-06,5.3882e-06,5.6446e-06,5.8967e-06,6.1429e-06,6.3821e-06,6.6128e-06,6.8337e-06,7.0436e-06,7.2411e-06,7.4252e-06,7.5947e-06,7.7486e-06,7.8861e-06,8.0065e-06,8.1091e-06,8.1936e-06,8.2597e-06,8.3073e-06,8.3365e-06,8.3478e-06,8.3415e-06,8.3182e-06,8.279e-06,8.2246e-06,8.1564e-06,8.0754e-06,7.9831e-06,7.8809e-06,7.7703e-06,7.6527e-06,7.5298e-06,7.4029e-06,7.2736e-06,7.143e-06,7.0125e-06,6.8831e-06,6.7557e-06,6.6312e-06,6.5104e-06,6.4005e-06
1.2954e-06,1.1136e-06,9.3388e-07,7.6842e-07,6.1762e-07,4.8103e-07,3.5821e-07,2.4876e-07,1.5229e-07,6.8471e-08,-3.0023e-09,-6.2416e-08,-1.1003e-07,-1.461e-07,-1.7083e-07,-1.8444e-07,-1.8712e-07,-1.7903e-07,-1.6031e-07,-1.311e-07,-9.1516e-08,-4.1638e-08,1.8453e-08,8.8697e-08,1.6905e-07,2.5946e-07,3.599e-07,4.7035e-07,5.9076e-07,7.211e-07,8.6131e-07,1.0113e-06,1.1711e-06,1.3404e-06,1.5192e-06,1.7072e-06,1.9042e-06,2.1099e-06,2.324e-06,2.546e-06,2.7755e-06,3.0119e-06,3.2546e-06,3.503e-06,3.7561e-06,4.0132e-06,4.2732e-06,4.5353e-06,4.7981e-06,5.0607e-06,5.3216e-06,5.5798e-06,5.8338e-06,6.0822e-06,6.3238e-06,6.5571e-06,6.7807e-06,6.9933e-06,7.1937e-06,7.3805e-06,7.5526e-06,7.7091e-06,7.8488e-06,7.9712e-06,8.0754e-06,8.1612e-06,8.228e-06,8.2759e-06,8.305e-06,8.3154e-06,8.3076e-06,8.2824e-06,8.2404e-06,8.1827e-06,8.1104e-06,8.0247e-06,7.927e-06,7.8188e-06,7.7014e-06,7.5765e-06,7.4456e-06,7.31e-06,7.1714e-06,7.0309e-06,6.89e-06,6.7495e-06,6.6106e-06,6.474e-06,6.3408e-06,6.219e-06
1.3517e-06,1.1565e-06,9.6382e-07,7.8696e-07,6.2624e-07,4.8114e-07,3.5107e-07,2.3551e-07,1.3396e-07,4.5929e-08,-2.9004e-08,-9.1253e-08,-1.412e-07,-1.7919e-07,-2.0554e-07,-2.2056e-07,-2.245e-07,-2.1759e-07,-2.0004e-07,-1.7203e-07,-1.337e-07,-8.518e-08,-2.6557e-08,4.2091e-08,1.2071e-07,2.0926e-07,3.077e-07,4.1604e-07,5.3423e-07,6.6227e-07,8.0012e-07,9.4774e-07,1.1051e-06,1.272e-06,1.4485e-06,1.6343e-06,1.8292e-06,2.033e-06,2.2453e-06,2.4659e-06,2.6941e-06,2.9296e-06,3.1717e-06,3.4197e-06,3.6729e-06,3.9305e-06,4.1914e-06,4.4547e-06,4.7192e-06,4.9837e-06,5.247e-06,5.5079e-06,5.7648e-06,6.0166e-06,6.2616e-06,6.4985e-06,6.7259e-06,6.9424e-06,7.1466e-06,7.3371e-06,7.5129e-06,7.6727e-06,7.8156e-06,7.9406e-06,8.0472e-06,8.1348e-06,8.2029e-06,8.2515e-06,8.2806e-06,8.2903e-06,8.2812e-06,8.2538e-06,8.2089e-06,8.1475e-06,8.0707e-06,7.9798e-06,7.8761e-06,7.761e-06,7.6362e-06,7.5031e-06,7.3632e-06,7.2181e-06,7.0693e-06,6.9182e-06,6.766e-06,6.6139e-06,6.4629e-06,6.3139e-06,6.1681e-06,6.0344e-06
1.3899e-06,1.1816e-06,9.7638e-07,7.8834e-07,6.1783e-07,4.6424e-07,3.2689e-07,2.0512e-07,9.8323e-08,5.889e-09,-7.2735e-08,-1.3807e-07,-1.9061e-07,-2.3081e-07,-2.5906e-07,-2.7576e-07,-2.8122e-07,-2.7576e-07,-2.5961e-07,-2.3302e-07,-1.9614e-07,-1.4915e-07,-9.2141e-08,-2.5211e-08,5.1582e-08,1.382e-07,2.3462e-07,3.4083e-07,4.5684e-07,5.8264e-07,7.1823e-07,8.6359e-07,1.0187e-06,1.1835e-06,1.3579e-06,1.5417e-06,1.7349e-06,1.9371e-06,2.1482e-06,2.3677e-06,2.5952e-06,2.8303e-06,3.0724e-06,3.3208e-06,3.5748e-06,3.8336e-06,4.0962e-06,4.3615e-06,4.6285e-06,4.896e-06,5.1627e-06,5.4272e-06,5.6882e-06,5.9442e-06,6.1938e-06,6.4355e-06,6.6678e-06,6.8892e-06,7.0982e-06,7.2936e-06,7.4739e-06,7.6381e-06,7.785e-06,7.9137e-06,8.0233e-06,8.1134e-06,8.1834e-06,8.2331e-06,8.2625e-06,8.2719e-06,8.2614e-06,8.2319e-06,8.184e-06,8.1186e-06,8.037e-06,7.9404e-06,7.8301e-06,7.7076e-06,7.5746e-06,7.4324e-06,7.2829e-06,7.1274e-06,6.9677e-06,6.805e-06,6.6408e-06,6.4764e-06,6.3127e-06,6.1509e-06,5.9922e-06,5.8465e-06
1.4084e-06,1.1875e-06,9.7001e-07,7.7101e-07,5.9086e-07,4.2886e-07,2.8423e-07,1.5621e-07,4.4055e-08,-5.2932e-08,-1.3543e-07,-2.0406e-07,-2.5942e-07,-3.0205e-07,-3.3245e-07,-3.5106e-07,-3.583e-07,-3.545e-07,-3.3999e-07,-3.1501e-07,-2.7979e-07,-2.3449e-07,-1.7925e-07,-1.1417e-07,-3.9309e-08,4.5298e-08,1.3963e-07,2.4371e-07,3.5753e-07,4.8113e-07,6.1452e-07,7.5772e-07,9.1073e-07,1.0735e-06,1.246e-06,1.4282e-06,1.6199e-06,1.8209e-06,2.031e-06,2.2499e-06,2.4772e-06,2.7125e-06,2.9551e-06,3.2045e-06,3.46e-06,3.7207e-06,3.9857e-06,4.254e-06,4.5244e-06,4.7957e-06,5.0666e-06,5.3359e-06,5.6019e-06,5.8634e-06,6.1186e-06,6.3662e-06,6.6044e-06,6.8319e-06,7.047e-06,7.2482e-06,7.4343e-06,7.6038e-06,7.7557e-06,7.8889e-06,8.0025e-06,8.0958e-06,8.1684e-06,8.2198e-06,8.2501e-06,8.2594e-06,8.2479e-06,8.2163e-06,8.1653e-06,8.0959e-06,8.0092e-06,7.9064e-06,7.7891e-06,7.6586e-06,7.5166e-06,7.3647e-06,7.2047e-06,7.0381e-06,6.8665e-06,6.6916e-06,6.5147e-06,6.3372e-06,6.1603e-06,5.9852e-06,5.8133e-06,5.6554e-06
1.406e-06,1.1727e-06,9.4325e-07,7.3353e-07,5.439e-07,3.7358e-07,2.217e-07,8.7401e-08,-3.0162e-08,-1.3181e-07,-2.1831e-07,-2.904e-07,-3.4877e-07,-3.9403e-07,-4.2679e-07,-4.4754e-07,-4.5676e-07,-4.5485e-07,-4.4218e-07,-4.1902e-07,-3.8564e-07,-3.4222e-07,-2.8891e-07,-2.2582e-07,-1.5301e-07,-7.0512e-08,2.1665e-08,1.2354e-07,2.3516e-07,3.5655e-07,4.8778e-07,6.2887e-07,7.7988e-07,9.4081e-07,1.1116e-06,1.2923e-06,1.4828e-06,1.6829e-06,1.8924e-06,2.111e-06,2.3385e-06,2.5743e-06,2.818e-06,3.069e-06,3.3265e-06,3.5898e-06,3.858e-06,4.13e-06,4.4047e-06,4.6807e-06,4.9569e-06,5.2319e-06,5.5041e-06,5.772e-06,6.034e-06,6.2886e-06,6.534e-06,6.7687e-06,6.991e-06,7.1993e-06,7.3923e-06,7.5683e-06,7.7263e-06,7.865e-06,7.9835e-06,8.081e-06,8.1569e-06,8.2107e-06,8.2425e-06,8.2521e-06,8.2399e-06,8.2065e-06,8.1525e-06,8.0789e-06,7.9869e-06,7.8777e-06,7.7529e-06,7.6138e-06,7.4623e-06,7.3001e-06,7.1288e-06,6.9502e-06,6.7661e-06,6.5781e-06,6.3877e-06,6.1964e-06,6.0057e-06,5.8166e-06,5.631e-06,5.4605e-06
1.3811e-06,1.1358e-06,8.9471e-07,6.745e-07,4.7555e-07,2.9702e-07,1.3795e-07,-2.6115e-09,-1.2562e-07,-2.32e-07,-3.2261e-07,-3.9829e-07,-4.5982e-07,-5.079e-07,-5.4319e-07,-5.6628e-07,-5.7769e-07,-5.7788e-07,-5.6724e-07,-5.4611e-07,-5.1476e-07,-4.734e-07,-4.2219e-07,-3.6124e-07,-2.9062e-07,-2.1036e-07,-1.2045e-07,-2.0853e-08,8.8489e-08,2.0764e-07,3.3669e-07,4.7571e-07,6.2476e-07,7.8389e-07,9.5314e-07,1.1325e-06,1.3219e-06,1.5213e-06,1.7304e-06,1.9491e-06,2.1771e-06,2.414e-06,2.6592e-06,2.9123e-06,3.1725e-06,3.439e-06,3.711e-06,3.9875e-06,4.2672e-06,4.5489e-06,4.8313e-06,5.1129e-06,5.3923e-06,5.6678e-06,5.9378e-06,6.2005e-06,6.4544e-06,6.6975e-06,6.9283e-06,7.145e-06,7.346e-06,7.5298e-06,7.6951e-06,7.8405e-06,7.965e-06,8.0676e-06,8.1477e-06,8.2048e-06,8.2387e-06,8.2492e-06,8.2368e-06,8.2018e-06,8.145e-06,8.0674e-06,7.97e-06,7.8541e-06,7.7214e-06,7.5734e-06,7.4118e-06,7.2385e-06,7.0553e-06,6.864e-06,6.6664e-06,6.4645e-06,6.2598e-06,6.054e-06,5.8486e-06,5.645e-06,5.4451e-06,5.2616e-06
1.3326e-06,1.0756e-06,8.2307e-07,5.9257e-07,3.8447e-07,1.9786e-07,3.1674e-08,-1.1513e-07,-2.436e-07,-3.5475e-07,-4.4956e-07,-5.2894e-07,-5.9376e-07,-6.4481e-07,-6.8281e-07,-7.0842e-07,-7.2221e-07,-7.2469e-07,-7.1629e-07,-6.9738e-07,-6.6826e-07,-6.2915e-07,-5.8022e-07,-5.216e-07,-4.5334e-07,-3.7547e-07,-2.8796e-07,-1.9075e-07,-8.3785e-08,3.3052e-08,1.5986e-07,2.9676e-07,4.4384e-07,6.0121e-07,7.6892e-07,9.4702e-07,1.1355e-06,1.3343e-06,1.5433e-06,1.7623e-06,1.9911e-06,2.2293e-06,2.4765e-06,2.7321e-06,2.9954e-06,3.2658e-06,3.5423e-06,3.824e-06,4.1095e-06,4.3977e-06,4.6872e-06,4.9765e-06,5.2641e-06,5.5483e-06,5.8274e-06,6.0996e-06,6.3631e-06,6.6161e-06,6.8566e-06,7.083e-06,7.2935e-06,7.4864e-06,7.6603e-06,7.8136e-06,7.9453e-06,8.0543e-06,8.1397e-06,8.2009e-06,8.2377e-06,8.25e-06,8.2379e-06,8.2018e-06,8.1425e-06,8.0609e-06,7.9581e-06,7.8355e-06,7.6947e-06,7.5373e-06,7.3651e-06,7.1801e-06,6.9842e-06,6.7794e-06,6.5676e-06,6.3509e-06,6.1311e-06,5.9099e-06,5.689e-06,5.47e-06,5.2551e-06,5.058e-06
1.2592e-06,9.9074e-07,7.2704e-07,4.8647e-07,2.6938e-07,7.4799e-08,-9.8418e-08,-2.5142e-07,-3.8534e-07,-5.013e-07,-6.0037e-07,-6.8355e-07,-7.5178e-07,-8.0593e-07,-8.468e-07,-8.751e-07,-8.9145e-07,-8.9642e-07,-8.9047e-07,-8.7398e-07,-8.4729e-07,-8.1064e-07,-7.6421e-07,-7.081e-07,-6.424e-07,-5.6709e-07,-4.8215e-07,-3.8751e-07,-2.8306e-07,-1.6867e-07,-4.4211e-08,9.0474e-08,2.3553e-07,3.9108e-07,5.5724e-07,7.341e-07,9.217e-07,1.12e-06,1.329e-06,1.5485e-06,1.7783e-06,2.0181e-06,2.2676e-06,2.5261e-06,2.793e-06,3.0678e-06,3.3493e-06,3.6368e-06,3.9289e-06,4.2244e-06,4.5219e-06,4.8199e-06,5.1168e-06,5.4108e-06,5.7003e-06,5.9832e-06,6.2576e-06,6.5218e-06,6.7735e-06,7.0111e-06,7.2325e-06,7.436e-06,7.6198e-06,7.7826e-06,7.9228e-06,8.0394e-06,8.1313e-06,8.1978e-06,8.2386e-06,8.2534e-06,8.2424e-06,8.2058e-06,8.1444e-06,8.0591e-06,7.9511e-06,7.8217e-06,7.6725e-06,7.5054e-06,7.3221e-06,7.1248e-06,6.9156e-06,6.6965e-06,6.4697e-06,6.2374e-06,6.0015e-06,5.7639e-06,5.5267e-06,5.2914e-06,5.0606e-06,4.8491e-06
1.1597e-06,8.8e-07,6.0537e-07,3.5493e-07,1.2902e-07,-7.341e-08,-2.5358e-07,-4.1272e-07,-5.5209e-07,-6.7288e-07,-7.7625e-07,-8.633e-07,-9.3505e-07,-9.9244e-07,-1.0363e-06,-1.0675e-06,-1.0866e-06,-1.0942e-06,-1.0909e-06,-1.0771e-06,-1.0531e-06,-1.0191e-06,-9.7538e-07,-9.2203e-07,-8.5909e-07,-7.8658e-07,-7.0443e-07,-6.1255e-07,-5.1081e-07,-3.9906e-07,-2.7712e-07,-1.448e-07,-1.9174e-09,1.5171e-07,3.1623e-07,4.9178e-07,6.7846e-07,8.7631e-07,1.0853e-06,1.3054e-06,1.5363e-06,1.778e-06,2.0299e-06,2.2916e-06,2.5625e-06,2.842e-06,3.1292e-06,3.4231e-06,3.7225e-06,4.0261e-06,4.3325e-06,4.6401e-06,4.9473e-06,5.2523e-06,5.5533e-06,5.8482e-06,6.135e-06,6.4118e-06,6.6763e-06,6.9265e-06,7.1604e-06,7.376e-06,7.5715e-06,7.7452e-06,7.8955e-06,8.0211e-06,8.121e-06,8.1941e-06,8.2401e-06,8.2585e-06,8.2494e-06,8.2131e-06,8.1502e-06,8.0617e-06,7.9486e-06,7.8124e-06,7.6548e-06,7.4777e-06,7.283e-06,7.0729e-06,6.8496e-06,6.6155e-06,6.3728e-06,6.1238e-06,5.8709e-06,5.616e-06,5.3613e-06,5.1087e-06,4.8611e-06,4.6342e-06
1.0329e-06,7.422e-07,4.5686e-07,1.9673e-07,-3.7846e-08,-2.48e-07,-4.3502e-07,-6.0027e-07,-7.4506e-07,-8.7069e-07,-9.7841e-07,-1.0694e-06,-1.1448e-06,-1.2055e-06,-1.2526e-06,-1.2868e-06,-1.3088e-06,-1.3193e-06,-1.3189e-06,-1.308e-06,-1.2868e-06,-1.2558e-06,-1.215e-06,-1.1647e-06,-1.1048e-06,-1.0353e-06,-9.5622e-07,-8.6737e-07,-7.686e-07,-6.5973e-07,-5.4054e-07,-4.1082e-07,-2.7032e-07,-1.1882e-07,4.3884e-08,2.1798e-07,4.0362e-07,6.009e-07,8.0986e-07,1.0305e-06,1.2626e-06,1.5061e-06,1.7607e-06,2.0258e-06,2.301e-06,2.5856e-06,2.8788e-06,3.1797e-06,3.487e-06,3.7994e-06,4.1155e-06,4.4336e-06,4.7522e-06,5.0693e-06,5.3831e-06,5.6913e-06,5.992e-06,6.2829e-06,6.5617e-06,6.8263e-06,7.0744e-06,7.3039e-06,7.5128e-06,7.6991e-06,7.8612e-06,7.9976e-06,8.1069e-06,8.1882e-06,8.2407e-06,8.2639e-06,8.2579e-06,8.2228e-06,8.1592e-06,8.0679e-06,7.9502e-06,7.8075e-06,7.6415e-06,7.4542e-06,7.2477e-06,7.0242e-06,6.7863e-06,6.5363e-06,6.2769e-06,6.0103e-06,5.7392e-06,5.4659e-06,5.1927e-06,4.9216e-06,4.6559e-06,4.4125e-06
8.7763e-07,5.7617e-07,2.8032e-07,1.0685e-08,-2.3241e-07,-4.5016e-07,-6.4396e-07,-8.1525e-07,-9.6544e-07,-1.0959e-06,-1.208e-06,-1.3031e-06,-1.3821e-06,-1.4464e-06,-1.4967e-06,-1.5341e-06,-1.5593e-06,-1.573e-06,-1.5756e-06,-1.5678e-06,-1.5498e-06,-1.522e-06,-1.4845e-06,-1.4374e-06,-1.3809e-06,-1.3148e-06,-1.239e-06,-1.1535e-06,-1.058e-06,-9.5237e-07,-8.3626e-07,-7.0943e-07,-5.7161e-07,-4.2252e-07,-2.619e-07,-8.951e-08,9.4862e-08,2.9137e-07,5.0013e-07,7.2117e-07,9.5444e-07,1.1998e-06,1.457e-06,1.7256e-06,2.0053e-06,2.2953e-06,2.5948e-06,2.9031e-06,3.2189e-06,3.5407e-06,3.8672e-06,4.1969e-06,4.5278e-06,4.8582e-06,5.186e-06,5.509e-06,5.825e-06,6.1315e-06,6.4264e-06,6.7071e-06,6.9712e-06,7.2165e-06,7.4407e-06,7.6417e-06,7.8175e-06,7.9665e-06,8.0871e-06,8.1782e-06,8.2388e-06,8.2684e-06,8.2668e-06,8.234e-06,8.1706e-06,8.0774e-06,7.9556e-06,7.8067e-06,7.6324e-06,7.4348e-06,7.2162e-06,6.979e-06,6.7258e-06,6.4592e-06,6.182e-06,5.8969e-06,5.6065e-06,5.3136e-06,5.0205e-06,4.7297e-06,4.4446e-06,4.1835e-06
6.928e-07,3.8076e-07,7.4604e-08,-2.0437e-07,-4.5583e-07,-6.8108e-07,-8.8157e-07,-1.0588e-06,-1.2144e-06,-1.3498e-06,-1.4663e-06,-1.5654e-06,-1.6483e-06,-1.7162e-06,-1.77e-06,-1.8108e-06,-1.8393e-06,-1.8563e-06,-1.8623e-06,-1.8579e-06,-1.8433e-06,-1.819e-06,-1.7851e-06,-1.7417e-06,-1.6888e-06,-1.6265e-06,-1.5545e-06,-1.4727e-06,-1.3809e-06,-1.2788e-06,-1.1661e-06,-1.0426e-06,-9.0782e-07,-7.6152e-07,-6.0336e-07,-4.3303e-07,-2.5027e-07,-5.4834e-08,1.5344e-07,3.7465e-07,6.0882e-07,8.5588e-07,1.1156e-06,1.3878e-06,1.6719e-06,1.9674e-06,2.2736e-06,2.5896e-06,2.9142e-06,3.2461e-06,3.5838e-06,3.9257e-06,4.2701e-06,4.6148e-06,4.9579e-06,5.297e-06,5.6298e-06,5.9538e-06,6.2665e-06,6.5652e-06,6.8474e-06,7.1105e-06,7.3521e-06,7.5698e-06,7.7615e-06,7.9252e-06,8.0592e-06,8.162e-06,8.2327e-06,8.2703e-06,8.2746e-06,8.2456e-06,8.1836e-06,8.0895e-06,7.9643e-06,7.8096e-06,7.6273e-06,7.4195e-06,7.1886e-06,6.9372e-06,6.6681e-06,6.3842e-06,6.0883e-06,5.7835e-06,5.4728e-06,5.1589e-06,4.8446e-06,4.5326e-06,4.2265e-06,3.9463e-06
4.7727e-07,1.5485e-07,-1.6143e-07,-4.4957e-07,-7.0927e-07,-9.4189e-07,-1.149e-06,-1.3322e-06,-1.4931e-06,-1.6334e-06,-1.7544e-06,-1.8577e-06,-1.9445e-06,-2.0161e-06,-2.0736e-06,-2.118e-06,-2.15e-06,-2.1706e-06,-2.1802e-06,-2.1795e-06,-2.1687e-06,-2.1483e-06,-2.1183e-06,-2.0789e-06,-2.0301e-06,-1.9719e-06,-1.9041e-06,-1.8264e-06,-1.7388e-06,-1.6407e-06,-1.532e-06,-1.4123e-06,-1.2811e-06,-1.138e-06,-9.8283e-07,-8.1504e-07,-6.3434e-07,-4.4043e-07,-2.3307e-07,-1.2067e-08,2.2267e-07,4.7114e-07,7.3323e-07,1.0087e-06,1.2972e-06,1.5983e-06,1.9111e-06,2.2351e-06,2.569e-06,2.9114e-06,3.2609e-06,3.6158e-06,3.9744e-06,4.3346e-06,4.6943e-06,5.0509e-06,5.4022e-06,5.7453e-06,6.0776e-06,6.3964e-06,6.6987e-06,6.9819e-06,7.2432e-06,7.48e-06,7.69e-06,7.8707e-06,8.0204e-06,8.1373e-06,8.2201e-06,8.2679e-06,8.28e-06,8.2563e-06,8.1971e-06,8.1032e-06,7.9757e-06,7.816e-06,7.6261e-06,7.4083e-06,7.165e-06,6.8991e-06,6.6135e-06,6.3114e-06,5.996e-06,5.6704e-06,5.3379e-06,5.0017e-06,4.6647e-06,4.3299e-06,4.0013e-06,3.7004e-06
2.2994e-07,-1.0266e-07,-4.2888e-07,-7.2603e-07,-9.9384e-07,-1.2337e-06,-1.4474e-06,-1.6365e-06,-1.8028e-06,-1.9479e-06,-2.0735e-06,-2.181e-06,-2.2718e-06,-2.3473e-06,-2.4087e-06,-2.4568e-06,-2.4927e-06,-2.5171e-06,-2.5307e-06,-2.5339e-06,-2.5273e-06,-2.5111e-06,-2.4855e-06,-2.4506e-06,-2.4063e-06,-2.3527e-06,-2.2895e-06,-2.2166e-06,-2.1336e-06,-2.0402e-06,-1.936e-06,-1.8206e-06,-1.6935e-06,-1.5544e-06,-1.4027e-06,-1.2381e-06,-1.0601e-06,-8.6827e-07,-6.6237e-07,-4.4211e-07,-2.0731e-07,4.2114e-08,3.0615e-07,5.8465e-07,8.7732e-07,1.1837e-06,1.5032e-06,1.8352e-06,2.1785e-06,2.5317e-06,2.8936e-06,3.2623e-06,3.636e-06,4.0127e-06,4.3901e-06,4.7657e-06,5.137e-06,5.5011e-06,5.855e-06,6.1959e-06,6.5207e-06,6.8264e-06,7.1099e-06,7.3685e-06,7.5993e-06,7.7998e-06,7.9678e-06,8.1013e-06,8.1987e-06,8.2589e-06,8.2809e-06,8.2646e-06,8.21e-06,8.1178e-06,7.989e-06,7.8252e-06,7.6284e-06,7.4009e-06,7.1453e-06,6.8647e-06,6.5622e-06,6.2412e-06,5.9052e-06,5.5576e-06,5.2021e-06,4.842e-06,4.4807e-06,4.1214e-06,3.7684e-06,3.445e-06
-5.0249e-08,-3.9286e-07,-7.2884e-07,-1.0349e-06,-1.3106e-06,-1.5577e-06,-1.7778e-06,-1.9728e-06,-2.1444e-06,-2.2944e-06,-2.4246e-06,-2.5365e-06,-2.6315e-06,-2.7111e-06,-2.7764e-06,-2.8286e-06,-2.8685e-06,-2.8971e-06,-2.9149e-06,-2.9225e-06,-2.9204e-06,-2.9089e-06,-2.888e-06,-2.8581e-06,-2.8189e-06,-2.7704e-06,-2.7125e-06,-2.6449e-06,-2.5672e-06,-2.479e-06,-2.38e-06,-2.2697e-06,-2.1475e-06,-2.013e-06,-1.8656e-06,-1.7049e-06,-1.5303e-06,-1.3413e-06,-1.1376e-06,-9.1878e-07,-6.8458e-07,-4.3482e-07,-1.6941e-07,1.1159e-07,4.0798e-07,7.1942e-07,1.0454e-06,1.3852e-06,1.738e-06,2.1023e-06,2.4768e-06,2.8598e-06,3.2495e-06,3.6436e-06,4.04e-06,4.436e-06,4.8289e-06,5.2157e-06,5.5934e-06,5.9587e-06,6.3084e-06,6.6391e-06,6.9476e-06,7.2307e-06,7.4853e-06,7.7085e-06,7.8978e-06,8.0508e-06,8.1657e-06,8.2409e-06,8.2754e-06,8.2687e-06,8.2208e-06,8.1321e-06,8.0036e-06,7.8369e-06,7.634e-06,7.3973e-06,7.1296e-06,6.8341e-06,6.5142e-06,6.1737e-06,5.8161e-06,5.4455e-06,5.0655e-06,4.68e-06,4.2926e-06,3.9069e-06,3.5276e-06,3.1797e-06
-3.6437e-07,-7.1681e-07,-1.0624e-06,-1.3771e-06,-1.6607e-06,-1.9149e-06,-2.1414e-06,-2.3422e-06,-2.5191e-06,-2.6741e-06,-2.809e-06,-2.9253e-06,-3.0246e-06,-3.1084e-06,-3.178e-06,-3.2344e-06,-3.2787e-06,-3.3117e-06,-3.3341e-06,-3.3465e-06,-3.3494e-06,-3.343e-06,-3.3275e-06,-3.3029e-06,-3.2694e-06,-3.2267e-06,-3.1747e-06,-3.113e-06,-3.0414e-06,-2.9592e-06,-2.8662e-06,-2.7617e-06,-2.6453e-06,-2.5162e-06,-2.374e-06,-2.2181e-06,-2.0478e-06,-1.8626e-06,-1.662e-06,-1.4455e-06,-1.2127e-06,-9.6345e-07,-6.9744e-07,-4.1465e-07,-1.1515e-07,2.008e-07,5.3277e-07,8.8014e-07,1.2423e-06,1.6178e-06,2.0052e-06,2.4029e-06,2.8091e-06,3.2216e-06,3.638e-06,4.0557e-06,4.4719e-06,4.8833e-06,5.2868e-06,5.6789e-06,6.056e-06,6.4146e-06,6.751e-06,7.0617e-06,7.3433e-06,7.5925e-06,7.8063e-06,7.9822e-06,8.1177e-06,8.2111e-06,8.261e-06,8.2666e-06,8.2277e-06,8.1447e-06,8.0184e-06,7.8502e-06,7.6423e-06,7.3972e-06,7.1178e-06,6.8075e-06,6.47e-06,6.1093e-06,5.7293e-06,5.3343e-06,4.9284e-06,4.5158e-06,4.1005e-06,3.6863e-06,3.2784e-06,2.9039e-06
-7.1347e-07,-1.0755e-06,-1.4305e-06,-1.7538e-06,-2.0452e-06,-2.3063e-06,-2.5392e-06,-2.7457e-06,-2.9281e-06,-3.0881e-06,-3.2276e-06,-3.3485e-06,-3.4523e-06,-3.5405e-06,-3.6145e-06,-3.6755e-06,-3.7244e-06,-3.7622e-06,-3.7897e-06,-3.8073e-06,-3.8155e-06,-3.8147e-06,-3.8051e-06,-3.7867e-06,-3.7594e-06,-3.7232e-06,-3.6778e-06,-3.6229e-06,-3.558e-06,-3.4828e-06,-3.3966e-06,-3.299e-06,-3.1892e-06,-3.0666e-06,-2.9306e-06,-2.7805e-06,-2.6156e-06,-2.4352e-06,-2.2388e-06,-2.0257e-06,-1.7955e-06,-1.5477e-06,-1.2821e-06,-9.9841e-07,-6.9665e-07,-3.7695e-07,-3.9608e-08,3.1486e-07,6.8604e-07,1.0725e-06,1.4728e-06,1.8855e-06,2.3087e-06,2.7402e-06,3.1777e-06,3.6185e-06,4.0595e-06,4.4974e-06,4.9289e-06,5.3501e-06,5.7574e-06,6.1468e-06,6.5143e-06,6.856e-06,7.1681e-06,7.4469e-06,7.689e-06,7.8913e-06,8.051e-06,8.1661e-06,8.2348e-06,8.2559e-06,8.229e-06,8.1541e-06,8.0321e-06,7.8644e-06,7.653e-06,7.4005e-06,7.1101e-06,6.7852e-06,6.4299e-06,6.0483e-06,5.645e-06,5.2244e-06,4.7911e-06,4.3497e-06,3.9044e-06,3.4596e-06,3.0209e-06,2.6174e-06
-1.0986e-06,-1.4701e-06,-1.8343e-06,-2.166e-06,-2.465e-06,-2.733e-06,-2.9722e-06,-3.1845e-06,-3.3722e-06,-3.5373e-06,-3.6816e-06,-3.8072e-06,-3.9156e-06,-4.0084e-06,-4.0871e-06,-4.1529e-06,-4.2069e-06,-4.2499e-06,-4.2827e-06,-4.306e-06,-4.3202e-06,-4.3256e-06,-4.3224e-06,-4.3107e-06,-4.2904e-06,-4.2614e-06,-4.2235e-06,-4.1761e-06,-4.119e-06,-4.0516e-06,-3.9733e-06,-3.8835e-06,-3.7815e-06,-3.6666e-06,-3.538e-06,-3.3949e-06,-3.2367e-06,-3.0624e-06,-2.8714e-06,-2.663e-06,-2.4366e-06,-2.1916e-06,-1.9276e-06,-1.6442e-06,-1.3413e-06,-1.0188e-06,-6.7697e-07,-3.1615e-07,6.3402e-08,4.6035e-07,8.7341e-07,1.3011e-06,1.7416e-06,2.1929e-06,2.6523e-06,3.1173e-06,3.5846e-06,4.0509e-06,4.5125e-06,4.9655e-06,5.4058e-06,5.8291e-06,6.2311e-06,6.6074e-06,6.9538e-06,7.2662e-06,7.5405e-06,7.7734e-06,7.9615e-06,8.1023e-06,8.1935e-06,8.2338e-06,8.2221e-06,8.1586e-06,8.0436e-06,7.8785e-06,7.6654e-06,7.4069e-06,7.1062e-06,6.7672e-06,6.394e-06,5.9913e-06,5.5638e-06,5.1164e-06,4.6542e-06,4.1821e-06,3.7048e-06,3.227e-06,2.7549e-06,2.32e-06
-1.5206e-06,-1.9014e-06,-2.2747e-06,-2.6147e-06,-2.9212e-06,-3.196e-06,-3.4414e-06,-3.6595e-06,-3.8526e-06,-4.0228e-06,-4.172e-06,-4.3024e-06,-4.4156e-06,-4.5133e-06,-4.597e-06,-4.6679e-06,-4.7271e-06,-4.7757e-06,-4.8144e-06,-4.8439e-06,-4.8645e-06,-4.8767e-06,-4.8807e-06,-4.8764e-06,-4.8639e-06,-4.843e-06,-4.8133e-06,-4.7745e-06,-4.7261e-06,-4.6676e-06,-4.5984e-06,-4.5176e-06,-4.4246e-06,-4.3186e-06,-4.1988e-06,-4.0642e-06,-3.914e-06,-3.7473e-06,-3.5633e-06,-3.3611e-06,-3.14e-06,-2.8992e-06,-2.6383e-06,-2.3566e-06,-2.0539e-06,-1.7299e-06,-1.3847e-06,-1.0186e-06,-6.316e-07,-2.2477e-07,2.0061e-07,6.4313e-07,1.1011e-06,1.5723e-06,2.0545e-06,2.5446e-06,3.0397e-06,3.5362e-06,4.0301e-06,4.5173e-06,4.9935e-06,5.454e-06,5.8941e-06,6.3089e-06,6.6938e-06,7.0441e-06,7.3553e-06,7.6232e-06,7.8443e-06,8.0153e-06,8.1335e-06,8.197e-06,8.2046e-06,8.1558e-06,8.051e-06,7.8913e-06,7.6787e-06,7.4159e-06,7.1063e-06,6.7538e-06,6.363e-06,5.9388e-06,5.4863e-06,5.011e-06,4.5183e-06,4.0136e-06,3.502e-06,2.9888e-06,2.4806e-06,2.0116e-06
-1.9806e-06,-2.3705e-06,-2.7527e-06,-3.1008e-06,-3.4147e-06,-3.6963e-06,-3.9479e-06,-4.1718e-06,-4.3702e-06,-4.5456e-06,-4.6999e-06,-4.8352e-06,-4.9534e-06,-5.0562e-06,-5.1451e-06,-5.2214e-06,-5.2864e-06,-5.341e-06,-5.386e-06,-5.4221e-06,-5.4498e-06,-5.4695e-06,-5.4812e-06,-5.4852e-06,-5.4813e-06,-5.4692e-06,-5.4488e-06,-5.4196e-06,-5.3811e-06,-5.3327e-06,-5.2737e-06,-5.2033e-06,-5.1207e-06,-5.0251e-06,-4.9155e-06,-4.7909e-06,-4.6504e-06,-4.493e-06,-4.3176e-06,-4.1234e-06,-3.9093e-06,-3.6746e-06,-3.4185e-06,-3.1402e-06,-2.8393e-06,-2.5154e-06,-2.1684e-06,-1.7982e-06,-1.4051e-06,-9.893e-07,-5.5234e-07,-9.5482e-08,3.7967e-07,8.7109e-07,1.3764e-06,1.8927e-06,2.4168e-06,2.9451e-06,3.4734e-06,3.9975e-06,4.5125e-06,5.0136e-06,5.4956e-06,5.9531e-06,6.3809e-06,6.7738e-06,7.1267e-06,7.4349e-06,7.694e-06,7.9002e-06,8.0503e-06,8.1419e-06,8.1732e-06,8.1433e-06,8.0524e-06,7.9014e-06,7.692e-06,7.4271e-06,7.1101e-06,6.7452e-06,6.3372e-06,5.8913e-06,5.4133e-06,4.909e-06,4.3842e-06,3.8449e-06,3.2969e-06,2.7456e-06,2.1985e-06,1.6924e-06
-2.4795e-06,-2.8783e-06,-3.2692e-06,-3.6253e-06,-3.9465e-06,-4.2347e-06,-4.4925e-06,-4.7221e-06,-4.9261e-06,-5.1066e-06,-5.2661e-06,-5.4065e-06,-5.5299e-06,-5.638e-06,-5.7324e-06,-5.8145e-06,-5.8856e-06,-5.9466e-06,-5.9985e-06,-6.0418e-06,-6.0772e-06,-6.105e-06,-6.1253e-06,-6.1383e-06,-6.1438e-06,-6.1417e-06,-6.1316e-06,-6.1131e-06,-6.0856e-06,-6.0486e-06,-6.0011e-06,-5.9426e-06,-5.8719e-06,-5.7883e-06,-5.6906e-06,-5.5778e-06,-5.4489e-06,-5.3026e-06,-5.1378e-06,-4.9535e-06,-4.7485e-06,-4.5219e-06,-4.2725e-06,-3.9997e-06,-3.7026e-06,-3.3807e-06,-3.0335e-06,-2.661e-06,-2.2631e-06,-1.8398e-06,-1.3923e-06,-9.2194e-07,-4.3006e-07,8.1387e-08,6.1006e-07,1.1532e-06,1.7074e-06,2.269e-06,2.8338e-06,3.3972e-06,3.9541e-06,4.4993e-06,5.027e-06,5.5316e-06,6.0071e-06,6.4477e-06,6.8477e-06,7.2016e-06,7.5044e-06,7.7516e-06,7.9392e-06,8.0643e-06,8.1244e-06,8.1183e-06,8.0456e-06,7.907e-06,7.7042e-06,7.4399e-06,7.1175e-06,6.7415e-06,6.3171e-06,5.8498e-06,5.3457e-06,4.8113e-06,4.253e-06,3.6772e-06,3.0902e-06,2.4982e-06,1.9091e-06,1.3628e-06
-3.0182e-06,-3.4257e-06,-3.8252e-06,-4.1891e-06,-4.5174e-06,-4.8123e-06,-5.0762e-06,-5.3116e-06,-5.521e-06,-5.7069e-06,-5.8716e-06,-6.0173e-06,-6.1461e-06,-6.2597e-06,-6.3599e-06,-6.4482e-06,-6.5257e-06,-6.5937e-06,-6.6529e-06,-6.704e-06,-6.7477e-06,-6.7843e-06,-6.814e-06,-6.8369e-06,-6.8528e-06,-6.8616e-06,-6.8629e-06,-6.8563e-06,-6.8412e-06,-6.8168e-06,-6.7825e-06,-6.7373e-06,-6.6802e-06,-6.6103e-06,-6.5264e-06,-6.4273e-06,-6.3119e-06,-6.1789e-06,-6.0269e-06,-5.8547e-06,-5.6611e-06,-5.4448e-06,-5.2046e-06,-4.9395e-06,-4.6485e-06,-4.3308e-06,-3.9857e-06,-3.6128e-06,-3.212e-06,-2.7828e-06,-2.3263e-06,-1.8436e-06,-1.3358e-06,-8.0483e-07,-2.5284e-07,3.1738e-07,9.0257e-07,1.4989e-06,2.1021e-06,2.7072e-06,3.309e-06,3.9017e-06,4.4794e-06,5.0356e-06,5.5638e-06,6.0576e-06,6.5104e-06,6.9161e-06,7.2689e-06,7.5633e-06,7.7947e-06,7.9593e-06,8.0541e-06,8.0772e-06,8.0279e-06,7.9063e-06,7.7139e-06,7.4534e-06,7.1282e-06,6.7431e-06,6.3032e-06,5.8149e-06,5.2845e-06,4.7192e-06,4.1258e-06,3.5115e-06,2.8832e-06,2.2476e-06,1.6132e-06,1.0235e-06
-3.5975e-06,-4.0135e-06,-4.4213e-06,-4.793e-06,-5.1284e-06,-5.4298e-06,-5.6998e-06,-5.941e-06,-6.1559e-06,-6.3472e-06,-6.5173e-06,-6.6684e-06,-6.8028e-06,-6.9223e-06,-7.0286e-06,-7.1233e-06,-7.2078e-06,-7.2831e-06,-7.3501e-06,-7.4097e-06,-7.4624e-06,-7.5086e-06,-7.5484e-06,-7.582e-06,-7.6094e-06,-7.6301e-06,-7.644e-06,-7.6506e-06,-7.6491e-06,-7.6389e-06,-7.6192e-06,-7.5891e-06,-7.5474e-06,-7.4931e-06,-7.425e-06,-7.3417e-06,-7.2421e-06,-7.1245e-06,-6.9877e-06,-6.8302e-06,-6.6505e-06,-6.4471e-06,-6.2187e-06,-5.964e-06,-5.6816e-06,-5.3707e-06,-5.0301e-06,-4.6593e-06,-4.2578e-06,-3.825e-06,-3.3613e-06,-2.8677e-06,-2.3453e-06,-1.7957e-06,-1.2208e-06,-6.2344e-07,-6.7595e-09,6.2538e-07,1.2685e-06,1.9177e-06,2.5673e-06,3.2112e-06,3.8428e-06,4.4554e-06,5.0416e-06,5.5944e-06,6.1063e-06,6.5703e-06,6.9798e-06,7.3283e-06,7.6105e-06,7.8216e-06,7.9577e-06,8.0164e-06,7.9962e-06,7.8969e-06,7.7196e-06,7.4668e-06,7.142e-06,6.7499e-06,6.2963e-06,5.7877e-06,5.231e-06,4.634e-06,4.0042e-06,3.3495e-06,2.6773e-06,1.995e-06,1.3121e-06,6.7548e-07
-4.2183e-06,-4.6426e-06,-5.0586e-06,-5.4379e-06,-5.7803e-06,-6.0882e-06,-6.3642e-06,-6.6112e-06,-6.8317e-06,-7.0285e-06,-7.204e-06,-7.3608e-06,-7.5009e-06,-7.6265e-06,-7.7392e-06,-7.8407e-06,-7.9325e-06,-8.0156e-06,-8.0911e-06,-8.1597e-06,-8.222e-06,-8.2785e-06,-8.3293e-06,-8.3747e-06,-8.4144e-06,-8.4482e-06,-8.4759e-06,-8.4969e-06,-8.5105e-06,-8.5161e-06,-8.5127e-06,-8.4994e-06,-8.475e-06,-8.4383e-06,-8.3881e-06,-8.323e-06,-8.2415e-06,-8.142e-06,-8.023e-06,-7.8828e-06,-7.7197e-06,-7.5322e-06,-7.3185e-06,-7.0771e-06,-6.8064e-06,-6.5051e-06,-6.172e-06,-5.8061e-06,-5.4065e-06,-4.9727e-06,-4.5041e-06,-4.0017e-06,-3.4663e-06,-2.8992e-06,-2.3024e-06,-1.6782e-06,-1.0299e-06,-3.6114e-07,3.2344e-07,1.0187e-06,1.7188e-06,2.4173e-06,3.1071e-06,3.7808e-06,4.4306e-06,5.0484e-06,5.626e-06,6.1554e-06,6.629e-06,7.0393e-06,7.38e-06,7.6451e-06,7.8301e-06,7.9315e-06,7.9471e-06,7.8762e-06,7.7194e-06,7.479e-06,7.1583e-06,6.7624e-06,6.297e-06,5.7692e-06,5.1866e-06,4.5574e-06,3.8899e-06,3.1928e-06,2.4742e-06,1.7422e-06,1.0072e-06,3.2e-07
-4.8813e-06,-5.3137e-06,-5.7378e-06,-6.1245e-06,-6.4738e-06,-6.7882e-06,-7.0703e-06,-7.323e-06,-7.5491e-06,-7.7515e-06,-7.9327e-06,-8.0951e-06,-8.2413e-06,-8.3731e-06,-8.4925e-06,-8.6012e-06,-8.7007e-06,-8.7921e-06,-8.8764e-06,-8.9546e-06,-9.0273e-06,-9.0948e-06,-9.1575e-06,-9.2155e-06,-9.2686e-06,-9.3167e-06,-9.3594e-06,-9.3962e-06,-9.4264e-06,-9.4493e-06,-9.464e-06,-9.4693e-06,-9.4642e-06,-9.4473e-06,-9.4174e-06,-9.3728e-06,-9.3119e-06,-9.2332e-06,-9.1348e-06,-9.0149e-06,-8.8716e-06,-8.703e-06,-8.5072e-06,-8.2824e-06,-8.0267e-06,-7.7385e-06,-7.4161e-06,-7.0582e-06,-6.6637e-06,-6.2317e-06,-5.761e-06,-5.2523e-06,-4.7061e-06,-4.1234e-06,-3.5059e-06,-2.8557e-06,-2.176e-06,-1.4703e-06,-7.4324e-07,-1.1178e-10,7.5304e-07,1.5094e-06,2.2615e-06,3.0013e-06,3.7202e-06,4.4093e-06,5.0596e-06,5.662e-06,6.2076e-06,6.688e-06,7.0956e-06,7.4233e-06,7.6655e-06,7.8176e-06,7.8767e-06,7.8412e-06,7.7112e-06,7.4887e-06,7.1768e-06,6.7805e-06,6.3061e-06,5.7608e-06,5.1528e-06,4.4912e-06,3.785e-06,3.0437e-06,2.2761e-06,1.4913e-06,7.0048e-07,-4.1216e-08
-5.5873e-06,-6.0276e-06,-6.4596e-06,-6.8537e-06,-7.2098e-06,-7.5305e-06,-7.8187e-06,-8.0772e-06,-8.309e-06,-8.517e-06,-8.7039e-06,-8.8722e-06,-9.0245e-06,-9.1628e-06,-9.2892e-06,-9.4054e-06,-9.5129e-06,-9.613e-06,-9.7068e-06,-9.7952e-06,-9.8788e-06,-9.9582e-06,-1.0034e-05,-1.0105e-05,-1.0173e-05,-1.0236e-05,-1.0295e-05,-1.0349e-05,-1.0397e-05,-1.0439e-05,-1.0474e-05,-1.05e-05,-1.0516e-05,-1.0521e-05,-1.0514e-05,-1.0492e-05,-1.0455e-05,-1.04e-05,-1.0325e-05,-1.0228e-05,-1.0108e-05,-9.962e-06,-9.7877e-06,-9.583e-06,-9.346e-06,-9.0744e-06,-8.7665e-06,-8.4203e-06,-8.0344e-06,-7.6076e-06,-7.138e-06,-6.626e-06,-6.0717e-06,-5.4757e-06,-4.8394e-06,-4.1646e-06,-3.4541e-06,-2.7116e-06,-1.9414e-06,-1.149e-06,-3.4057e-07,4.7678e-07,1.2951e-06,2.1058e-06,2.8995e-06,3.6665e-06,4.3967e-06,5.0799e-06,5.7061e-06,6.2656e-06,6.7492e-06,7.1488e-06,7.4575e-06,7.6694e-06,7.7806e-06,7.7885e-06,7.6927e-06,7.4944e-06,7.1967e-06,6.8046e-06,6.3243e-06,5.7637e-06,5.1317e-06,4.4377e-06,3.692e-06,2.9046e-06,2.0856e-06,1.2447e-06,3.9427e-07,-4.0598e-07
-6.3369e-06,-6.785e-06,-7.2248e-06,-7.6261e-06,-7.989e-06,-8.3161e-06,-8.6102e-06,-8.8746e-06,-9.1121e-06,-9.3257e-06,-9.5184e-06,-9.6927e-06,-9.8513e-06,-9.9963e-06,-1.013e-05,-1.0254e-05,-1.037e-05,-1.0479e-05,-1.0583e-05,-1.0682e-05,-1.0777e-05,-1.0869e-05,-1.0958e-05,-1.1044e-05,-1.1127e-05,-1.1207e-05,-1.1283e-05,-1.1356e-05,-1.1424e-05,-1.1486e-05,-1.1542e-05,-1.1591e-05,-1.1631e-05,-1.166e-05,-1.1678e-05,-1.1682e-05,-1.1671e-05,-1.1643e-05,-1.1595e-05,-1.1525e-05,-1.1431e-05,-1.1311e-05,-1.1162e-05,-1.0981e-05,-1.0767e-05,-1.0516e-05,-1.0227e-05,-9.8963e-06,-9.523e-06,-9.105e-06,-8.6406e-06,-8.1288e-06,-7.5696e-06,-6.9631e-06,-6.3103e-06,-5.6128e-06,-4.8729e-06,-4.0941e-06,-3.2807e-06,-2.4381e-06,-1.5725e-06,-6.9143e-07,1.9686e-07,1.0831e-06,1.9573e-06,2.8088e-06,3.6264e-06,4.3987e-06,5.1145e-06,5.7625e-06,6.3322e-06,6.8139e-06,7.1992e-06,7.481e-06,7.6539e-06,7.7144e-06,7.6611e-06,7.4945e-06,7.2175e-06,6.8347e-06,6.3527e-06,5.7797e-06,5.1252e-06,4.3994e-06,3.6135e-06,2.7786e-06,1.9057e-06,1.0055e-06,9.1466e-08,-7.7161e-07
-7.1308e-06,-7.5865e-06,-8.034e-06,-8.4425e-06,-8.8121e-06,-9.1454e-06,-9.4456e-06,-9.7158e-06,-9.959e-06,-1.0178e-05,-1.0377e-05,-1.0557e-05,-1.0722e-05,-1.0874e-05,-1.1015e-05,-1.1147e-05,-1.1272e-05,-1.139e-05,-1.1504e-05,-1.1615e-05,-1.1722e-05,-1.1827e-05,-1.193e-05,-1.2031e-05,-1.2131e-05,-1.2228e-05,-1.2324e-05,-1.2416e-05,-1.2505e-05,-1.259e-05,-1.267e-05,-1.2743e-05,-1.2809e-05,-1.2865e-05,-1.291e-05,-1.2943e-05,-1.2961e-05,-1.2962e-05,-1.2944e-05,-1.2905e-05,-1.2842e-05,-1.2751e-05,-1.2631e-05,-1.2479e-05,-1.2292e-05,-1.2066e-05,-1.1799e-05,-1.1489e-05,-1.1133e-05,-1.0728e-05,-1.0273e-05,-9.7655e-06,-9.2052e-06,-8.5917e-06,-7.9255e-06,-7.2076e-06,-6.4402e-06,-5.6264e-06,-4.7702e-06,-3.8769e-06,-2.9529e-06,-2.0057e-06,-1.0441e-06,-7.7859e-08,8.8234e-07,1.8249e-06,2.7375e-06,3.6076e-06,4.4222e-06,5.1689e-06,5.8353e-06,6.4102e-06,6.8833e-06,7.2461e-06,7.4915e-06,7.6148e-06,7.6134e-06,7.4872e-06,7.2383e-06,6.8711e-06,6.3924e-06,5.8106e-06,5.1358e-06,4.3793e-06,3.553e-06,2.6693e-06,1.7401e-06,7.7723e-07,-2.0447e-07,-1.1348e-06
-7.9695e-06,-8.4328e-06,-8.8878e-06,-9.3034e-06,-9.6797e-06,-1.0019e-05,-1.0326e-05,-1.0601e-05,-1.085e-05,-1.1076e-05,-1.128e-05,-1.1466e-05,-1.1638e-05,-1.1797e-05,-1.1945e-05,-1.2085e-05,-1.2219e-05,-1.2347e-05,-1.2472e-05,-1.2594e-05,-1.2714e-05,-1.2832e-05,-1.295e-05,-1.3068e-05,-1.3185e-05,-1.3301e-05,-1.3416e-05,-1.353e-05,-1.3642e-05,-1.3751e-05,-1.3856e-05,-1.3956e-05,-1.4049e-05,-1.4134e-05,-1.421e-05,-1.4274e-05,-1.4324e-05,-1.4358e-05,-1.4374e-05,-1.4369e-05,-1.4339e-05,-1.4283e-05,-1.4197e-05,-1.4077e-05,-1.3921e-05,-1.3725e-05,-1.3486e-05,-1.3201e-05,-1.2866e-05,-1.248e-05,-1.2039e-05,-1.154e-05,-1.0983e-05,-1.0366e-05,-9.6904e-06,-8.9555e-06,-8.1631e-06,-7.3161e-06,-6.4181e-06,-5.4744e-06,-4.4911e-06,-3.4761e-06,-2.4383e-06,-1.3879e-06,-3.3645e-07,7.0359e-07,1.7188e-06,2.6953e-06,3.6187e-06,4.4746e-06,5.2491e-06,5.9289e-06,6.502e-06,6.9577e-06,7.2876e-06,7.4852e-06,7.5465e-06,7.4704e-06,7.2582e-06,6.9141e-06,6.4445e-06,5.8585e-06,5.1665e-06,4.3807e-06,3.5143e-06,2.5805e-06,1.5928e-06,5.6412e-07,-4.8938e-07,-1.4916e-06
-8.8536e-06,-9.3244e-06,-9.7869e-06,-1.021e-05,-1.0593e-05,-1.0938e-05,-1.1251e-05,-1.1532e-05,-1.1787e-05,-1.2018e-05,-1.2228e-05,-1.2421e-05,-1.2599e-05,-1.2764e-05,-1.292e-05,-1.3069e-05,-1.3211e-05,-1.335e-05,-1.3485e-05,-1.3619e-05,-1.3752e-05,-1.3885e-05,-1.4019e-05,-1.4153e-05,-1.4288e-05,-1.4424e-05,-1.456e-05,-1.4697e-05,-1.4832e-05,-1.4967e-05,-1.5099e-05,-1.5227e-05,-1.5351e-05,-1.5468e-05,-1.5576e-05,-1.5674e-05,-1.576e-05,-1.583e-05,-1.5883e-05,-1.5915e-05,-1.5924e-05,-1.5906e-05,-1.5857e-05,-1.5775e-05,-1.5655e-05,-1.5494e-05,-1.5288e-05,-1.5033e-05,-1.4725e-05,-1.4362e-05,-1.394e-05,-1.3455e-05,-1.2906e-05,-1.2291e-05,-1.161e-05,-1.0861e-05,-1.0047e-05,-9.1695e-06,-8.2316e-06,-7.2383e-06,-6.1958e-06,-5.1117e-06,-3.9953e-06,-2.8572e-06,-1.7096e-06,-5.6587e-07,5.5951e-07,1.6512e-06,2.6931e-06,3.6693e-06,4.5637e-06,5.361e-06,6.0469e-06,6.609e-06,7.0364e-06,7.3209e-06,7.457e-06,7.4421e-06,7.2765e-06,6.9639e-06,6.5106e-06,5.9257e-06,5.2203e-06,4.4076e-06,3.5016e-06,2.5172e-06,1.4689e-06,3.7116e-07,-7.5836e-07,-1.8372e-06
-9.7836e-06,-1.0262e-05,-1.0732e-05,-1.1162e-05,-1.1551e-05,-1.1903e-05,-1.2222e-05,-1.2509e-05,-1.2769e-05,-1.3006e-05,-1.3222e-05,-1.3421e-05,-1.3605e-05,-1.3778e-05,-1.3941e-05,-1.4098e-05,-1.4249e-05,-1.4397e-05,-1.4544e-05,-1.469e-05,-1.4836e-05,-1.4984e-05,-1.5134e-05,-1.5285e-05,-1.5439e-05,-1.5596e-05,-1.5754e-05,-1.5914e-05,-1.6075e-05,-1.6237e-05,-1.6398e-05,-1.6557e-05,-1.6712e-05,-1.6863e-05,-1.7007e-05,-1.7142e-05,-1.7265e-05,-1.7375e-05,-1.7469e-05,-1.7542e-05,-1.7593e-05,-1.7617e-05,-1.7611e-05,-1.7571e-05,-1.7492e-05,-1.7371e-05,-1.7203e-05,-1.6983e-05,-1.6708e-05,-1.6374e-05,-1.5976e-05,-1.5511e-05,-1.4976e-05,-1.4368e-05,-1.3686e-05,-1.2928e-05,-1.2096e-05,-1.1191e-05,-1.0216e-05,-9.175e-06,-8.0738e-06,-6.9203e-06,-5.7236e-06,-4.4949e-06,-3.2468e-06,-1.9936e-06,-7.5091e-07,4.6453e-07,1.6351e-06,2.7427e-06,3.7693e-06,4.6972e-06,5.51e-06,6.1925e-06,6.7316e-06,7.1171e-06,7.3413e-06,7.4e-06,7.2924e-06,7.0212e-06,6.5923e-06,6.0151e-06,5.3011e-06,4.4644e-06,3.5202e-06,2.4847e-06,1.3741e-06,2.0418e-07,-1.0056e-06,-2.1661e-06
-1.076e-05,-1.1246e-05,-1.1723e-05,-1.216e-05,-1.2557e-05,-1.2915e-05,-1.3239e-05,-1.3532e-05,-1.3798e-05,-1.404e-05,-1.4262e-05,-1.4466e-05,-1.4657e-05,-1.4836e-05,-1.5007e-05,-1.5172e-05,-1.5332e-05,-1.549e-05,-1.5648e-05,-1.5806e-05,-1.5966e-05,-1.6129e-05,-1.6294e-05,-1.6464e-05,-1.6638e-05,-1.6815e-05,-1.6996e-05,-1.7181e-05,-1.7369e-05,-1.7559e-05,-1.775e-05,-1.7941e-05,-1.8131e-05,-1.8317e-05,-1.8499e-05,-1.8673e-05,-1.8838e-05,-1.8991e-05,-1.9129e-05,-1.9247e-05,-1.9344e-05,-1.9415e-05,-1.9456e-05,-1.9462e-05,-1.943e-05,-1.9354e-05,-1.9229e-05,-1.9051e-05,-1.8815e-05,-1.8515e-05,-1.8148e-05,-1.7708e-05,-1.7192e-05,-1.6597e-05,-1.5919e-05,-1.5158e-05,-1.4313e-05,-1.3385e-05,-1.2376e-05,-1.1289e-05,-1.0131e-05,-8.9081e-06,-7.6304e-06,-6.3088e-06,-4.9566e-06,-3.5887e-06,-2.2219e-06,-8.743e-07,4.347e-07,1.6851e-06,2.8565e-06,3.9288e-06,4.8829e-06,5.7009e-06,6.3672e-06,6.8688e-06,7.1958e-06,7.342e-06,7.3051e-06,7.0865e-06,6.6917e-06,6.1298e-06,5.4131e-06,4.5561e-06,3.5757e-06,2.4894e-06,1.315e-06,6.9942e-08,-1.2244e-06,-2.4716e-06
-1.1783e-05,-1.2276e-05,-1.2762e-05,-1.3206e-05,-1.3609e-05,-1.3974e-05,-1.4304e-05,-1.4603e-05,-1.4874e-05,-1.5121e-05,-1.5348e-05,-1.5558e-05,-1.5755e-05,-1.5941e-05,-1.6119e-05,-1.6291e-05,-1.646e-05,-1.6628e-05,-1.6796e-05,-1.6967e-05,-1.714e-05,-1.7317e-05,-1.75e-05,-1.7687e-05,-1.7881e-05,-1.808e-05,-1.8285e-05,-1.8495e-05,-1.8711e-05,-1.893e-05,-1.9153e-05,-1.9378e-05,-1.9603e-05,-1.9828e-05,-2.005e-05,-2.0266e-05,-2.0475e-05,-2.0674e-05,-2.0859e-05,-2.1026e-05,-2.1173e-05,-2.1295e-05,-2.1387e-05,-2.1445e-05,-2.1464e-05,-2.1439e-05,-2.1363e-05,-2.1232e-05,-2.104e-05,-2.0781e-05,-2.0451e-05,-2.0043e-05,-1.9553e-05,-1.8976e-05,-1.8309e-05,-1.755e-05,-1.6697e-05,-1.5751e-05,-1.4711e-05,-1.3583e-05,-1.237e-05,-1.1079e-05,-9.7205e-06,-8.3047e-06,-6.8455e-06,-5.3585e-06,-3.8615e-06,-2.3739e-06,-9.169e-07,4.8744e-07,1.8164e-06,3.0471e-06,4.1577e-06,5.1272e-06,5.937e-06,6.5711e-06,7.0171e-06,7.2662e-06,7.3141e-06,7.1609e-06,6.8112e-06,6.2738e-06,5.5611e-06,4.6889e-06,3.6749e-06,2.5385e-06,1.2992e-06,-2.3719e-08,-1.4069e-06,-2.7458e-06
-1.2853e-05,-1.3354e-05,-1.3848e-05,-1.4299e-05,-1.4709e-05,-1.508e-05,-1.5416e-05,-1.5721e-05,-1.5997e-05,-1.625e-05,-1.6482e-05,-1.6697e-05,-1.6899e-05,-1.7091e-05,-1.7275e-05,-1.7455e-05,-1.7632e-05,-1.781e-05,-1.7988e-05,-1.817e-05,-1.8357e-05,-1.8549e-05,-1.8748e-05,-1.8953e-05,-1.9167e-05,-1.9388e-05,-1.9617e-05,-1.9853e-05,-2.0097e-05,-2.0347e-05,-2.0603e-05,-2.0863e-05,-2.1126e-05,-2.1391e-05,-2.1655e-05,-2.1916e-05,-2.2171e-05,-2.2419e-05,-2.2654e-05,-2.2874e-05,-2.3075e-05,-2.3252e-05,-2.34e-05,-2.3514e-05,-2.3589e-05,-2.3619e-05,-2.3599e-05,-2.352e-05,-2.3379e-05,-2.3167e-05,-2.288e-05,-2.251e-05,-2.2053e-05,-2.1501e-05,-2.0852e-05,-2.0101e-05,-1.9247e-05,-1.8287e-05,-1.7223e-05,-1.6056e-05,-1.4792e-05,-1.3436e-05,-1.1997e-05,-1.0486e-05,-8.9183e-06,-7.3086e-06,-5.676e-06,-4.0413e-06,-2.4272e-06,-8.5801e-07,6.4109e-07,2.0445e-06,3.3271e-06,4.4647e-06,5.4353e-06,6.2197e-06,6.802e-06,7.1708e-06,7.3193e-06,7.2459e-06,6.9538e-06,6.4512e-06,5.7509e-06,4.8693e-06,3.8255e-06,2.6404e-06,1.3356e-06,-6.7754e-08,-1.5439e-06,-2.9799e-06
-1.3971e-05,-1.448e-05,-1.4982e-05,-1.5441e-05,-1.5858e-05,-1.6236e-05,-1.6578e-05,-1.6887e-05,-1.7169e-05,-1.7426e-05,-1.7663e-05,-1.7883e-05,-1.809e-05,-1.8287e-05,-1.8477e-05,-1.8663e-05,-1.8848e-05,-1.9034e-05,-1.9223e-05,-1.9416e-05,-1.9615e-05,-1.9821e-05,-2.0036e-05,-2.026e-05,-2.0493e-05,-2.0736e-05,-2.0989e-05,-2.1252e-05,-2.1525e-05,-2.1806e-05,-2.2096e-05,-2.2392e-05,-2.2695e-05,-2.3001e-05,-2.3309e-05,-2.3616e-05,-2.3921e-05,-2.422e-05,-2.4509e-05,-2.4784e-05,-2.5042e-05,-2.5278e-05,-2.5486e-05,-2.5662e-05,-2.5798e-05,-2.5889e-05,-2.5929e-05,-2.5909e-05,-2.5824e-05,-2.5666e-05,-2.5428e-05,-2.5103e-05,-2.4685e-05,-2.4166e-05,-2.3541e-05,-2.2805e-05,-2.1955e-05,-2.0989e-05,-1.9905e-05,-1.8706e-05,-1.7394e-05,-1.5976e-05,-1.4459e-05,-1.2855e-05,-1.1177e-05,-9.442e-06,-7.6694e-06,-5.8813e-06,-4.1018e-06,-2.3574e-06,-6.758e-07,9.1444e-07,2.3848e-06,3.7077e-06,4.8572e-06,5.8104e-06,6.5478e-06,7.0546e-06,7.3212e-06,7.3434e-06,7.123e-06,6.6674e-06,5.9891e-06,5.1052e-06,4.0362e-06,2.8046e-06,1.4342e-06,-5.1755e-08,-1.6249e-06,-3.1633e-06
-1.5137e-05,-1.5655e-05,-1.6165e-05,-1.6632e-05,-1.7056e-05,-1.7441e-05,-1.7788e-05,-1.8103e-05,-1.8389e-05,-1.8651e-05,-1.8891e-05,-1.9116e-05,-1.9327e-05,-1.9528e-05,-1.9723e-05,-1.9915e-05,-2.0107e-05,-2.03e-05,-2.0498e-05,-2.0701e-05,-2.0912e-05,-2.1132e-05,-2.1362e-05,-2.1603e-05,-2.1856e-05,-2.2121e-05,-2.2399e-05,-2.2688e-05,-2.299e-05,-2.3303e-05,-2.3627e-05,-2.3961e-05,-2.4303e-05,-2.4652e-05,-2.5005e-05,-2.5362e-05,-2.5717e-05,-2.607e-05,-2.6415e-05,-2.6749e-05,-2.7068e-05,-2.7366e-05,-2.7639e-05,-2.7879e-05,-2.8081e-05,-2.8239e-05,-2.8343e-05,-2.8389e-05,-2.8366e-05,-2.8268e-05,-2.8086e-05,-2.7813e-05,-2.744e-05,-2.696e-05,-2.6367e-05,-2.5653e-05,-2.4815e-05,-2.3848e-05,-2.2752e-05,-2.1525e-05,-2.0172e-05,-1.8695e-05,-1.7103e-05,-1.5407e-05,-1.362e-05,-1.1759e-05,-9.8429e-06,-7.8961e-06,-5.9438e-06,-4.0147e-06,-2.1388e-06,-3.4793e-07,1.326e-06,2.8516e-06,4.1987e-06,5.3403e-06,6.2527e-06,6.9172e-06,7.3207e-06,7.4562e-06,7.3234e-06,6.9283e-06,6.2832e-06,5.4055e-06,4.3169e-06,3.042e-06,1.6065e-06,3.6211e-08,-1.6379e-06,-3.2839e-06
-1.6351e-05,-1.6878e-05,-1.7397e-05,-1.7873e-05,-1.8305e-05,-1.8696e-05,-1.9049e-05,-1.9369e-05,-1.9659e-05,-1.9924e-05,-2.0169e-05,-2.0396e-05,-2.061e-05,-2.0815e-05,-2.1014e-05,-2.121e-05,-2.1407e-05,-2.1607e-05,-2.1812e-05,-2.2024e-05,-2.2246e-05,-2.2479e-05,-2.2723e-05,-2.2981e-05,-2.3253e-05,-2.3539e-05,-2.384e-05,-2.4156e-05,-2.4487e-05,-2.4832e-05,-2.5191e-05,-2.5562e-05,-2.5945e-05,-2.6338e-05,-2.6738e-05,-2.7144e-05,-2.7553e-05,-2.7961e-05,-2.8365e-05,-2.8761e-05,-2.9143e-05,-2.9507e-05,-2.9847e-05,-3.0157e-05,-3.0429e-05,-3.0657e-05,-3.0832e-05,-3.0947e-05,-3.0993e-05,-3.096e-05,-3.0841e-05,-3.0626e-05,-3.0306e-05,-2.9873e-05,-2.9318e-05,-2.8634e-05,-2.7814e-05,-2.6855e-05,-2.5752e-05,-2.4505e-05,-2.3115e-05,-2.1586e-05,-1.9923e-05,-1.8138e-05,-1.6243e-05,-1.4255e-05,-1.2194e-05,-1.0085e-05,-7.9536e-06,-5.8311e-06,-3.7501e-06,-1.7453e-06,1.4775e-07,1.8934e-06,3.4572e-06,4.8074e-06,5.9157e-06,6.7589e-06,7.3198e-06,7.5879e-06,7.5602e-06,7.2411e-06,6.6419e-06,5.7804e-06,4.6793e-06,3.3651e-06,1.8658e-06,2.0979e-07,-1.5688e-06,-3.3279e-06
-1.7614e-05,-1.8151e-05,-1.868e-05,-1.9165e-05,-1.9605e-05,-2.0003e-05,-2.0362e-05,-2.0686e-05,-2.098e-05,-2.1248e-05,-2.1494e-05,-2.1724e-05,-2.194e-05,-2.2146e-05,-2.2348e-05,-2.2547e-05,-2.2747e-05,-2.2952e-05,-2.3163e-05,-2.3383e-05,-2.3614e-05,-2.3858e-05,-2.4116e-05,-2.4389e-05,-2.4678e-05,-2.4985e-05,-2.5309e-05,-2.5651e-05,-2.601e-05,-2.6387e-05,-2.678e-05,-2.719e-05,-2.7614e-05,-2.8051e-05,-2.8499e-05,-2.8956e-05,-2.9419e-05,-2.9885e-05,-3.0349e-05,-3.0808e-05,-3.1257e-05,-3.169e-05,-3.21e-05,-3.2483e-05,-3.2829e-05,-3.3132e-05,-3.3382e-05,-3.3572e-05,-3.3691e-05,-3.373e-05,-3.3679e-05,-3.3528e-05,-3.3268e-05,-3.2888e-05,-3.2379e-05,-3.1731e-05,-3.0938e-05,-2.9994e-05,-2.8892e-05,-2.7632e-05,-2.6212e-05,-2.4636e-05,-2.2908e-05,-2.1038e-05,-1.9038e-05,-1.6924e-05,-1.4718e-05,-1.2443e-05,-1.0128e-05,-7.8047e-06,-5.5087e-06,-3.2775e-06,-1.1506e-06,8.3231e-07,2.632e-06,4.2116e-06,5.5375e-06,6.5816e-06,7.3218e-06,7.7435e-06,7.8403e-06,7.6142e-06,7.0754e-06,6.2416e-06,5.1363e-06,3.7879e-06,2.2269e-06,4.8452e-07,-1.402e-06,-3.2793e-06
-1.8927e-05,-1.9475e-05,-2.0015e-05,-2.0509e-05,-2.0958e-05,-2.1362e-05,-2.1727e-05,-2.2055e-05,-2.2352e-05,-2.2622e-05,-2.287e-05,-2.3099e-05,-2.3316e-05,-2.3523e-05,-2.3724e-05,-2.3925e-05,-2.4127e-05,-2.4334e-05,-2.4549e-05,-2.4775e-05,-2.5013e-05,-2.5266e-05,-2.5536e-05,-2.5823e-05,-2.6128e-05,-2.6454e-05,-2.68e-05,-2.7166e-05,-2.7553e-05,-2.7961e-05,-2.8389e-05,-2.8836e-05,-2.9301e-05,-2.9783e-05,-3.0279e-05,-3.0788e-05,-3.1306e-05,-3.183e-05,-3.2357e-05,-3.2881e-05,-3.3398e-05,-3.3902e-05,-3.4386e-05,-3.4844e-05,-3.5268e-05,-3.5649e-05,-3.5979e-05,-3.6248e-05,-3.6445e-05,-3.6561e-05,-3.6584e-05,-3.6503e-05,-3.6308e-05,-3.5988e-05,-3.5532e-05,-3.4929e-05,-3.417e-05,-3.3247e-05,-3.2154e-05,-3.0888e-05,-2.9446e-05,-2.7829e-05,-2.6041e-05,-2.4092e-05,-2.199e-05,-1.9754e-05,-1.7403e-05,-1.4962e-05,-1.2459e-05,-9.9297e-06,-7.4102e-06,-4.9415e-06,-2.5666e-06,-3.2981e-07,1.7247e-06,3.5546e-06,5.1206e-06,6.3886e-06,7.3313e-06,7.9291e-06,8.1715e-06,8.0575e-06,7.5955e-06,6.8024e-06,5.7029e-06,4.3267e-06,2.7071e-06,8.781e-07,-1.1193e-06,-3.12e-06
-2.0289e-05,-2.085e-05,-2.1402e-05,-2.1907e-05,-2.2364e-05,-2.2776e-05,-2.3146e-05,-2.3478e-05,-2.3777e-05,-2.4048e-05,-2.4295e-05,-2.4523e-05,-2.4738e-05,-2.4943e-05,-2.5143e-05,-2.5342e-05,-2.5543e-05,-2.5751e-05,-2.5968e-05,-2.6197e-05,-2.644e-05,-2.67e-05,-2.6979e-05,-2.7278e-05,-2.7598e-05,-2.7941e-05,-2.8307e-05,-2.8696e-05,-2.911e-05,-2.9548e-05,-3.0009e-05,-3.0493e-05,-3.0999e-05,-3.1525e-05,-3.2069e-05,-3.263e-05,-3.3204e-05,-3.3787e-05,-3.4377e-05,-3.4967e-05,-3.5554e-05,-3.6131e-05,-3.6691e-05,-3.7227e-05,-3.7731e-05,-3.8194e-05,-3.8606e-05,-3.8958e-05,-3.9237e-05,-3.9434e-05,-3.9537e-05,-3.9532e-05,-3.9408e-05,-3.9154e-05,-3.8757e-05,-3.8204e-05,-3.7486e-05,-3.6593e-05,-3.5517e-05,-3.4252e-05,-3.2795e-05,-3.1145e-05,-2.9305e-05,-2.7281e-05,-2.5084e-05,-2.2729e-05,-2.0235e-05,-1.7628e-05,-1.4937e-05,-1.2196e-05,-9.4462e-06,-6.73e-06,-4.0944e-06,-1.588e-06,7.3983e-07,2.8408e-06,4.6695e-06,6.1855e-06,7.3551e-06,8.153e-06,8.5639e-06,8.5828e-06,8.2156e-06,7.4784e-06,6.3959e-06,4.9997e-06,3.3255e-06,1.4106e-06,-7.0029e-07,-2.8294e-06
-2.1704e-05,-2.2278e-05,-2.2844e-05,-2.336e-05,-2.3827e-05,-2.4246e-05,-2.4621e-05,-2.4956e-05,-2.5256e-05,-2.5526e-05,-2.5771e-05,-2.5996e-05,-2.6207e-05,-2.6407e-05,-2.6603e-05,-2.6797e-05,-2.6995e-05,-2.72e-05,-2.7416e-05,-2.7645e-05,-2.7891e-05,-2.8155e-05,-2.8441e-05,-2.8749e-05,-2.9081e-05,-2.9439e-05,-2.9823e-05,-3.0234e-05,-3.0673e-05,-3.1139e-05,-3.1632e-05,-3.2152e-05,-3.2697e-05,-3.3267e-05,-3.3859e-05,-3.4471e-05,-3.5101e-05,-3.5744e-05,-3.6397e-05,-3.7054e-05,-3.7712e-05,-3.8362e-05,-3.9e-05,-3.9615e-05,-4.0202e-05,-4.0748e-05,-4.1246e-05,-4.1684e-05,-4.205e-05,-4.2332e-05,-4.2517e-05,-4.2593e-05,-4.2546e-05,-4.2362e-05,-4.203e-05,-4.1535e-05,-4.0865e-05,-4.0009e-05,-3.8956e-05,-3.77e-05,-3.6236e-05,-3.456e-05,-3.2675e-05,-3.0584e-05,-2.8297e-05,-2.5828e-05,-2.3195e-05,-2.0424e-05,-1.7543e-05,-1.4589e-05,-1.1604e-05,-8.6318e-06,-5.724e-06,-2.9335e-06,-3.1479e-07,2.0776e-06,4.1918e-06,5.9802e-06,7.402e-06,8.4255e-06,9.0292e-06,9.2037e-06,8.9515e-06,8.2869e-06,7.2346e-06,5.8276e-06,4.104e-06,2.1046e-06,-1.2176e-07,-2.384e-06
-2.317e-05,-2.376e-05,-2.4341e-05,-2.487e-05,-2.5347e-05,-2.5774e-05,-2.6154e-05,-2.6491e-05,-2.6791e-05,-2.7058e-05,-2.7299e-05,-2.7518e-05,-2.7722e-05,-2.7915e-05,-2.8102e-05,-2.8289e-05,-2.8481e-05,-2.868e-05,-2.8891e-05,-2.9117e-05,-2.9361e-05,-2.9627e-05,-2.9916e-05,-3.023e-05,-3.0572e-05,-3.0942e-05,-3.1341e-05,-3.1772e-05,-3.2233e-05,-3.2726e-05,-3.3249e-05,-3.3803e-05,-3.4387e-05,-3.5e-05,-3.5638e-05,-3.6301e-05,-3.6986e-05,-3.7688e-05,-3.8404e-05,-3.9129e-05,-3.9857e-05,-4.0582e-05,-4.1297e-05,-4.1994e-05,-4.2663e-05,-4.3296e-05,-4.3881e-05,-4.4407e-05,-4.4861e-05,-4.5231e-05,-4.5504e-05,-4.5664e-05,-4.5697e-05,-4.559e-05,-4.5327e-05,-4.4895e-05,-4.4279e-05,-4.3466e-05,-4.2444e-05,-4.1204e-05,-3.974e-05,-3.8046e-05,-3.6123e-05,-3.3972e-05,-3.1602e-05,-2.9025e-05,-2.6258e-05,-2.3326e-05,-2.0257e-05,-1.709e-05,-1.3865e-05,-1.0631e-05,-7.4411e-06,-4.3533e-06,-1.4273e-06,1.2762e-06,3.6982e-06,5.7835e-06,7.4837e-06,8.7592e-06,9.5819e-06,9.9364e-06,9.8212e-06,9.248e-06,8.2409e-06,6.8337e-06,5.0674e-06,2.9858e-06,6.4244e-07,-1.7575e-06
-2.4691e-05,-2.5299e-05,-2.5897e-05,-2.6441e-05,-2.6928e-05,-2.7363e-05,-2.7747e-05,-2.8085e-05,-2.8383e-05,-2.8646e-05,-2.888e-05,-2.909e-05,-2.9283e-05,-2.9465e-05,-2.9641e-05,-2.9817e-05,-2.9997e-05,-3.0186e-05,-3.0388e-05,-3.0607e-05,-3.0847e-05,-3.111e-05,-3.1398e-05,-3.1716e-05,-3.2063e-05,-3.2442e-05,-3.2855e-05,-3.3301e-05,-3.3783e-05,-3.43e-05,-3.4851e-05,-3.5438e-05,-3.6058e-05,-3.6711e-05,-3.7395e-05,-3.8108e-05,-3.8846e-05,-3.9606e-05,-4.0385e-05,-4.1176e-05,-4.1975e-05,-4.2775e-05,-4.3567e-05,-4.4345e-05,-4.5099e-05,-4.5818e-05,-4.6491e-05,-4.7107e-05,-4.7652e-05,-4.8112e-05,-4.8473e-05,-4.872e-05,-4.8838e-05,-4.881e-05,-4.8621e-05,-4.8257e-05,-4.77e-05,-4.6935e-05,-4.595e-05,-4.4733e-05,-4.3276e-05,-4.1572e-05,-3.9618e-05,-3.7415e-05,-3.4969e-05,-3.229e-05,-2.9395e-05,-2.6306e-05,-2.3053e-05,-1.9672e-05,-1.6206e-05,-1.2705e-05,-9.2262e-06,-5.8298e-06,-2.5815e-06,4.5168e-07,3.2033e-06,5.61e-06,7.6149e-06,9.1699e-06,1.0239e-05,1.08e-05,1.0846e-05,1.0385e-05,9.4394e-06,8.0446e-06,6.2433e-06,4.083e-06,1.6218e-06,-9.201e-07
-2.6267e-05,-2.6896e-05,-2.7514e-05,-2.8073e-05,-2.8573e-05,-2.9016e-05,-2.9404e-05,-2.9742e-05,-3.0036e-05,-3.0291e-05,-3.0515e-05,-3.0713e-05,-3.0892e-05,-3.1058e-05,-3.1218e-05,-3.1377e-05,-3.1541e-05,-3.1716e-05,-3.1904e-05,-3.2112e-05,-3.2342e-05,-3.2598e-05,-3.2883e-05,-3.3199e-05,-3.3548e-05,-3.3933e-05,-3.4355e-05,-3.4815e-05,-3.5313e-05,-3.5851e-05,-3.6428e-05,-3.7045e-05,-3.7699e-05,-3.8391e-05,-3.9118e-05,-3.9878e-05,-4.0669e-05,-4.1486e-05,-4.2326e-05,-4.3182e-05,-4.4051e-05,-4.4924e-05,-4.5794e-05,-4.6653e-05,-4.749e-05,-4.8295e-05,-4.9057e-05,-4.9763e-05,-5.0399e-05,-5.095e-05,-5.1401e-05,-5.1737e-05,-5.1941e-05,-5.1995e-05,-5.1883e-05,-5.159e-05,-5.1096e-05,-5.0385e-05,-4.9442e-05,-4.8254e-05,-4.681e-05,-4.5102e-05,-4.3124e-05,-4.0876e-05,-3.8361e-05,-3.5588e-05,-3.2571e-05,-2.9332e-05,-2.5898e-05,-2.2306e-05,-1.8599e-05,-1.4829e-05,-1.1055e-05,-7.3401e-06,-3.7562e-06,-3.7626e-07,2.7258e-06,5.478e-06,7.8142e-06,9.6769e-06,1.1021e-05,1.1816e-05,1.2049e-05,1.1723e-05,1.0858e-05,9.4899e-06,7.663e-06,5.4285e-06,2.8494e-06,1.617e-07
-2.7902e-05,-2.8555e-05,-2.9195e-05,-2.9773e-05,-3.0286e-05,-3.0736e-05,-3.1127e-05,-3.1464e-05,-3.1751e-05,-3.1996e-05,-3.2206e-05,-3.2387e-05,-3.2547e-05,-3.2693e-05,-3.2831e-05,-3.2969e-05,-3.3112e-05,-3.3266e-05,-3.3436e-05,-3.3627e-05,-3.3842e-05,-3.4086e-05,-3.4362e-05,-3.4672e-05,-3.502e-05,-3.5406e-05,-3.5833e-05,-3.6302e-05,-3.6815e-05,-3.7371e-05,-3.797e-05,-3.8613e-05,-3.93e-05,-4.0027e-05,-4.0795e-05,-4.1601e-05,-4.2442e-05,-4.3314e-05,-4.4212e-05,-4.5133e-05,-4.6069e-05,-4.7015e-05,-4.7961e-05,-4.8899e-05,-4.9819e-05,-5.0709e-05,-5.1559e-05,-5.2354e-05,-5.308e-05,-5.3723e-05,-5.4265e-05,-5.469e-05,-5.4981e-05,-5.5118e-05,-5.5085e-05,-5.4864e-05,-5.4437e-05,-5.3782e-05,-5.2886e-05,-5.1731e-05,-5.0306e-05,-4.8599e-05,-4.6605e-05,-4.4318e-05,-4.1742e-05,-3.8881e-05,-3.5749e-05,-3.2365e-05,-2.8756e-05,-2.4957e-05,-2.1011e-05,-1.697e-05,-1.2896e-05,-8.856e-06,-4.9251e-06,-1.1828e-06,2.2892e-06,5.4103e-06,8.1042e-06,1.0303e-05,1.1952e-05,1.301e-05,1.3458e-05,1.3291e-05,1.2529e-05,1.1203e-05,9.3616e-06,7.0586e-06,4.3623e-06,1.5253e-06
-2.9597e-05,-3.0279e-05,-3.0945e-05,-3.1543e-05,-3.2071e-05,-3.253e-05,-3.2923e-05,-3.3255e-05,-3.3533e-05,-3.3764e-05,-3.3955e-05,-3.4114e-05,-3.4249e-05,-3.4369e-05,-3.448e-05,-3.459e-05,-3.4705e-05,-3.4833e-05,-3.4978e-05,-3.5146e-05,-3.5341e-05,-3.5568e-05,-3.5829e-05,-3.6129e-05,-3.6469e-05,-3.6853e-05,-3.7281e-05,-3.7756e-05,-3.8278e-05,-3.8848e-05,-3.9466e-05,-4.0133e-05,-4.0848e-05,-4.1609e-05,-4.2415e-05,-4.3263e-05,-4.4151e-05,-4.5076e-05,-4.6031e-05,-4.7013e-05,-4.8015e-05,-4.903e-05,-5.005e-05,-5.1066e-05,-5.2067e-05,-5.3041e-05,-5.3977e-05,-5.486e-05,-5.5675e-05,-5.6407e-05,-5.7039e-05,-5.7553e-05,-5.793e-05,-5.8152e-05,-5.8198e-05,-5.805e-05,-5.769e-05,-5.7094e-05,-5.6246e-05,-5.5128e-05,-5.3725e-05,-5.2026e-05,-5.0019e-05,-4.77e-05,-4.5068e-05,-4.2127e-05,-3.8886e-05,-3.5364e-05,-3.1585e-05,-2.7583e-05,-2.3401e-05,-1.9091e-05,-1.4715e-05,-1.0344e-05,-6.0561e-06,-1.9377e-06,1.9224e-06,5.4345e-06,8.512e-06,1.1076e-05,1.306e-05,1.4413e-05,1.5104e-05,1.5125e-05,1.4486e-05,1.3222e-05,1.1378e-05,9.014e-06,6.2021e-06,3.2128e-06
-3.1359e-05,-3.2074e-05,-3.2769e-05,-3.339e-05,-3.3934e-05,-3.4401e-05,-3.4795e-05,-3.5121e-05,-3.5386e-05,-3.5598e-05,-3.5765e-05,-3.5896e-05,-3.6e-05,-3.6086e-05,-3.6162e-05,-3.6237e-05,-3.6318e-05,-3.6412e-05,-3.6526e-05,-3.6664e-05,-3.6832e-05,-3.7036e-05,-3.7277e-05,-3.756e-05,-3.7889e-05,-3.8264e-05,-3.8689e-05,-3.9164e-05,-3.9692e-05,-4.0273e-05,-4.0906e-05,-4.1593e-05,-4.2333e-05,-4.3124e-05,-4.3965e-05,-4.4853e-05,-4.5785e-05,-4.6759e-05,-4.7769e-05,-4.8809e-05,-4.9874e-05,-5.0956e-05,-5.2047e-05,-5.3138e-05,-5.4216e-05,-5.5272e-05,-5.6291e-05,-5.726e-05,-5.8162e-05,-5.8982e-05,-5.9701e-05,-6.0302e-05,-6.0764e-05,-6.1067e-05,-6.1192e-05,-6.1117e-05,-6.0823e-05,-6.0287e-05,-5.9489e-05,-5.8409e-05,-5.7031e-05,-5.5341e-05,-5.3326e-05,-5.0979e-05,-4.8297e-05,-4.528e-05,-4.1937e-05,-3.8283e-05,-3.434e-05,-3.014e-05,-2.5726e-05,-2.1148e-05,-1.647e-05,-1.1763e-05,-7.1117e-06,-2.6054e-06,1.6593e-06,5.5835e-06,9.07e-06,1.2028e-05,1.4378e-05,1.6057e-05,1.7024e-05,1.726e-05,1.6772e-05,1.5588e-05,1.3757e-05,1.134e-05,8.4151e-06,5.2707e-06
-3.319e-05,-3.3944e-05,-3.4673e-05,-3.5321e-05,-3.5882e-05,-3.6358e-05,-3.675e-05,-3.7067e-05,-3.7314e-05,-3.7502e-05,-3.7638e-05,-3.7734e-05,-3.7799e-05,-3.7843e-05,-3.7877e-05,-3.7909e-05,-3.7947e-05,-3.8e-05,-3.8074e-05,-3.8175e-05,-3.831e-05,-3.8483e-05,-3.8698e-05,-3.8959e-05,-3.9269e-05,-3.9631e-05,-4.0047e-05,-4.0519e-05,-4.1048e-05,-4.1635e-05,-4.228e-05,-4.2983e-05,-4.3743e-05,-4.4561e-05,-4.5433e-05,-4.6357e-05,-4.7331e-05,-4.8351e-05,-4.9411e-05,-5.0507e-05,-5.1632e-05,-5.2778e-05,-5.3936e-05,-5.5098e-05,-5.6252e-05,-5.7385e-05,-5.8484e-05,-5.9534e-05,-6.052e-05,-6.1424e-05,-6.2228e-05,-6.2912e-05,-6.3456e-05,-6.3839e-05,-6.4039e-05,-6.4034e-05,-6.3806e-05,-6.3328e-05,-6.2578e-05,-6.1536e-05,-6.0184e-05,-5.8504e-05,-5.6484e-05,-5.4112e-05,-5.1383e-05,-4.8296e-05,-4.4855e-05,-4.1074e-05,-3.6972e-05,-3.258e-05,-2.7937e-05,-2.3095e-05,-1.8114e-05,-1.3071e-05,-8.0488e-06,-3.1442e-06,1.54e-06,5.896e-06,9.8157e-06,1.3196e-05,1.5943e-05,1.7982e-05,1.9257e-05,1.974e-05,1.9429e-05,1.8349e-05,1.6548e-05,1.4088e-05,1.1053e-05,7.7514e-06
-3.5098e-05,-3.5897e-05,-3.6666e-05,-3.7344e-05,-3.7924e-05,-3.8407e-05,-3.8797e-05,-3.91e-05,-3.9324e-05,-3.948e-05,-3.9578e-05,-3.963e-05,-3.9647e-05,-3.9641e-05,-3.9622e-05,-3.9602e-05,-3.9588e-05,-3.9591e-05,-3.9617e-05,-3.9673e-05,-3.9766e-05,-3.9902e-05,-4.0083e-05,-4.0316e-05,-4.0602e-05,-4.0945e-05,-4.1347e-05,-4.181e-05,-4.2335e-05,-4.2924e-05,-4.3575e-05,-4.4291e-05,-4.5069e-05,-4.5908e-05,-4.6808e-05,-4.7765e-05,-4.8777e-05,-4.9838e-05,-5.0946e-05,-5.2094e-05,-5.3274e-05,-5.448e-05,-5.5703e-05,-5.6932e-05,-5.8156e-05,-5.9363e-05,-6.0538e-05,-6.1666e-05,-6.2731e-05,-6.3715e-05,-6.4598e-05,-6.5362e-05,-6.5984e-05,-6.6442e-05,-6.6713e-05,-6.6776e-05,-6.6608e-05,-6.6184e-05,-6.5481e-05,-6.4476e-05,-6.3147e-05,-6.1478e-05,-5.9452e-05,-5.7056e-05,-5.4282e-05,-5.1126e-05,-4.7592e-05,-4.3688e-05,-3.9432e-05,-3.4851e-05,-2.9984e-05,-2.4879e-05,-1.9598e-05,-1.4215e-05,-8.8187e-06,-3.5072e-06,1.6098e-06,6.4161e-06,1.0793e-05,1.4623e-05,1.78e-05,2.0232e-05,2.185e-05,2.2613e-05,2.251e-05,2.1558e-05,1.9804e-05,1.7313e-05,1.4173e-05,1.0713e-05
-3.7089e-05,-3.7942e-05,-3.8758e-05,-3.947e-05,-4.007e-05,-4.056e-05,-4.0943e-05,-4.1227e-05,-4.1422e-05,-4.1538e-05,-4.1589e-05,-4.1587e-05,-4.1546e-05,-4.1478e-05,-4.1397e-05,-4.1313e-05,-4.1237e-05,-4.1179e-05,-4.1148e-05,-4.1151e-05,-4.1194e-05,-4.1284e-05,-4.1425e-05,-4.1622e-05,-4.1878e-05,-4.2196e-05,-4.2578e-05,-4.3027e-05,-4.3544e-05,-4.4129e-05,-4.4783e-05,-4.5506e-05,-4.6298e-05,-4.7156e-05,-4.8079e-05,-4.9065e-05,-5.011e-05,-5.1211e-05,-5.2362e-05,-5.3557e-05,-5.4789e-05,-5.6051e-05,-5.7334e-05,-5.8626e-05,-5.9916e-05,-6.1191e-05,-6.2437e-05,-6.3638e-05,-6.4777e-05,-6.5835e-05,-6.6793e-05,-6.763e-05,-6.8324e-05,-6.8852e-05,-6.919e-05,-6.9315e-05,-6.9201e-05,-6.8828e-05,-6.8167e-05,-6.7193e-05,-6.5886e-05,-6.4224e-05,-6.2189e-05,-5.9768e-05,-5.6949e-05,-5.3726e-05,-5.0098e-05,-4.6074e-05,-4.1666e-05,-3.69e-05,-3.1812e-05,-2.6447e-05,-2.0866e-05,-1.5144e-05,-9.3682e-06,-3.6421e-06,1.9199e-06,7.1938e-06,1.205e-05,1.6358e-05,1.9996e-05,2.2857e-05,2.4855e-05,2.5933e-05,2.6069e-05,2.5274e-05,2.3589e-05,2.1079e-05,1.784e-05,1.4219e-05
-3.9174e-05,-4.009e-05,-4.0959e-05,-4.171e-05,-4.2332e-05,-4.2828e-05,-4.3201e-05,-4.346e-05,-4.3616e-05,-4.3683e-05,-4.3675e-05,-4.3608e-05,-4.3496e-05,-4.3354e-05,-4.3198e-05,-4.3039e-05,-4.289e-05,-4.2761e-05,-4.2662e-05,-4.2601e-05,-4.2585e-05,-4.2621e-05,-4.2713e-05,-4.2867e-05,-4.3086e-05,-4.3373e-05,-4.3731e-05,-4.416e-05,-4.4663e-05,-4.5241e-05,-4.5893e-05,-4.662e-05,-4.742e-05,-4.8293e-05,-4.9236e-05,-5.0247e-05,-5.1322e-05,-5.2457e-05,-5.3647e-05,-5.4886e-05,-5.6166e-05,-5.748e-05,-5.8817e-05,-6.0167e-05,-6.1518e-05,-6.2857e-05,-6.4168e-05,-6.5436e-05,-6.6642e-05,-6.7769e-05,-6.8795e-05,-6.9699e-05,-7.0459e-05,-7.105e-05,-7.1447e-05,-7.1627e-05,-7.1563e-05,-7.1233e-05,-7.0606e-05,-6.9659e-05,-6.8366e-05,-6.6706e-05,-6.466e-05,-6.221e-05,-5.9342e-05,-5.6049e-05,-5.2328e-05,-4.8182e-05,-4.3624e-05,-3.8674e-05,-3.3365e-05,-2.7741e-05,-2.1861e-05,-1.5798e-05,-9.64e-06,-3.4921e-06,2.5266e-06,8.2845e-06,1.3642e-05,1.8456e-05,2.2588e-05,2.5913e-05,2.8329e-05,2.9761e-05,3.0172e-05,2.9562e-05,2.7969e-05,2.5457e-05,2.2126e-05,1.8343e-05
-4.1365e-05,-4.2354e-05,-4.3287e-05,-4.4081e-05,-4.4727e-05,-4.5226e-05,-4.5583e-05,-4.5809e-05,-4.5916e-05,-4.5922e-05,-4.5842e-05,-4.5695e-05,-4.5498e-05,-4.5269e-05,-4.5023e-05,-4.4776e-05,-4.454e-05,-4.4328e-05,-4.415e-05,-4.4015e-05,-4.393e-05,-4.3904e-05,-4.394e-05,-4.4043e-05,-4.4219e-05,-4.4468e-05,-4.4794e-05,-4.5199e-05,-4.5684e-05,-4.6249e-05,-4.6895e-05,-4.7621e-05,-4.8427e-05,-4.931e-05,-5.0269e-05,-5.1301e-05,-5.2402e-05,-5.3568e-05,-5.4793e-05,-5.6071e-05,-5.7394e-05,-5.8754e-05,-6.0141e-05,-6.1545e-05,-6.2951e-05,-6.4347e-05,-6.5718e-05,-6.7046e-05,-6.8314e-05,-6.9502e-05,-7.0589e-05,-7.1553e-05,-7.237e-05,-7.3016e-05,-7.3465e-05,-7.3692e-05,-7.3668e-05,-7.3373e-05,-7.2774e-05,-7.1844e-05,-7.0559e-05,-6.8895e-05,-6.6829e-05,-6.4343e-05,-6.1422e-05,-5.8055e-05,-5.4236e-05,-4.9967e-05,-4.5255e-05,-4.012e-05,-3.459e-05,-2.8706e-05,-2.2525e-05,-1.6118e-05,-9.5735e-06,-2.9963e-06,3.4904e-06,9.7489e-06,1.563e-05,2.0977e-05,2.5636e-05,2.9464e-05,3.2337e-05,3.4163e-05,3.4887e-05,3.4497e-05,3.3022e-05,3.0525e-05,2.7109e-05,2.3164e-05
-4.3677e-05,-4.4753e-05,-4.5758e-05,-4.6601e-05,-4.7272e-05,-4.7771e-05,-4.8105e-05,-4.8288e-05,-4.8334e-05,-4.8263e-05,-4.8096e-05,-4.7853e-05,-4.7554e-05,-4.722e-05,-4.687e-05,-4.6519e-05,-4.6182e-05,-4.5874e-05,-4.5604e-05,-4.5384e-05,-4.5221e-05,-4.5122e-05,-4.5094e-05,-4.514e-05,-4.5264e-05,-4.547e-05,-4.576e-05,-4.6135e-05,-4.6596e-05,-4.7145e-05,-4.778e-05,-4.8502e-05,-4.9309e-05,-5.0199e-05,-5.117e-05,-5.2219e-05,-5.3343e-05,-5.4535e-05,-5.5791e-05,-5.7103e-05,-5.8465e-05,-5.9867e-05,-6.1299e-05,-6.275e-05,-6.4206e-05,-6.5654e-05,-6.7077e-05,-6.8459e-05,-6.9781e-05,-7.1023e-05,-7.2163e-05,-7.3178e-05,-7.4044e-05,-7.4737e-05,-7.5228e-05,-7.5492e-05,-7.5501e-05,-7.523e-05,-7.4648e-05,-7.3727e-05,-7.2439e-05,-7.076e-05,-6.8666e-05,-6.6137e-05,-6.3154e-05,-5.9705e-05,-5.5782e-05,-5.1382e-05,-4.6512e-05,-4.1187e-05,-3.5432e-05,-2.9286e-05,-2.28e-05,-1.6045e-05,-9.1068e-06,-2.0916e-06,4.8757e-06,1.1652e-05,1.8079e-05,2.3988e-05,2.9209e-05,3.3578e-05,3.6952e-05,3.9215e-05,4.0294e-05,4.0161e-05,3.8833e-05,3.637e-05,3.2879e-05,2.877e-05
-4.6129e-05,-4.7308e-05,-4.8397e-05,-4.9295e-05,-4.999e-05,-5.0485e-05,-5.0787e-05,-5.0913e-05,-5.0882e-05,-5.0717e-05,-5.0443e-05,-5.0084e-05,-4.9665e-05,-4.9207e-05,-4.8734e-05,-4.8262e-05,-4.7809e-05,-4.739e-05,-4.7017e-05,-4.6699e-05,-4.6447e-05,-4.6267e-05,-4.6165e-05,-4.6146e-05,-4.6213e-05,-4.6369e-05,-4.6617e-05,-4.6957e-05,-4.7391e-05,-4.7919e-05,-4.854e-05,-4.9253e-05,-5.0058e-05,-5.0951e-05,-5.1931e-05,-5.2994e-05,-5.4136e-05,-5.5351e-05,-5.6633e-05,-5.7977e-05,-5.9372e-05,-6.0811e-05,-6.2283e-05,-6.3775e-05,-6.5275e-05,-6.6768e-05,-6.8238e-05,-6.9666e-05,-7.1034e-05,-7.2322e-05,-7.3506e-05,-7.4564e-05,-7.547e-05,-7.6199e-05,-7.6723e-05,-7.7014e-05,-7.7044e-05,-7.6786e-05,-7.621e-05,-7.5286e-05,-7.3985e-05,-7.228e-05,-7.0147e-05,-6.7562e-05,-6.4507e-05,-6.0966e-05,-5.6928e-05,-5.239e-05,-4.7353e-05,-4.183e-05,-3.5843e-05,-2.9426e-05,-2.2629e-05,-1.5518e-05,-8.178e-06,-7.1351e-07,6.7488e-06,1.4061e-05,2.1059e-05,2.756e-05,3.3379e-05,3.8333e-05,4.2253e-05,4.5002e-05,4.6481e-05,4.6645e-05,4.5498e-05,4.3092e-05,3.9535e-05,3.5262e-05
-4.8745e-05,-5.0045e-05,-5.1232e-05,-5.2191e-05,-5.2911e-05,-5.3393e-05,-5.3651e-05,-5.3703e-05,-5.3575e-05,-5.3294e-05,-5.289e-05,-5.2393e-05,-5.183e-05,-5.1228e-05,-5.0611e-05,-5e-05,-4.9414e-05,-4.8868e-05,-4.8377e-05,-4.795e-05,-4.7598e-05,-4.7327e-05,-4.7143e-05,-4.7051e-05,-4.7054e-05,-4.7155e-05,-4.7356e-05,-4.7657e-05,-4.8059e-05,-4.8562e-05,-4.9165e-05,-4.9867e-05,-5.0667e-05,-5.156e-05,-5.2546e-05,-5.3619e-05,-5.4775e-05,-5.6009e-05,-5.7315e-05,-5.8685e-05,-6.011e-05,-6.1581e-05,-6.3087e-05,-6.4616e-05,-6.6154e-05,-6.7685e-05,-6.9194e-05,-7.0661e-05,-7.2068e-05,-7.3393e-05,-7.4613e-05,-7.5704e-05,-7.664e-05,-7.7395e-05,-7.794e-05,-7.8248e-05,-7.8287e-05,-7.803e-05,-7.7448e-05,-7.6508e-05,-7.518e-05,-7.3436e-05,-7.125e-05,-6.8598e-05,-6.5456e-05,-6.181e-05,-5.7646e-05,-5.2956e-05,-4.774e-05,-4.2008e-05,-3.5777e-05,-2.9079e-05,-2.196e-05,-1.4482e-05,-6.727e-06,1.2014e-06,9.1765e-06,1.7048e-05,2.4643e-05,3.177e-05,3.8228e-05,4.3811e-05,4.8328e-05,5.1614e-05,5.3546e-05,5.4054e-05,5.3124e-05,5.0801e-05,4.719e-05,4.2751e-05
-5.1555e-05,-5.2999e-05,-5.4298e-05,-5.5326e-05,-5.6067e-05,-5.6527e-05,-5.6723e-05,-5.6681e-05,-5.6431e-05,-5.6007e-05,-5.5446e-05,-5.4783e-05,-5.405e-05,-5.3278e-05,-5.2495e-05,-5.1724e-05,-5.0985e-05,-5.0297e-05,-4.9673e-05,-4.9125e-05,-4.8661e-05,-4.829e-05,-4.8016e-05,-4.7845e-05,-4.7778e-05,-4.7819e-05,-4.7968e-05,-4.8226e-05,-4.8593e-05,-4.9068e-05,-4.965e-05,-5.0338e-05,-5.1129e-05,-5.202e-05,-5.3008e-05,-5.4089e-05,-5.5257e-05,-5.6507e-05,-5.7832e-05,-5.9224e-05,-6.0675e-05,-6.2173e-05,-6.3709e-05,-6.5269e-05,-6.6838e-05,-6.8402e-05,-6.9943e-05,-7.1442e-05,-7.2879e-05,-7.4233e-05,-7.5479e-05,-7.6593e-05,-7.7549e-05,-7.8318e-05,-7.8874e-05,-7.9185e-05,-7.9221e-05,-7.8952e-05,-7.8351e-05,-7.7381e-05,-7.6013e-05,-7.4215e-05,-7.1962e-05,-6.9227e-05,-6.5984e-05,-6.2217e-05,-5.7911e-05,-5.3054e-05,-4.7644e-05,-4.1687e-05,-3.5198e-05,-2.8204e-05,-2.0747e-05,-1.2885e-05,-4.6982e-06,3.7134e-06,1.2224e-05,2.068e-05,2.8905e-05,3.6697e-05,4.3838e-05,5.0103e-05,5.5273e-05,5.9156e-05,6.1599e-05,6.2502e-05,6.1833e-05,5.9622e-05,5.5971e-05,5.1362e-05
-5.4598e-05,-5.6212e-05,-5.7642e-05,-5.8743e-05,-5.95e-05,-5.9924e-05,-6.0037e-05,-5.9872e-05,-5.9469e-05,-5.8869e-05,-5.8118e-05,-5.7256e-05,-5.6322e-05,-5.5353e-05,-5.4378e-05,-5.3424e-05,-5.2514e-05,-5.1665e-05,-5.0893e-05,-5.021e-05,-4.9624e-05,-4.9143e-05,-4.8772e-05,-4.8515e-05,-4.8373e-05,-4.8349e-05,-4.8442e-05,-4.8654e-05,-4.8983e-05,-4.9428e-05,-4.9987e-05,-5.0659e-05,-5.1439e-05,-5.2326e-05,-5.3314e-05,-5.44e-05,-5.5578e-05,-5.684e-05,-5.8182e-05,-5.9593e-05,-6.1065e-05,-6.2588e-05,-6.4148e-05,-6.5733e-05,-6.7329e-05,-6.8918e-05,-7.0485e-05,-7.2008e-05,-7.3467e-05,-7.4841e-05,-7.6104e-05,-7.7231e-05,-7.8196e-05,-7.897e-05,-7.9523e-05,-7.9825e-05,-7.9845e-05,-7.9551e-05,-7.8915e-05,-7.79e-05,-7.6474e-05,-7.4606e-05,-7.2269e-05,-6.9433e-05,-6.6076e-05,-6.2173e-05,-5.7707e-05,-5.2666e-05,-4.7043e-05,-4.0843e-05,-3.4076e-05,-2.6766e-05,-1.8951e-05,-1.0685e-05,-2.0433e-06,6.8769e-06,1.5951e-05,2.5026e-05,3.3919e-05,4.2421e-05,5.0297e-05,5.7303e-05,6.3193e-05,6.7741e-05,7.076e-05,7.2121e-05,7.1762e-05,6.9697e-05,6.6022e-05,6.124e-05
-5.7924e-05,-5.9739e-05,-6.132e-05,-6.2499e-05,-6.3264e-05,-6.363e-05,-6.363e-05,-6.3307e-05,-6.2711e-05,-6.1895e-05,-6.0913e-05,-5.9814e-05,-5.8645e-05,-5.7445e-05,-5.625e-05,-5.5089e-05,-5.3985e-05,-5.2958e-05,-5.2023e-05,-5.1192e-05,-5.0474e-05,-4.9875e-05,-4.9399e-05,-4.905e-05,-4.8828e-05,-4.8735e-05,-4.8771e-05,-4.8934e-05,-4.9223e-05,-4.9636e-05,-5.0171e-05,-5.0825e-05,-5.1594e-05,-5.2474e-05,-5.3461e-05,-5.4551e-05,-5.5735e-05,-5.7009e-05,-5.8364e-05,-5.9792e-05,-6.1282e-05,-6.2823e-05,-6.4404e-05,-6.6009e-05,-6.7625e-05,-6.9235e-05,-7.0819e-05,-7.2359e-05,-7.3833e-05,-7.5218e-05,-7.6489e-05,-7.762e-05,-7.8583e-05,-7.935e-05,-7.9889e-05,-8.0171e-05,-8.0161e-05,-7.9828e-05,-7.9143e-05,-7.8067e-05,-7.6569e-05,-7.4615e-05,-7.2175e-05,-6.9221e-05,-6.5725e-05,-6.1664e-05,-5.7019e-05,-5.1776e-05,-4.5924e-05,-3.9462e-05,-3.2395e-05,-2.4745e-05,-1.6548e-05,-7.8499e-06,1.2761e-06,1.0737e-05,2.0411e-05,3.0145e-05,3.9755e-05,4.9021e-05,5.7696e-05,6.5512e-05,7.2197e-05,7.749e-05,8.1166e-05,8.3057e-05,8.3069e-05,8.1191e-05,7.7509e-05,7.2548e-05
-6.1594e-05,-6.3651e-05,-6.5403e-05,-6.6664e-05,-6.7421e-05,-6.7701e-05,-6.7548e-05,-6.7019e-05,-6.618e-05,-6.5098e-05,-6.3837e-05,-6.2457e-05,-6.1011e-05,-5.9545e-05,-5.8098e-05,-5.6702e-05,-5.5382e-05,-5.4158e-05,-5.3045e-05,-5.2054e-05,-5.1193e-05,-5.0468e-05,-4.9882e-05,-4.9436e-05,-4.9132e-05,-4.8968e-05,-4.8944e-05,-4.9057e-05,-4.9306e-05,-4.9686e-05,-5.0196e-05,-5.0832e-05,-5.1589e-05,-5.2462e-05,-5.3448e-05,-5.454e-05,-5.573e-05,-5.7013e-05,-5.8379e-05,-5.982e-05,-6.1324e-05,-6.2881e-05,-6.4478e-05,-6.6099e-05,-6.773e-05,-6.9353e-05,-7.095e-05,-7.2499e-05,-7.398e-05,-7.5368e-05,-7.6638e-05,-7.7763e-05,-7.8714e-05,-7.9463e-05,-7.9978e-05,-8.0226e-05,-8.0174e-05,-7.979e-05,-7.9041e-05,-7.789e-05,-7.6303e-05,-7.4246e-05,-7.1688e-05,-6.8597e-05,-6.4944e-05,-6.0706e-05,-5.5858e-05,-5.0386e-05,-4.4277e-05,-3.7527e-05,-3.0141e-05,-2.2129e-05,-1.3522e-05,-4.3603e-06,5.2845e-06,1.5326e-05,2.5644e-05,3.6089e-05,4.6472e-05,5.657e-05,6.6119e-05,7.4833e-05,8.2406e-05,8.8541e-05,9.2969e-05,9.5478e-05,9.5934e-05,9.4293e-05,9.0625e-05,8.5477e-05
-6.5692e-05,-6.8036e-05,-6.9986e-05,-7.1326e-05,-7.2052e-05,-7.2203e-05,-7.1843e-05,-7.1048e-05,-6.9904e-05,-6.8493e-05,-6.6894e-05,-6.5179e-05,-6.341e-05,-6.1637e-05,-5.9904e-05,-5.8245e-05,-5.6685e-05,-5.5245e-05,-5.3938e-05,-5.2776e-05,-5.1764e-05,-5.0907e-05,-5.0206e-05,-4.9661e-05,-4.9272e-05,-4.9037e-05,-4.8952e-05,-4.9016e-05,-4.9224e-05,-4.9573e-05,-5.0059e-05,-5.0677e-05,-5.1422e-05,-5.229e-05,-5.3273e-05,-5.4366e-05,-5.5562e-05,-5.6852e-05,-5.8228e-05,-5.9679e-05,-6.1196e-05,-6.2765e-05,-6.4373e-05,-6.6006e-05,-6.7647e-05,-6.9279e-05,-7.0881e-05,-7.2433e-05,-7.3913e-05,-7.5296e-05,-7.6556e-05,-7.7666e-05,-7.8596e-05,-7.9317e-05,-7.9796e-05,-7.9999e-05,-7.9894e-05,-7.9445e-05,-7.8619e-05,-7.7379e-05,-7.5689e-05,-7.3514e-05,-7.082e-05,-6.7575e-05,-6.3748e-05,-5.9312e-05,-5.4242e-05,-4.8519e-05,-4.2128e-05,-3.5061e-05,-2.732e-05,-1.8912e-05,-9.8653e-06,-2.1143e-07,9.9896e-06,2.0658e-05,3.1675e-05,4.2892e-05,5.4121e-05,6.5132e-05,7.5651e-05,8.5366e-05,9.3942e-05,0.00010104,0.00010634,0.00010957,0.00011056,0.00010922,0.0001056,0.00010025
-7.0326e-05,-7.3013e-05,-7.5186e-05,-7.6597e-05,-7.7254e-05,-7.7217e-05,-7.6577e-05,-7.5436e-05,-7.3906e-05,-7.2089e-05,-7.0083e-05,-6.7972e-05,-6.5825e-05,-6.3701e-05,-6.1645e-05,-5.9692e-05,-5.7869e-05,-5.6194e-05,-5.4681e-05,-5.3337e-05,-5.2168e-05,-5.1174e-05,-5.0355e-05,-4.971e-05,-4.9236e-05,-4.893e-05,-4.8786e-05,-4.8802e-05,-4.8972e-05,-4.9291e-05,-4.9755e-05,-5.0357e-05,-5.1092e-05,-5.1954e-05,-5.2936e-05,-5.4031e-05,-5.5232e-05,-5.6529e-05,-5.7913e-05,-5.9374e-05,-6.09e-05,-6.2478e-05,-6.4095e-05,-6.5736e-05,-6.7382e-05,-6.9017e-05,-7.0619e-05,-7.2168e-05,-7.364e-05,-7.5011e-05,-7.6253e-05,-7.7339e-05,-7.8239e-05,-7.8922e-05,-7.9354e-05,-7.9503e-05,-7.9333e-05,-7.8807e-05,-7.7892e-05,-7.655e-05,-7.4743e-05,-7.2436e-05,-6.9592e-05,-6.6177e-05,-6.2159e-05,-5.7507e-05,-5.2195e-05,-4.62e-05,-3.9504e-05,-3.2096e-05,-2.397e-05,-1.5133e-05,-5.6019e-06,4.5904e-06,1.5391e-05,2.6731e-05,3.8506e-05,5.0568e-05,6.273e-05,7.4755e-05,8.6359e-05,9.7206e-05,0.00010693,0.00011514,0.00012146,0.00012556,0.00012721,0.00012625,0.00012269,0.00011713
-7.5638e-05,-7.8737e-05,-8.1158e-05,-8.262e-05,-8.3149e-05,-8.284e-05,-8.1819e-05,-8.0228e-05,-7.8209e-05,-7.5893e-05,-7.3396e-05,-7.0815e-05,-6.8231e-05,-6.5705e-05,-6.3287e-05,-6.1011e-05,-5.8902e-05,-5.6976e-05,-5.5245e-05,-5.3712e-05,-5.238e-05,-5.1247e-05,-5.0311e-05,-4.9567e-05,-4.901e-05,-4.8636e-05,-4.8437e-05,-4.8409e-05,-4.8544e-05,-4.8837e-05,-4.9281e-05,-4.987e-05,-5.0598e-05,-5.1456e-05,-5.2439e-05,-5.3537e-05,-5.4743e-05,-5.6047e-05,-5.7439e-05,-5.8908e-05,-6.0442e-05,-6.2027e-05,-6.365e-05,-6.5294e-05,-6.6942e-05,-6.8575e-05,-7.0172e-05,-7.1712e-05,-7.3171e-05,-7.4522e-05,-7.574e-05,-7.6794e-05,-7.7655e-05,-7.8291e-05,-7.8669e-05,-7.8753e-05,-7.8507e-05,-7.7896e-05,-7.6881e-05,-7.5425e-05,-7.349e-05,-7.1038e-05,-6.8031e-05,-6.4433e-05,-6.0209e-05,-5.5327e-05,-4.9756e-05,-4.347e-05,-3.6448e-05,-2.8674e-05,-2.0137e-05,-1.0838e-05,-7.8726e-07,9.9895e-06,2.1449e-05,3.3525e-05,4.6118e-05,5.9104e-05,7.2301e-05,8.5462e-05,9.8293e-05,0.00011044,0.00012149,0.000131,0.00013854,0.0001437,0.00014615,0.00014568,0.00014225,0.00013645
-8.182e-05,-8.5415e-05,-8.8107e-05,-8.9578e-05,-8.9888e-05,-8.9184e-05,-8.7647e-05,-8.5469e-05,-8.2832e-05,-7.99e-05,-7.6811e-05,-7.3678e-05,-7.0589e-05,-6.761e-05,-6.479e-05,-6.2161e-05,-5.9745e-05,-5.7554e-05,-5.5596e-05,-5.387e-05,-5.2374e-05,-5.1104e-05,-5.0053e-05,-4.9214e-05,-4.8581e-05,-4.8143e-05,-4.7895e-05,-4.7827e-05,-4.7933e-05,-4.8205e-05,-4.8635e-05,-4.9215e-05,-4.9938e-05,-5.0797e-05,-5.1782e-05,-5.2885e-05,-5.4098e-05,-5.5409e-05,-5.6809e-05,-5.8286e-05,-5.9827e-05,-6.1418e-05,-6.3044e-05,-6.469e-05,-6.6336e-05,-6.7963e-05,-6.9551e-05,-7.1076e-05,-7.2516e-05,-7.3842e-05,-7.5028e-05,-7.6045e-05,-7.686e-05,-7.7443e-05,-7.7757e-05,-7.7768e-05,-7.744e-05,-7.6733e-05,-7.561e-05,-7.4032e-05,-7.196e-05,-6.9353e-05,-6.6173e-05,-6.2382e-05,-5.7941e-05,-5.2816e-05,-4.6973e-05,-4.0382e-05,-3.3017e-05,-2.4857e-05,-1.5885e-05,-6.0961e-06,4.5082e-06,1.5912e-05,2.8081e-05,4.096e-05,5.4462e-05,6.8465e-05,8.2801e-05,9.7242e-05,0.00011147,0.00012512,0.00013772,0.00014879,0.00015781,0.00016426,0.00016773,0.00016791,0.00016466,0.00015861
-8.9134e-05,-9.3327e-05,-9.6301e-05,-9.7704e-05,-9.7657e-05,-9.6384e-05,-9.4144e-05,-9.1196e-05,-8.7777e-05,-8.4087e-05,-8.029e-05,-7.6511e-05,-7.2845e-05,-6.9359e-05,-6.6097e-05,-6.3088e-05,-6.0348e-05,-5.7884e-05,-5.5694e-05,-5.3776e-05,-5.212e-05,-5.0718e-05,-4.956e-05,-4.8634e-05,-4.7931e-05,-4.7439e-05,-4.7149e-05,-4.705e-05,-4.7134e-05,-4.7391e-05,-4.7813e-05,-4.839e-05,-4.9114e-05,-4.9977e-05,-5.0968e-05,-5.208e-05,-5.3301e-05,-5.4622e-05,-5.6031e-05,-5.7516e-05,-5.9063e-05,-6.0659e-05,-6.2287e-05,-6.3931e-05,-6.5572e-05,-6.7191e-05,-6.8766e-05,-7.0273e-05,-7.1689e-05,-7.2986e-05,-7.4135e-05,-7.5108e-05,-7.5873e-05,-7.6395e-05,-7.6641e-05,-7.6574e-05,-7.6156e-05,-7.5348e-05,-7.4111e-05,-7.2405e-05,-7.0189e-05,-6.7422e-05,-6.4064e-05,-6.0072e-05,-5.5408e-05,-5.0033e-05,-4.391e-05,-3.7004e-05,-2.9285e-05,-2.0724e-05,-1.1301e-05,-9.9923e-07,1.0188e-05,2.2255e-05,3.5182e-05,4.8927e-05,6.342e-05,7.8552e-05,9.4164e-05,0.00011004,0.00012587,0.00014126,0.00015572,0.00016867,0.0001795,0.00018759,0.00019238,0.00019341,0.00019046,0.00018412
-9.7948e-05,-0.00010286,-0.0001061,-0.0001073,-0.00010668,-0.00010459,-0.00010139,-9.7431e-05,-9.3023e-05,-8.8406e-05,-8.3765e-05,-7.9238e-05,-7.492e-05,-7.0874e-05,-6.7136e-05,-6.3727e-05,-6.0653e-05,-5.7912e-05,-5.5495e-05,-5.339e-05,-5.1584e-05,-5.0061e-05,-4.8807e-05,-4.7806e-05,-4.7045e-05,-4.651e-05,-4.6189e-05,-4.607e-05,-4.6141e-05,-4.6393e-05,-4.6814e-05,-4.7395e-05,-4.8126e-05,-4.8998e-05,-5.0001e-05,-5.1125e-05,-5.2358e-05,-5.369e-05,-5.511e-05,-5.6604e-05,-5.8158e-05,-5.9758e-05,-6.1387e-05,-6.3029e-05,-6.4664e-05,-6.6272e-05,-6.7831e-05,-6.9317e-05,-7.0706e-05,-7.197e-05,-7.3079e-05,-7.4005e-05,-7.4715e-05,-7.5174e-05,-7.5347e-05,-7.5198e-05,-7.4687e-05,-7.3775e-05,-7.2421e-05,-7.0584e-05,-6.8222e-05,-6.5294e-05,-6.1755e-05,-5.7562e-05,-5.2673e-05,-4.7047e-05,-4.0642e-05,-3.3419e-05,-2.5341e-05,-1.6375e-05,-6.4909e-06,4.3372e-06,1.6127e-05,2.8887e-05,4.2612e-05,5.728e-05,7.2839e-05,8.9204e-05,0.00010624,0.00012373,0.0001414,0.00015883,0.0001755,0.00019076,0.00020387,0.00021406,0.00022058,0.0002228,0.00022031,0.00021365
-0.00010878,-0.00011455,-0.000118,-0.00011876,-0.00011723,-0.00011395,-0.00010943,-0.00010416,-9.8509e-05,-9.2764e-05,-8.713e-05,-8.1748e-05,-7.6706e-05,-7.2053e-05,-6.7815e-05,-6.3995e-05,-6.0587e-05,-5.7575e-05,-5.4944e-05,-5.2667e-05,-5.0727e-05,-4.91e-05,-4.7767e-05,-4.6708e-05,-4.5906e-05,-4.5343e-05,-4.5005e-05,-4.4878e-05,-4.4949e-05,-4.5206e-05,-4.5636e-05,-4.623e-05,-4.6976e-05,-4.7864e-05,-4.8884e-05,-5.0024e-05,-5.1274e-05,-5.2621e-05,-5.4053e-05,-5.5558e-05,-5.712e-05,-5.8725e-05,-6.0356e-05,-6.1995e-05,-6.3623e-05,-6.5219e-05,-6.6761e-05,-6.8225e-05,-6.9585e-05,-7.0813e-05,-7.1882e-05,-7.2759e-05,-7.3411e-05,-7.3806e-05,-7.3905e-05,-7.3673e-05,-7.3069e-05,-7.2054e-05,-7.0583e-05,-6.8617e-05,-6.6112e-05,-6.3024e-05,-5.9308e-05,-5.4919e-05,-4.9811e-05,-4.3939e-05,-3.7258e-05,-2.9724e-05,-2.1294e-05,-1.1927e-05,-1.583e-06,9.7728e-06,2.2172e-05,3.5639e-05,5.0189e-05,6.5822e-05,8.2513e-05,0.00010021,0.0001188,0.00013812,0.00015788,0.0001777,0.00019703,0.00021514,0.00023115,0.00024409,0.00025297,0.00025686,0.0002551,0.00024812
-0.00012241,-0.00012919,-0.00013267,-0.00013258,-0.00012962,-0.0001246,-0.0001183,-0.00011131,-0.00010411,-9.7006e-05,-9.0222e-05,-8.3882e-05,-7.8054e-05,-7.2764e-05,-6.8016e-05,-6.3789e-05,-6.0064e-05,-5.6802e-05,-5.3978e-05,-5.1556e-05,-4.9507e-05,-4.7802e-05,-4.6414e-05,-4.5319e-05,-4.4496e-05,-4.3925e-05,-4.3588e-05,-4.3469e-05,-4.3553e-05,-4.3828e-05,-4.4279e-05,-4.4896e-05,-4.5666e-05,-4.6578e-05,-4.7621e-05,-4.8784e-05,-5.0054e-05,-5.142e-05,-5.2869e-05,-5.4387e-05,-5.596e-05,-5.7571e-05,-5.9205e-05,-6.0842e-05,-6.2463e-05,-6.4048e-05,-6.5573e-05,-6.7014e-05,-6.8346e-05,-6.954e-05,-7.0567e-05,-7.1395e-05,-7.1992e-05,-7.2323e-05,-7.2351e-05,-7.2039e-05,-7.1345e-05,-7.023e-05,-6.8647e-05,-6.6558e-05,-6.3917e-05,-6.0679e-05,-5.6797e-05,-5.2222e-05,-4.6907e-05,-4.0803e-05,-3.3861e-05,-2.6032e-05,-1.7265e-05,-7.5131e-06,3.274e-06,1.5144e-05,2.8143e-05,4.2314e-05,5.7694e-05,7.4312e-05,9.2179e-05,0.00011128,0.00013155,0.00015287,0.00017502,0.00019762,0.00022013,0.00024177,0.00026151,0.00027813,0.00029027,0.00029662,0.00029606,0.00028879
-0.00013999,-0.00014791,-0.00015104,-0.00014938,-0.00014415,-0.00013664,-0.00012789,-0.0001187,-0.00010958,-0.00010089,-9.2802e-05,-8.542e-05,-7.877e-05,-7.2838e-05,-6.7598e-05,-6.2993e-05,-5.8982e-05,-5.5512e-05,-5.2534e-05,-5.0004e-05,-4.7882e-05,-4.6131e-05,-4.4719e-05,-4.3617e-05,-4.2799e-05,-4.2243e-05,-4.1928e-05,-4.1836e-05,-4.1951e-05,-4.2258e-05,-4.2743e-05,-4.3394e-05,-4.4198e-05,-4.5143e-05,-4.6217e-05,-4.7409e-05,-4.8707e-05,-5.0097e-05,-5.1567e-05,-5.3102e-05,-5.4688e-05,-5.6308e-05,-5.7947e-05,-5.9584e-05,-6.1201e-05,-6.2776e-05,-6.4286e-05,-6.5707e-05,-6.7012e-05,-6.8174e-05,-6.9162e-05,-6.9946e-05,-7.0491e-05,-7.0763e-05,-7.0725e-05,-7.0338e-05,-6.9562e-05,-6.8355e-05,-6.6671e-05,-6.447e-05,-6.1706e-05,-5.8332e-05,-5.43e-05,-4.9558e-05,-4.4056e-05,-3.7743e-05,-3.0564e-05,-2.2466e-05,-1.3392e-05,-3.2852e-06,7.9138e-06,2.0266e-05,3.3834e-05,4.8681e-05,6.4871e-05,8.2464e-05,0.00010152,0.00012206,0.0001441,0.00016758,0.00019237,0.00021816,0.00024444,0.00027044,0.00029499,0.00031657,0.00033337,0.00034342,0.00034491,0.00033753
-0.0001634,-0.00017244,-0.00017437,-0.00016988,-0.00016111,-0.00014999,-0.00013796,-0.00012596,-0.00011455,-0.00010403,-9.4537e-05,-8.6071e-05,-7.8613e-05,-7.2076e-05,-6.6393e-05,-6.1472e-05,-5.7238e-05,-5.3617e-05,-5.0542e-05,-4.7957e-05,-4.581e-05,-4.4058e-05,-4.2661e-05,-4.1585e-05,-4.0803e-05,-4.0289e-05,-4.002e-05,-3.9976e-05,-4.014e-05,-4.0496e-05,-4.103e-05,-4.1728e-05,-4.2577e-05,-4.3565e-05,-4.4679e-05,-4.5908e-05,-4.7239e-05,-4.8659e-05,-5.0154e-05,-5.1712e-05,-5.3315e-05,-5.4949e-05,-5.6596e-05,-5.8238e-05,-5.9854e-05,-6.1423e-05,-6.2922e-05,-6.4326e-05,-6.5609e-05,-6.6744e-05,-6.7699e-05,-6.8444e-05,-6.8945e-05,-6.9166e-05,-6.9071e-05,-6.8621e-05,-6.7774e-05,-6.6488e-05,-6.4718e-05,-6.2422e-05,-5.9554e-05,-5.6065e-05,-5.1905e-05,-4.7022e-05,-4.1362e-05,-3.4871e-05,-2.749e-05,-1.9162e-05,-9.8217e-06,5.9465e-07,1.2157e-05,2.4939e-05,3.9021e-05,5.4489e-05,7.1433e-05,8.9953e-05,0.00011015,0.00013212,0.00015595,0.00018169,0.00020931,0.00023866,0.00026934,0.00030065,0.00033137,0.0003597,0.00038323,0.00039904,0.00040412,0.00039714
-0.00019572,-0.00020542,-0.00020436,-0.00019483,-0.00018052,-0.00016428,-0.00014792,-0.00013247,-0.00011842,-0.00010592,-9.4983e-05,-8.5478e-05,-7.7285e-05,-7.0246e-05,-6.4222e-05,-5.9085e-05,-5.4722e-05,-5.1035e-05,-4.7941e-05,-4.5369e-05,-4.3257e-05,-4.1555e-05,-4.0219e-05,-3.9211e-05,-3.8499e-05,-3.8057e-05,-3.7861e-05,-3.7888e-05,-3.8122e-05,-3.8545e-05,-3.9143e-05,-3.9902e-05,-4.0808e-05,-4.1849e-05,-4.3013e-05,-4.4287e-05,-4.5658e-05,-4.7115e-05,-4.8643e-05,-5.0228e-05,-5.1855e-05,-5.3507e-05,-5.5168e-05,-5.6819e-05,-5.844e-05,-6.0008e-05,-6.1503e-05,-6.2897e-05,-6.4167e-05,-6.5282e-05,-6.6213e-05,-6.6929e-05,-6.7396e-05,-6.7579e-05,-6.744e-05,-6.694e-05,-6.6039e-05,-6.4693e-05,-6.2857e-05,-6.0489e-05,-5.7542e-05,-5.3965e-05,-4.9708e-05,-4.4717e-05,-3.8936e-05,-3.2307e-05,-2.4769e-05,-1.6259e-05,-6.708e-06,3.9574e-06,1.5816e-05,2.8956e-05,4.3472e-05,5.9472e-05,7.7078e-05,9.6427e-05,0.00011767,0.00014098,0.00016654,0.00019452,0.00022506,0.00025822,0.00029385,0.00033144,0.00036994,0.00040739,0.00044073,0.00046573,0.00047736,0.00047211
-0.00024239,-0.00025096,-0.00024315,-0.00022474,-0.0002019,-0.00017854,-0.0001567,-0.00013722,-0.00012032,-0.00010585,-9.3582e-05,-8.3212e-05,-7.4468e-05,-6.7103e-05,-6.0906e-05,-5.57e-05,-5.1338e-05,-4.7699e-05,-4.4681e-05,-4.2204e-05,-4.0199e-05,-3.8608e-05,-3.7384e-05,-3.6488e-05,-3.5886e-05,-3.5549e-05,-3.5454e-05,-3.5577e-05,-3.5902e-05,-3.6411e-05,-3.7089e-05,-3.7922e-05,-3.8898e-05,-4.0003e-05,-4.1226e-05,-4.2554e-05,-4.3975e-05,-4.5476e-05,-4.7043e-05,-4.8663e-05,-5.032e-05,-5.1998e-05,-5.368e-05,-5.5347e-05,-5.698e-05,-5.8557e-05,-6.0055e-05,-6.1449e-05,-6.2714e-05,-6.3822e-05,-6.4742e-05,-6.5442e-05,-6.589e-05,-6.6051e-05,-6.5886e-05,-6.5356e-05,-6.4422e-05,-6.3038e-05,-6.1163e-05,-5.8751e-05,-5.5755e-05,-5.2124e-05,-4.7807e-05,-4.2748e-05,-3.689e-05,-3.0173e-05,-2.2533e-05,-1.3901e-05,-4.2056e-06,6.6341e-06,1.8706e-05,3.2108e-05,4.6952e-05,6.3366e-05,8.1499e-05,0.00010153,0.00012365,0.00014812,0.00017522,0.00020528,0.00023864,0.00027564,0.00031652,0.00036125,0.0004092,0.0004587,0.00050629,0.00054616,0.00057003,0.00056993
-0.00031345,-0.00031536,-0.00029292,-0.00025913,-0.00022357,-0.00019081,-0.00016249,-0.00013872,-0.00011909,-0.00010296,-8.9715e-05,-7.8825e-05,-6.9849e-05,-6.2434e-05,-5.6298e-05,-5.1219e-05,-4.7022e-05,-4.3565e-05,-4.0738e-05,-3.8451e-05,-3.663e-05,-3.5216e-05,-3.4161e-05,-3.3424e-05,-3.297e-05,-3.2773e-05,-3.2807e-05,-3.3051e-05,-3.3488e-05,-3.41e-05,-3.4875e-05,-3.5797e-05,-3.6855e-05,-3.8036e-05,-3.9328e-05,-4.0719e-05,-4.2198e-05,-4.3752e-05,-4.5366e-05,-4.7029e-05,-4.8724e-05,-5.0436e-05,-5.2148e-05,-5.3841e-05,-5.5496e-05,-5.7091e-05,-5.8605e-05,-6.0012e-05,-6.1286e-05,-6.24e-05,-6.3324e-05,-6.4027e-05,-6.4475e-05,-6.4633e-05,-6.4464e-05,-6.3929e-05,-6.2988e-05,-6.1596e-05,-5.9711e-05,-5.7289e-05,-5.4281e-05,-5.0636e-05,-4.6301e-05,-4.1221e-05,-3.5338e-05,-2.8589e-05,-2.0908e-05,-1.2225e-05,-2.4627e-06,8.4642e-06,2.065e-05,3.4203e-05,4.9245e-05,6.5923e-05,8.4408e-05,0.00010491,0.00012768,0.00015303,0.00018135,0.00021312,0.00024893,0.00028946,0.00033547,0.00038768,0.00044644,0.0005111,0.00057883,0.00064271,0.00068989,0.00070349
-0.0004283,-0.00040748,-0.00035433,-0.00029495,-0.00024158,-0.00019756,-0.00016252,-0.00013499,-0.00011338,-9.6328e-05,-8.2785e-05,-7.1939e-05,-6.3192e-05,-5.6097e-05,-5.0317e-05,-4.5602e-05,-4.1757e-05,-3.8636e-05,-3.6122e-05,-3.4123e-05,-3.2569e-05,-3.1399e-05,-3.0567e-05,-3.0034e-05,-2.9769e-05,-2.9743e-05,-2.9934e-05,-3.0322e-05,-3.0891e-05,-3.1625e-05,-3.2511e-05,-3.3536e-05,-3.4687e-05,-3.5955e-05,-3.7327e-05,-3.8791e-05,-4.0337e-05,-4.1952e-05,-4.3624e-05,-4.5338e-05,-4.7081e-05,-4.8837e-05,-5.0589e-05,-5.232e-05,-5.4009e-05,-5.5637e-05,-5.718e-05,-5.8614e-05,-5.9915e-05,-6.1054e-05,-6.2001e-05,-6.2727e-05,-6.3198e-05,-6.3379e-05,-6.3233e-05,-6.2721e-05,-6.1803e-05,-6.0436e-05,-5.8578e-05,-5.6184e-05,-5.3205e-05,-4.959e-05,-4.5286e-05,-4.0238e-05,-3.4386e-05,-2.7667e-05,-2.0015e-05,-1.1356e-05,-1.6124e-06,9.3052e-06,2.1495e-05,3.5071e-05,5.0163e-05,6.6929e-05,8.5557e-05,0.00010628,0.00012938,0.00015523,0.00018431,0.00021722,0.00025478,0.00029804,0.00034837,0.00040748,0.00047728,0.00055943,0.00065387,0.00075533,0.00084697,0.00089556
-0.00062495,-0.00053628,-0.00042184,-0.00032334,-0.00024824,-0.00019324,-0.0001532,-0.0001238,-0.00010187,-8.5232e-05,-7.2405e-05,-6.237e-05,-5.4428e-05,-4.8085e-05,-4.2992e-05,-3.8893e-05,-3.5597e-05,-3.2963e-05,-3.0882e-05,-2.9268e-05,-2.8057e-05,-2.7194e-05,-2.6637e-05,-2.6351e-05,-2.6307e-05,-2.6481e-05,-2.6854e-05,-2.7408e-05,-2.8127e-05,-2.8998e-05,-3.0009e-05,-3.1149e-05,-3.2406e-05,-3.377e-05,-3.5232e-05,-3.6779e-05,-3.8402e-05,-4.0089e-05,-4.1827e-05,-4.3604e-05,-4.5406e-05,-4.7217e-05,-4.9022e-05,-5.0803e-05,-5.2542e-05,-5.4217e-05,-5.5806e-05,-5.7287e-05,-5.8633e-05,-5.9818e-05,-6.0813e-05,-6.1586e-05,-6.2106e-05,-6.2338e-05,-6.2245e-05,-6.1789e-05,-6.0929e-05,-5.9625e-05,-5.7834e-05,-5.551e-05,-5.2605e-05,-4.9068e-05,-4.4847e-05,-3.9886e-05,-3.4125e-05,-2.7503e-05,-1.9952e-05,-1.1399e-05,-1.7632e-06,9.043e-06,2.112e-05,3.4583e-05,4.9566e-05,6.6228e-05,8.4766e-05,0.00010542,0.00012849,0.00015439,0.00018362,0.00021689,0.00025517,0.0002998,0.00035273,0.00041668,0.0004956,0.00059476,0.00072036,0.00087587,0.0010496,0.001186
-0.0009716,-0.00069594,-0.00047204,-0.00032478,-0.00023131,-0.00017114,-0.00013115,-0.00010361,-8.3979e-05,-6.9548e-05,-5.8668e-05,-5.0299e-05,-4.3764e-05,-3.8606e-05,-3.4513e-05,-3.1262e-05,-2.8689e-05,-2.6676e-05,-2.5131e-05,-2.3984e-05,-2.3179e-05,-2.2674e-05,-2.2433e-05,-2.2427e-05,-2.2633e-05,-2.3032e-05,-2.3606e-05,-2.4341e-05,-2.5225e-05,-2.6246e-05,-2.7393e-05,-2.8658e-05,-3.0031e-05,-3.1501e-05,-3.3061e-05,-3.4701e-05,-3.641e-05,-3.8177e-05,-3.9993e-05,-4.1843e-05,-4.3715e-05,-4.5595e-05,-4.7467e-05,-4.9314e-05,-5.1117e-05,-5.2857e-05,-5.4512e-05,-5.6059e-05,-5.7474e-05,-5.8728e-05,-5.9795e-05,-6.0644e-05,-6.1242e-05,-6.1556e-05,-6.1549e-05,-6.1184e-05,-6.042e-05,-5.9218e-05,-5.7535e-05,-5.5325e-05,-5.254e-05,-4.9131e-05,-4.5046e-05,-4.0228e-05,-3.4621e-05,-2.8162e-05,-2.0784e-05,-1.2416e-05,-2.9784e-06,7.6151e-06,1.9463e-05,3.2677e-05,4.7389e-05,6.3755e-05,8.1963e-05,0.00010225,0.00012491,0.00015034,0.00017905,0.00021176,0.00024946,0.00029362,0.00034646,0.00041145,0.00049423,0.00060425,0.00075716,0.00097683,0.0012864,0.0016389
-0.0015282,-0.00081345,-0.000451,-0.00027489,-0.0001827,-0.00013019,-9.7879e-05,-7.664e-05,-6.1902e-05,-5.1229e-05,-4.3248e-05,-3.7141e-05,-3.2394e-05,-2.8671e-05,-2.5746e-05,-2.3455e-05,-2.1684e-05,-2.0346e-05,-1.9374e-05,-1.8719e-05,-1.8339e-05,-1.8204e-05,-1.8287e-05,-1.8567e-05,-1.9027e-05,-1.9651e-05,-2.0428e-05,-2.1345e-05,-2.2393e-05,-2.3563e-05,-2.4848e-05,-2.6238e-05,-2.7726e-05,-2.9304e-05,-3.0964e-05,-3.2697e-05,-3.4495e-05,-3.6348e-05,-3.8245e-05,-4.0174e-05,-4.2124e-05,-4.408e-05,-4.6028e-05,-4.795e-05,-4.983e-05,-5.1648e-05,-5.3382e-05,-5.5012e-05,-5.6511e-05,-5.7854e-05,-5.9012e-05,-5.9957e-05,-6.0656e-05,-6.1076e-05,-6.1181e-05,-6.0934e-05,-6.0295e-05,-5.9225e-05,-5.768e-05,-5.5616e-05,-5.2987e-05,-4.9742e-05,-4.5831e-05,-4.12e-05,-3.579e-05,-2.9541e-05,-2.2389e-05,-1.4263e-05,-5.088e-06,5.2196e-06,1.6753e-05,2.9619e-05,4.394e-05,5.9861e-05,7.7555e-05,9.7238e-05,0.00011918,0.00014373,0.00017134,0.00020266,0.00023858,0.00028043,0.00033025,0.00039144,0.00047002,0.00057751,0.00073775,0.0010018,0.001474,0.0022873
