1.0304e-17,-7.3318e-09,-4.5044e-08,-1.1241e-07,-2.0352e-07,-3.1157e-07,-4.3015e-07,-5.5372e-07,-6.7762e-07,-7.9801e-07,-9.1178e-07,-1.0164e-06,-1.1099e-06,-1.1906e-06,-1.2573e-06,-1.3091e-06,-1.3452e-06,-1.3652e-06,-1.3686e-06,-1.3552e-06,-1.3249e-06,-1.2777e-06,-1.2135e-06,-1.1325e-06,-1.0347e-06,-9.203e-07,-7.8948e-07,-6.4245e-07,-4.7946e-07,-3.0079e-07,-1.0675e-07,1.0231e-07,3.2599e-07,5.6387e-07,8.1544e-07,1.0802e-06,1.3574e-06,1.6465e-06,1.9467e-06,2.2572e-06,2.577e-06,2.9051e-06,3.2405e-06,3.582e-06,3.9283e-06,4.278e-06,4.6298e-06,4.982e-06,5.3332e-06,5.6817e-06,6.0259e-06,6.3639e-06,6.694e-06,7.0145e-06,7.3237e-06,7.6198e-06,7.9012e-06,8.1662e-06,8.4133e-06,8.6411e-06,8.8483e-06,9.0337e-06,9.1964e-06,9.3354e-06,9.4504e-06,9.5407e-06,9.6063e-06,9.6472e-06,9.6637e-06,9.6565e-06,9.6262e-06,9.574e-06,9.5013e-06,9.4096e-06,9.3009e-06,9.1772e-06,9.0409e-06,8.8946e-06,8.7413e-06,8.5842e-06,8.4265e-06,8.272e-06,8.1247e-06,7.9887e-06,7.8687e-06,7.769e-06,7.6941e-06,7.6473e-06,7.6294e-06,7.6343e-06
7.3371e-09,7.5763e-12,-3.4479e-08,-9.3965e-08,-1.7363e-07,-2.6809e-07,-3.7212e-07,-4.8102e-07,-5.9067e-07,-6.9759e-07,-7.9887e-07,-8.9212e-07,-9.7538e-07,-1.0471e-06,-1.106e-06,-1.151e-06,-1.1816e-06,-1.197e-06,-1.1968e-06,-1.1809e-06,-1.1489e-06,-1.1009e-06,-1.0367e-06,-9.5642e-07,-8.6014e-07,-7.4797e-07,-6.2008e-07,-4.7665e-07,-3.1792e-07,-1.4415e-07,4.4359e-08,2.4726e-07,4.6418e-07,6.9469e-07,9.3829e-07,1.1944e-06,1.4626e-06,1.742e-06,2.0319e-06,2.3316e-06,2.6401e-06,2.9565e-06,3.2798e-06,3.6086e-06,3.942e-06,4.2785e-06,4.6168e-06,4.9554e-06,5.2929e-06,5.6276e-06,5.958e-06,6.2824e-06,6.5992e-06,6.9068e-06,7.2033e-06,7.4874e-06,7.7573e-06,8.0116e-06,8.2488e-06,8.4676e-06,8.6668e-06,8.8454e-06,9.0024e-06,9.137e-06,9.2488e-06,9.3374e-06,9.4026e-06,9.4446e-06,9.4636e-06,9.4603e-06,9.4355e-06,9.3902e-06,9.3256e-06,9.2434e-06,9.1454e-06,9.0336e-06,8.9102e-06,8.7777e-06,8.6389e-06,8.4967e-06,8.3543e-06,8.215e-06,8.0825e-06,7.9606e-06,7.8529e-06,7.7635e-06,7.6956e-06,7.6522e-06,7.6342e-06,7.6391e-06
4.5135e-08,3.4511e-08,-1.0404e-10,-5.5689e-08,-1.2802e-07,-2.1272e-07,-3.0554e-07,-4.0252e-07,-5.0015e-07,-5.9536e-07,-6.8553e-07,-7.6844e-07,-8.4227e-07,-9.055e-07,-9.5692e-07,-9.9555e-07,-1.0206e-06,-1.0316e-06,-1.0279e-06,-1.0094e-06,-9.7573e-07,-9.2683e-07,-8.6262e-07,-7.831e-07,-6.8833e-07,-5.7841e-07,-4.5347e-07,-3.1368e-07,-1.5926e-07,9.5488e-09,1.9246e-07,3.8914e-07,5.9922e-07,8.2228e-07,1.0579e-06,1.3054e-06,1.5644e-06,1.8341e-06,2.1139e-06,2.4028e-06,2.7002e-06,3.005e-06,3.3163e-06,3.6328e-06,3.9535e-06,4.2772e-06,4.6024e-06,4.9278e-06,5.252e-06,5.5734e-06,5.8906e-06,6.2021e-06,6.5061e-06,6.8012e-06,7.0858e-06,7.3584e-06,7.6175e-06,7.8616e-06,8.0895e-06,8.2998e-06,8.4915e-06,8.6635e-06,8.8151e-06,8.9455e-06,9.0543e-06,9.1411e-06,9.2059e-06,9.2487e-06,9.2699e-06,9.2702e-06,9.2501e-06,9.2109e-06,9.1537e-06,9.0801e-06,8.9917e-06,8.8905e-06,8.7786e-06,8.6583e-06,8.5323e-06,8.4032e-06,8.274e-06,8.1478e-06,8.0277e-06,7.9172e-06,7.8194e-06,7.7376e-06,7.6749e-06,7.6338e-06,7.616e-06,7.6214e-06
1.1291e-07,9.4212e-08,5.5244e-08,-6.7877e-10,-6.9985e-08,-1.491e-07,-2.3456e-07,-3.2309e-07,-4.1171e-07,-4.978e-07,-5.7902e-07,-6.5341e-07,-7.1929e-07,-7.7527e-07,-8.202e-07,-8.5316e-07,-8.7339e-07,-8.8032e-07,-8.735e-07,-8.526e-07,-8.1738e-07,-7.677e-07,-7.0347e-07,-6.2468e-07,-5.3135e-07,-4.2355e-07,-3.014e-07,-1.6507e-07,-1.4728e-08,1.4938e-07,3.2699e-07,5.1778e-07,7.2142e-07,9.3748e-07,1.1655e-06,1.405e-06,1.6555e-06,1.9162e-06,2.1864e-06,2.4656e-06,2.7526e-06,3.0468e-06,3.3471e-06,3.6524e-06,3.9617e-06,4.2736e-06,4.5871e-06,4.9006e-06,5.2129e-06,5.5225e-06,5.828e-06,6.1279e-06,6.4207e-06,6.7048e-06,6.9789e-06,7.2414e-06,7.491e-06,7.7262e-06,7.9459e-06,8.1488e-06,8.3339e-06,8.5002e-06,8.6471e-06,8.7737e-06,8.8798e-06,8.9649e-06,9.0292e-06,9.0726e-06,9.0955e-06,9.0985e-06,9.0824e-06,9.0481e-06,8.9969e-06,8.9302e-06,8.8496e-06,8.757e-06,8.6544e-06,8.5439e-06,8.4281e-06,8.3094e-06,8.1904e-06,8.0741e-06,7.9633e-06,7.8609e-06,7.7698e-06,7.6929e-06,7.6328e-06,7.592e-06,7.5726e-06,7.5753e-06
2.0512e-07,1.7456e-07,1.2757e-07,6.7713e-08,-2.1448e-09,-7.9163e-08,-1.6055e-07,-2.4364e-07,-3.2597e-07,-4.0529e-07,-4.7962e-07,-5.4723e-07,-6.0663e-07,-6.5659e-07,-6.9603e-07,-7.2412e-07,-7.4015e-07,-7.4358e-07,-7.3396e-07,-7.1098e-07,-6.744e-07,-6.2406e-07,-5.5987e-07,-4.8179e-07,-3.8983e-07,-2.8406e-07,-1.6456e-07,-3.1487e-08,1.15e-07,2.7468e-07,4.473e-07,6.3258e-07,8.3017e-07,1.0397e-06,1.2607e-06,1.4928e-06,1.7353e-06,1.9877e-06,2.2493e-06,2.5193e-06,2.797e-06,3.0815e-06,3.3719e-06,3.6671e-06,3.966e-06,4.2676e-06,4.5705e-06,4.8736e-06,5.1754e-06,5.4746e-06,5.7698e-06,6.0596e-06,6.3425e-06,6.6172e-06,6.8821e-06,7.1359e-06,7.3773e-06,7.6049e-06,7.8175e-06,8.014e-06,8.1934e-06,8.3549e-06,8.4976e-06,8.621e-06,8.7246e-06,8.8082e-06,8.8718e-06,8.9155e-06,8.9397e-06,8.9448e-06,8.9316e-06,8.9012e-06,8.8547e-06,8.7934e-06,8.7189e-06,8.633e-06,8.5375e-06,8.4346e-06,8.3265e-06,8.2155e-06,8.1041e-06,7.9949e-06,7.8904e-06,7.7933e-06,7.7061e-06,7.6313e-06,7.5714e-06,7.5285e-06,7.5049e-06,7.5016e-06
3.1531e-07,2.7043e-07,2.1269e-07,1.4609e-07,7.2821e-08,-4.9265e-09,-8.4966e-08,-1.6517e-07,-2.4352e-07,-3.1816e-07,-3.8743e-07,-4.4986e-07,-5.0416e-07,-5.4924e-07,-5.8418e-07,-6.082e-07,-6.2069e-07,-6.2113e-07,-6.0913e-07,-5.8438e-07,-5.4666e-07,-4.9581e-07,-4.3173e-07,-3.5439e-07,-2.6378e-07,-1.5995e-07,-4.2978e-08,8.7007e-08,2.2985e-07,3.8536e-07,5.5331e-07,7.3341e-07,9.2537e-07,1.1288e-06,1.3433e-06,1.5685e-06,1.8037e-06,2.0484e-06,2.3021e-06,2.5639e-06,2.8331e-06,3.1089e-06,3.3903e-06,3.6765e-06,3.9663e-06,4.2586e-06,4.5523e-06,4.846e-06,5.1387e-06,5.4288e-06,5.7151e-06,5.9962e-06,6.2707e-06,6.5372e-06,6.7944e-06,7.0408e-06,7.2752e-06,7.4963e-06,7.7029e-06,7.8941e-06,8.0687e-06,8.226e-06,8.3652e-06,8.4857e-06,8.5872e-06,8.6695e-06,8.7324e-06,8.7761e-06,8.801e-06,8.8076e-06,8.7966e-06,8.769e-06,8.7259e-06,8.6687e-06,8.5987e-06,8.5177e-06,8.4275e-06,8.33e-06,8.2274e-06,8.1218e-06,8.0155e-06,7.9108e-06,7.8101e-06,7.7157e-06,7.6299e-06,7.5549e-06,7.4929e-06,7.4458e-06,7.4155e-06,7.4034e-06
4.3742e-07,3.7684e-07,3.0651e-07,2.3108e-07,1.522e-07,7.1472e-08,-9.4297e-09,-8.8851e-08,-1.652e-07,-2.3697e-07,-3.0281e-07,-3.6149e-07,-4.1194e-07,-4.5324e-07,-4.8458e-07,-5.0532e-07,-5.1491e-07,-5.1289e-07,-4.9893e-07,-4.7274e-07,-4.3412e-07,-3.8293e-07,-3.1907e-07,-2.4251e-07,-1.5324e-07,-5.1297e-08,6.3252e-08,1.903e-07,3.297e-07,4.8128e-07,6.4484e-07,8.2011e-07,1.0068e-06,1.2046e-06,1.4131e-06,1.6318e-06,1.8604e-06,2.0982e-06,2.3446e-06,2.5989e-06,2.8605e-06,3.1284e-06,3.4019e-06,3.6801e-06,3.9618e-06,4.246e-06,4.5316e-06,4.8174e-06,5.1021e-06,5.3845e-06,5.6632e-06,5.9369e-06,6.2042e-06,6.4639e-06,6.7145e-06,6.9547e-06,7.1834e-06,7.3991e-06,7.6009e-06,7.7875e-06,7.9582e-06,8.112e-06,8.2483e-06,8.3665e-06,8.4662e-06,8.5471e-06,8.6093e-06,8.6529e-06,8.6782e-06,8.6857e-06,8.6761e-06,8.6504e-06,8.6097e-06,8.5551e-06,8.4882e-06,8.4105e-06,8.3238e-06,8.2299e-06,8.1307e-06,8.0284e-06,7.925e-06,7.8226e-06,7.7234e-06,7.6295e-06,7.5429e-06,7.4656e-06,7.3995e-06,7.3462e-06,7.3073e-06,7.2846e-06
5.6612e-07,4.8919e-07,4.0514e-07,3.1942e-07,2.3328e-07,1.4784e-07,6.4306e-08,-1.6068e-08,-9.2059e-08,-1.625e-07,-2.2632e-07,-2.8253e-07,-3.3026e-07,-3.6876e-07,-3.9739e-07,-4.1558e-07,-4.2288e-07,-4.1893e-07,-4.0343e-07,-3.7613e-07,-3.3688e-07,-2.8554e-07,-2.2203e-07,-1.4632e-07,-5.8399e-08,4.17e-08,1.5392e-07,2.7816e-07,4.143e-07,5.6218e-07,7.2161e-07,8.9237e-07,1.0742e-06,1.2667e-06,1.4697e-06,1.6826e-06,1.905e-06,2.1365e-06,2.3763e-06,2.624e-06,2.8787e-06,3.1397e-06,3.4062e-06,3.6773e-06,3.9519e-06,4.2291e-06,4.5078e-06,4.7867e-06,5.0647e-06,5.3406e-06,5.6129e-06,5.8805e-06,6.142e-06,6.396e-06,6.6413e-06,6.8766e-06,7.1005e-06,7.312e-06,7.5098e-06,7.6929e-06,7.8605e-06,8.0116e-06,8.1455e-06,8.2617e-06,8.3599e-06,8.4397e-06,8.5012e-06,8.5445e-06,8.5698e-06,8.5777e-06,8.5689e-06,8.5443e-06,8.5049e-06,8.4519e-06,8.3868e-06,8.3109e-06,8.2261e-06,8.134e-06,8.0365e-06,7.9355e-06,7.833e-06,7.7309e-06,7.6313e-06,7.5359e-06,7.4466e-06,7.3652e-06,7.2932e-06,7.2321e-06,7.1832e-06,7.1489e-06
6.9684e-07,6.0341e-07,5.05e-07,4.0804e-07,3.1345e-07,2.2197e-07,1.3442e-07,5.1698e-08,-2.5305e-08,-9.5718e-08,-1.5872e-07,-2.1357e-07,-2.596e-07,-2.9621e-07,-3.229e-07,-3.3923e-07,-3.4485e-07,-3.3946e-07,-3.2283e-07,-2.9477e-07,-2.5515e-07,-2.0386e-07,-1.4084e-07,-6.606e-08,2.0479e-08,1.1875e-07,2.287e-07,3.5025e-07,4.8329e-07,6.2769e-07,7.8326e-07,9.498e-07,1.1271e-06,1.3148e-06,1.5126e-06,1.7202e-06,1.9371e-06,2.1628e-06,2.3968e-06,2.6385e-06,2.8871e-06,3.142e-06,3.4024e-06,3.6674e-06,3.936e-06,4.2072e-06,4.48e-06,4.7533e-06,5.0257e-06,5.2962e-06,5.5634e-06,5.826e-06,6.0828e-06,6.3324e-06,6.5736e-06,6.805e-06,7.0254e-06,7.2336e-06,7.4284e-06,7.6089e-06,7.7741e-06,7.9231e-06,8.0553e-06,8.1701e-06,8.267e-06,8.346e-06,8.4068e-06,8.4496e-06,8.4747e-06,8.4827e-06,8.4741e-06,8.4498e-06,8.4108e-06,8.3584e-06,8.2938e-06,8.2185e-06,8.1341e-06,8.0423e-06,7.9448e-06,7.8435e-06,7.7401e-06,7.6366e-06,7.5346e-06,7.436e-06,7.3424e-06,7.2553e-06,7.1761e-06,7.106e-06,7.0461e-06,6.9994e-06
8.2569e-07,7.1587e-07,6.0285e-07,4.9405e-07,3.902e-07,2.917e-07,1.9907e-07,1.1289e-07,3.3765e-08,-3.7699e-08,-1.0093e-07,-1.5538e-07,-2.0058e-07,-2.3611e-07,-2.6158e-07,-2.7669e-07,-2.8118e-07,-2.7483e-07,-2.5748e-07,-2.2899e-07,-1.8927e-07,-1.3823e-07,-7.5849e-08,-2.0993e-09,8.3014e-08,1.7947e-07,2.8721e-07,4.0617e-07,5.3626e-07,6.7735e-07,8.2929e-07,9.9191e-07,1.165e-06,1.3483e-06,1.5414e-06,1.7442e-06,1.956e-06,2.1766e-06,2.4054e-06,2.6417e-06,2.8851e-06,3.1347e-06,3.3898e-06,3.6496e-06,3.9131e-06,4.1794e-06,4.4474e-06,4.716e-06,4.984e-06,5.2502e-06,5.5134e-06,5.7722e-06,6.0255e-06,6.2719e-06,6.51e-06,6.7387e-06,6.9566e-06,7.1625e-06,7.3554e-06,7.5341e-06,7.6977e-06,7.8454e-06,7.9764e-06,8.0902e-06,8.1863e-06,8.2646e-06,8.3248e-06,8.3672e-06,8.3919e-06,8.3995e-06,8.3906e-06,8.366e-06,8.3267e-06,8.2739e-06,8.2088e-06,8.1329e-06,8.0476e-06,7.9547e-06,7.8558e-06,7.7525e-06,7.6467e-06,7.5401e-06,7.4343e-06,7.3309e-06,7.2315e-06,7.1374e-06,7.0498e-06,6.9698e-06,6.8983e-06,6.839e-06
9.4933e-07,8.2343e-07,6.9577e-07,5.7481e-07,4.6115e-07,3.5494e-07,2.5642e-07,1.6592e-07,8.3778e-08,1.0373e-08,-5.394e-08,-1.0882e-07,-1.5397e-07,-1.8912e-07,-2.1403e-07,-2.285e-07,-2.3237e-07,-2.2551e-07,-2.0782e-07,-1.7923e-07,-1.3966e-07,-8.9097e-08,-2.7508e-08,4.5108e-08,1.2874e-07,2.2336e-07,3.2893e-07,4.4539e-07,5.7265e-07,7.1062e-07,8.5916e-07,1.0181e-06,1.1873e-06,1.3665e-06,1.5554e-06,1.7537e-06,1.9611e-06,2.1771e-06,2.4013e-06,2.633e-06,2.8718e-06,3.1169e-06,3.3675e-06,3.623e-06,3.8823e-06,4.1446e-06,4.4088e-06,4.6738e-06,4.9384e-06,5.2015e-06,5.4617e-06,5.718e-06,5.9689e-06,6.2131e-06,6.4493e-06,6.6763e-06,6.8928e-06,7.0975e-06,7.2893e-06,7.4671e-06,7.63e-06,7.777e-06,7.9075e-06,8.0208e-06,8.1165e-06,8.1943e-06,8.2541e-06,8.296e-06,8.3203e-06,8.3272e-06,8.3176e-06,8.2922e-06,8.2519e-06,8.1979e-06,8.1313e-06,8.0537e-06,7.9664e-06,7.8711e-06,7.7694e-06,7.6628e-06,7.5532e-06,7.442e-06,7.331e-06,7.2215e-06,7.1151e-06,7.0128e-06,6.916e-06,6.8253e-06,6.7417e-06,6.6698e-06
1.0649e-06,9.2328e-07,7.811e-07,6.4788e-07,5.2408e-07,4.0967e-07,3.0467e-07,2.0918e-07,1.2332e-07,4.7252e-08,-1.8865e-08,-7.4876e-08,-1.2064e-07,-1.5603e-07,-1.8094e-07,-1.953e-07,-1.9902e-07,-1.9207e-07,-1.7441e-07,-1.4602e-07,-1.0688e-07,-5.6988e-08,3.6477e-09,7.5018e-08,1.571e-07,2.4987e-07,3.533e-07,4.6731e-07,5.9186e-07,7.2686e-07,8.722e-07,1.0278e-06,1.1933e-06,1.3688e-06,1.5538e-06,1.7482e-06,1.9516e-06,2.1635e-06,2.3837e-06,2.6114e-06,2.8463e-06,3.0876e-06,3.3346e-06,3.5866e-06,3.8426e-06,4.1018e-06,4.3632e-06,4.6255e-06,4.8878e-06,5.1488e-06,5.4073e-06,5.662e-06,5.9116e-06,6.1547e-06,6.3902e-06,6.6166e-06,6.8326e-06,7.0371e-06,7.2288e-06,7.4066e-06,7.5695e-06,7.7167e-06,7.8473e-06,7.9606e-06,8.0564e-06,8.1341e-06,8.1937e-06,8.2352e-06,8.2589e-06,8.2651e-06,8.2544e-06,8.2276e-06,8.1858e-06,8.1298e-06,8.061e-06,7.9807e-06,7.8904e-06,7.7916e-06,7.6858e-06,7.5747e-06,7.4599e-06,7.343e-06,7.2254e-06,7.1087e-06,6.9941e-06,6.8828e-06,6.7758e-06,6.6739e-06,6.578e-06,6.4935e-06
1.1698e-06,1.0129e-06,8.5647e-07,7.1098e-07,5.7688e-07,4.5396e-07,3.4207e-07,2.4109e-07,1.5096e-07,7.1646e-08,3.1354e-09,-5.4585e-08,-1.0153e-07,-1.377e-07,-1.6313e-07,-1.7784e-07,-1.8185e-07,-1.7519e-07,-1.579e-07,-1.3e-07,-9.1536e-08,-4.2528e-08,1.6992e-08,8.6997e-08,1.6746e-07,2.5835e-07,3.5963e-07,4.7126e-07,5.932e-07,7.2536e-07,8.6768e-07,1.02e-06,1.1823e-06,1.3543e-06,1.5359e-06,1.7267e-06,1.9265e-06,2.1349e-06,2.3516e-06,2.576e-06,2.8076e-06,3.0458e-06,3.2899e-06,3.5392e-06,3.7928e-06,4.0498e-06,4.3093e-06,4.57e-06,4.831e-06,5.0909e-06,5.3486e-06,5.6029e-06,5.8522e-06,6.0955e-06,6.3312e-06,6.558e-06,6.7747e-06,6.9799e-06,7.1725e-06,7.3512e-06,7.515e-06,7.6631e-06,7.7944e-06,7.9085e-06,8.0047e-06,8.0828e-06,8.1424e-06,8.1837e-06,8.2068e-06,8.2121e-06,8.2002e-06,8.1718e-06,8.1278e-06,8.0693e-06,7.9974e-06,7.9137e-06,7.8193e-06,7.716e-06,7.6051e-06,7.4884e-06,7.3673e-06,7.2434e-06,7.1182e-06,6.9931e-06,6.8694e-06,6.7482e-06,6.6304e-06,6.5168e-06,6.4084e-06,6.3115e-06
1.2618e-06,1.0902e-06,9.197e-07,7.6205e-07,6.1759e-07,4.8598e-07,3.669e-07,2.6007e-07,1.6524e-07,8.2233e-08,1.0851e-08,-4.9064e-08,-9.7665e-08,-1.3509e-07,-1.6148e-07,-1.7696e-07,-1.8164e-07,-1.7562e-07,-1.5902e-07,-1.319e-07,-9.4349e-08,-4.6426e-08,1.1815e-08,8.0331e-08,1.5909e-07,2.4805e-07,3.4718e-07,4.5647e-07,5.7586e-07,7.0531e-07,8.4477e-07,9.9414e-07,1.1533e-06,1.3222e-06,1.5006e-06,1.6882e-06,1.8849e-06,2.0903e-06,2.304e-06,2.5256e-06,2.7546e-06,2.9904e-06,3.2323e-06,3.4797e-06,3.7317e-06,3.9874e-06,4.2458e-06,4.5059e-06,4.7665e-06,5.0264e-06,5.2844e-06,5.5392e-06,5.7894e-06,6.0338e-06,6.2708e-06,6.4992e-06,6.7175e-06,6.9245e-06,7.1189e-06,7.2995e-06,7.4652e-06,7.6149e-06,7.7478e-06,7.8632e-06,7.9605e-06,8.0393e-06,8.0993e-06,8.1406e-06,8.1632e-06,8.1676e-06,8.1543e-06,8.1239e-06,8.0774e-06,8.0158e-06,7.9404e-06,7.8524e-06,7.7532e-06,7.6444e-06,7.5275e-06,7.404e-06,7.2756e-06,7.1437e-06,7.0098e-06,6.8754e-06,6.7417e-06,6.6097e-06,6.4805e-06,6.3549e-06,6.2338e-06,6.1245e-06
1.339e-06,1.1529e-06,9.688e-07,7.9915e-07,6.4437e-07,5.0398e-07,3.7752e-07,2.6458e-07,1.6475e-07,7.7678e-08,3.0415e-09,-5.9467e-08,-1.1013e-07,-1.4921e-07,-1.7695e-07,-1.9356e-07,-1.9926e-07,-1.9421e-07,-1.7859e-07,-1.5251e-07,-1.1611e-07,-6.9469e-08,-1.2671e-08,5.4227e-08,1.3118e-07,2.1816e-07,3.1513e-07,4.2208e-07,5.3899e-07,6.6582e-07,8.0255e-07,9.4911e-07,1.1054e-06,1.2714e-06,1.4469e-06,1.6317e-06,1.8257e-06,2.0284e-06,2.2397e-06,2.459e-06,2.686e-06,2.92e-06,3.1605e-06,3.4067e-06,3.6578e-06,3.913e-06,4.1713e-06,4.4316e-06,4.6928e-06,4.9536e-06,5.2129e-06,5.4694e-06,5.7215e-06,5.9681e-06,6.2075e-06,6.4385e-06,6.6596e-06,6.8695e-06,7.0667e-06,7.2501e-06,7.4185e-06,7.5708e-06,7.706e-06,7.8235e-06,7.9224e-06,8.0025e-06,8.0634e-06,8.1049e-06,8.1273e-06,8.1309e-06,8.116e-06,8.0835e-06,8.0342e-06,7.9692e-06,7.8895e-06,7.7966e-06,7.6919e-06,7.5768e-06,7.4529e-06,7.3218e-06,7.185e-06,7.0441e-06,6.9007e-06,6.756e-06,6.6114e-06,6.468e-06,6.3269e-06,6.1888e-06,6.0549e-06,5.9331e-06
1.3994e-06,1.1994e-06,1.0019e-06,8.2048e-07,6.5545e-07,5.0627e-07,3.7234e-07,2.5311e-07,1.4804e-07,5.6639e-08,-2.1557e-08,-8.6985e-08,-1.4005e-07,-1.8112e-07,-2.1054e-07,-2.2862e-07,-2.3565e-07,-2.3187e-07,-2.1749e-07,-1.9271e-07,-1.5768e-07,-1.1252e-07,-5.7331e-08,7.8125e-09,8.286e-08,1.6778e-07,2.6255e-07,3.6717e-07,4.8162e-07,6.059e-07,7.4e-07,8.839e-07,1.0375e-06,1.2009e-06,1.3738e-06,1.5561e-06,1.7476e-06,1.9482e-06,2.1574e-06,2.375e-06,2.6005e-06,2.8333e-06,3.0729e-06,3.3186e-06,3.5696e-06,3.8251e-06,4.0841e-06,4.3455e-06,4.6082e-06,4.871e-06,5.1326e-06,5.3917e-06,5.6469e-06,5.8967e-06,6.1397e-06,6.3744e-06,6.5993e-06,6.8131e-06,7.0143e-06,7.2015e-06,7.3736e-06,7.5294e-06,7.6678e-06,7.7881e-06,7.8894e-06,7.9714e-06,8.0336e-06,8.0758e-06,8.0983e-06,8.1011e-06,8.0848e-06,8.0501e-06,7.9978e-06,7.9289e-06,7.8446e-06,7.7462e-06,7.6352e-06,7.5131e-06,7.3814e-06,7.2418e-06,7.0958e-06,6.945e-06,6.791e-06,6.6353e-06,6.479e-06,6.3235e-06,6.1698e-06,6.0188e-06,5.8718e-06,5.7377e-06
1.4414e-06,1.2279e-06,1.0173e-06,8.2434e-07,6.4919e-07,4.9124e-07,3.498e-07,2.2418e-07,1.1371e-07,1.7775e-08,-6.4222e-08,-1.3283e-07,-1.8857e-07,-2.3193e-07,-2.6332e-07,-2.8316e-07,-2.918e-07,-2.8956e-07,-2.7669e-07,-2.5344e-07,-2.2e-07,-1.7651e-07,-1.231e-07,-5.9857e-08,1.3169e-08,9.5944e-08,1.8846e-07,2.9071e-07,4.0271e-07,5.2449e-07,6.5604e-07,7.9738e-07,9.4849e-07,1.1093e-06,1.2799e-06,1.4599e-06,1.6494e-06,1.8481e-06,2.0558e-06,2.272e-06,2.4965e-06,2.7287e-06,2.968e-06,3.2139e-06,3.4655e-06,3.722e-06,3.9825e-06,4.2459e-06,4.5111e-06,4.7767e-06,5.0416e-06,5.3044e-06,5.5636e-06,5.8178e-06,6.0654e-06,6.3049e-06,6.5349e-06,6.7536e-06,6.9598e-06,7.152e-06,7.3288e-06,7.4891e-06,7.6317e-06,7.7557e-06,7.8602e-06,7.9448e-06,8.0089e-06,8.0524e-06,8.0752e-06,8.0776e-06,8.06e-06,8.0231e-06,7.9676e-06,7.8946e-06,7.8053e-06,7.701e-06,7.5832e-06,7.4534e-06,7.3131e-06,7.1642e-06,7.0081e-06,6.8466e-06,6.6812e-06,6.5135e-06,6.3448e-06,6.1765e-06,6.0097e-06,5.8453e-06,5.6849e-06,5.5383e-06
1.4633e-06,1.2367e-06,1.0135e-06,8.0912e-07,6.24e-07,4.5737e-07,3.0842e-07,1.7635e-07,6.0372e-08,-4.0252e-08,-1.2623e-07,-1.9824e-07,-2.569e-07,-3.0278e-07,-3.3641e-07,-3.5826e-07,-3.6877e-07,-3.6831e-07,-3.572e-07,-3.357e-07,-3.0406e-07,-2.6245e-07,-2.1099e-07,-1.498e-07,-7.8927e-08,1.5978e-09,9.177e-08,1.9161e-07,3.0114e-07,4.2041e-07,5.4946e-07,6.8831e-07,8.37e-07,9.9552e-07,1.1638e-06,1.3419e-06,1.5296e-06,1.7267e-06,1.9331e-06,2.1485e-06,2.3724e-06,2.6044e-06,2.8441e-06,3.0907e-06,3.3436e-06,3.6019e-06,3.8647e-06,4.1309e-06,4.3993e-06,4.6688e-06,4.9379e-06,5.2054e-06,5.4697e-06,5.7294e-06,5.9827e-06,6.2282e-06,6.4643e-06,6.6893e-06,6.9017e-06,7.0999e-06,7.2826e-06,7.4485e-06,7.5962e-06,7.7249e-06,7.8335e-06,7.9215e-06,7.9882e-06,8.0335e-06,8.0572e-06,8.0596e-06,8.0409e-06,8.0019e-06,7.9432e-06,7.866e-06,7.7715e-06,7.6608e-06,7.5357e-06,7.3975e-06,7.2481e-06,7.089e-06,6.9221e-06,6.749e-06,6.5714e-06,6.3909e-06,6.209e-06,6.0271e-06,5.8465e-06,5.6683e-06,5.4941e-06,5.3348e-06
1.4638e-06,1.2244e-06,9.8874e-07,7.7329e-07,5.7837e-07,4.0316e-07,2.4674e-07,1.082e-07,-1.335e-08,-1.1877e-07,-2.0888e-07,-2.8446e-07,-3.4622e-07,-3.9484e-07,-4.3093e-07,-4.5503e-07,-4.6765e-07,-4.692e-07,-4.6007e-07,-4.4056e-07,-4.1093e-07,-3.7139e-07,-3.2208e-07,-2.6311e-07,-1.9453e-07,-1.1639e-07,-2.8659e-08,6.8682e-08,1.7569e-07,2.9243e-07,4.1896e-07,5.5537e-07,7.017e-07,8.5798e-07,1.0242e-06,1.2005e-06,1.3865e-06,1.5824e-06,1.7878e-06,2.0026e-06,2.2264e-06,2.4587e-06,2.6992e-06,2.9471e-06,3.2018e-06,3.4625e-06,3.7284e-06,3.9981e-06,4.2707e-06,4.5449e-06,4.8193e-06,5.0925e-06,5.363e-06,5.6292e-06,5.8895e-06,6.1422e-06,6.3855e-06,6.618e-06,6.8378e-06,7.0433e-06,7.2331e-06,7.4057e-06,7.5598e-06,7.6942e-06,7.8079e-06,7.9002e-06,7.9704e-06,8.0182e-06,8.0435e-06,8.0462e-06,8.0269e-06,7.9859e-06,7.9242e-06,7.8428e-06,7.7427e-06,7.6255e-06,7.4925e-06,7.3456e-06,7.1863e-06,7.0164e-06,6.8378e-06,6.6523e-06,6.4617e-06,6.2676e-06,6.0717e-06,5.8755e-06,5.6804e-06,5.4877e-06,5.2992e-06,5.1267e-06
1.4414e-06,1.1894e-06,9.4172e-07,7.1541e-07,5.1086e-07,3.2718e-07,1.6334e-07,1.8351e-08,-1.088e-07,-2.1909e-07,-3.1344e-07,-3.9273e-07,-4.5776e-07,-5.0931e-07,-5.4806e-07,-5.7462e-07,-5.8956e-07,-5.9336e-07,-5.8643e-07,-5.6913e-07,-5.4173e-07,-5.0447e-07,-4.5749e-07,-4.0093e-07,-3.3483e-07,-2.5921e-07,-1.7407e-07,-7.9336e-08,2.5051e-08,1.3919e-07,2.6317e-07,3.971e-07,5.4108e-07,6.9518e-07,8.5945e-07,1.0339e-06,1.2186e-06,1.4133e-06,1.618e-06,1.8325e-06,2.0565e-06,2.2895e-06,2.5312e-06,2.7809e-06,3.0381e-06,3.3018e-06,3.5713e-06,3.8454e-06,4.123e-06,4.4027e-06,4.6833e-06,4.9633e-06,5.241e-06,5.5149e-06,5.7833e-06,6.0443e-06,6.2963e-06,6.5375e-06,6.766e-06,6.9801e-06,7.1783e-06,7.3589e-06,7.5206e-06,7.6619e-06,7.7819e-06,7.8796e-06,7.9542e-06,8.0054e-06,8.0329e-06,8.0368e-06,8.0172e-06,7.9747e-06,7.9101e-06,7.8245e-06,7.7189e-06,7.5948e-06,7.4537e-06,7.2974e-06,7.1277e-06,6.9464e-06,6.7554e-06,6.5567e-06,6.3522e-06,6.1436e-06,5.9329e-06,5.7216e-06,5.5112e-06,5.3033e-06,5.0999e-06,4.9138e-06
1.3947e-06,1.1306e-06,8.7101e-07,6.3406e-07,4.2006e-07,2.2803e-07,5.6869e-08,-9.4547e-08,-2.2732e-07,-3.4253e-07,-4.412e-07,-5.2431e-07,-5.9276e-07,-6.474e-07,-6.8898e-07,-7.1821e-07,-7.3568e-07,-7.4194e-07,-7.3744e-07,-7.2257e-07,-6.9762e-07,-6.6285e-07,-6.1843e-07,-5.6448e-07,-5.0105e-07,-4.2815e-07,-3.4576e-07,-2.5379e-07,-1.5217e-07,-4.0752e-08,8.058e-08,2.1197e-07,3.5355e-07,5.0544e-07,6.6774e-07,8.4052e-07,1.0238e-06,1.2176e-06,1.4217e-06,1.6361e-06,1.8605e-06,2.0945e-06,2.3378e-06,2.5898e-06,2.8498e-06,3.1172e-06,3.391e-06,3.6701e-06,3.9534e-06,4.2396e-06,4.5273e-06,4.815e-06,5.101e-06,5.3838e-06,5.6614e-06,5.9321e-06,6.194e-06,6.4452e-06,6.6839e-06,6.908e-06,7.116e-06,7.3061e-06,7.4766e-06,7.6263e-06,7.7538e-06,7.858e-06,7.9383e-06,7.9939e-06,8.0245e-06,8.0302e-06,8.011e-06,7.9675e-06,7.9004e-06,7.8107e-06,7.6996e-06,7.5685e-06,7.4191e-06,7.2531e-06,7.0724e-06,6.879e-06,6.675e-06,6.4623e-06,6.243e-06,6.0191e-06,5.7926e-06,5.5653e-06,5.3389e-06,5.1149e-06,4.8958e-06,4.6954e-06
1.3224e-06,1.0464e-06,7.7525e-07,5.2789e-07,3.0462e-07,1.0438e-07,-7.403e-08,-2.3182e-07,-3.7021e-07,-4.9037e-07,-5.9343e-07,-6.8045e-07,-7.5245e-07,-8.1032e-07,-8.5492e-07,-8.87e-07,-9.0721e-07,-9.1614e-07,-9.1429e-07,-9.0208e-07,-8.7982e-07,-8.4779e-07,-8.0615e-07,-7.5504e-07,-6.9451e-07,-6.2455e-07,-5.4511e-07,-4.5612e-07,-3.5743e-07,-2.4891e-07,-1.3039e-07,-1.6763e-09,1.3739e-07,2.8699e-07,4.4725e-07,6.1831e-07,8.0023e-07,9.9305e-07,1.1967e-06,1.4111e-06,1.6361e-06,1.8714e-06,2.1166e-06,2.3711e-06,2.6345e-06,2.9059e-06,3.1846e-06,3.4694e-06,3.7592e-06,4.0527e-06,4.3483e-06,4.6447e-06,4.9402e-06,5.2329e-06,5.521e-06,5.8027e-06,6.0759e-06,6.3386e-06,6.5888e-06,6.8245e-06,7.0437e-06,7.2448e-06,7.4258e-06,7.5852e-06,7.7216e-06,7.8338e-06,7.9209e-06,7.9821e-06,8.017e-06,8.0254e-06,8.0075e-06,7.9636e-06,7.8944e-06,7.801e-06,7.6846e-06,7.5465e-06,7.3886e-06,7.2125e-06,7.0204e-06,6.8144e-06,6.5965e-06,6.369e-06,6.1341e-06,5.894e-06,5.6508e-06,5.4065e-06,5.163e-06,4.9222e-06,4.6864e-06,4.4709e-06
1.2232e-06,9.3556e-07,6.5314e-07,3.9558e-07,1.6321e-07,-4.5107e-08,-2.3066e-07,-3.9477e-07,-5.3875e-07,-6.6388e-07,-7.7138e-07,-8.6242e-07,-9.3806e-07,-9.9932e-07,-1.0471e-06,-1.0822e-06,-1.1054e-06,-1.1172e-06,-1.1182e-06,-1.1089e-06,-1.0896e-06,-1.0605e-06,-1.022e-06,-9.7395e-07,-9.1657e-07,-8.4981e-07,-7.7359e-07,-6.8781e-07,-5.9231e-07,-4.8692e-07,-3.7141e-07,-2.4558e-07,-1.0921e-07,3.7918e-08,1.9601e-07,3.6522e-07,5.457e-07,7.3752e-07,9.407e-07,1.1552e-06,1.3809e-06,1.6175e-06,1.8647e-06,2.1222e-06,2.3892e-06,2.6651e-06,2.9491e-06,3.2402e-06,3.5372e-06,3.8386e-06,4.1432e-06,4.4492e-06,4.7551e-06,5.059e-06,5.3589e-06,5.6528e-06,5.9387e-06,6.2144e-06,6.4777e-06,6.7265e-06,6.9588e-06,7.1724e-06,7.3655e-06,7.5364e-06,7.6834e-06,7.8051e-06,7.9005e-06,7.9687e-06,8.0091e-06,8.0214e-06,8.0056e-06,7.9621e-06,7.8916e-06,7.7949e-06,7.6734e-06,7.5285e-06,7.3619e-06,7.1756e-06,6.9717e-06,6.7524e-06,6.5201e-06,6.277e-06,6.0257e-06,5.7684e-06,5.5075e-06,5.2452e-06,4.9836e-06,4.7247e-06,4.4713e-06,4.2397e-06
1.0959e-06,7.9688e-07,5.034e-07,2.3585e-07,-5.4425e-09,-2.217e-07,-4.143e-07,-5.8467e-07,-7.3423e-07,-8.6433e-07,-9.7632e-07,-1.0714e-06,-1.1509e-06,-1.2156e-06,-1.2667e-06,-1.3051e-06,-1.3314e-06,-1.3463e-06,-1.3505e-06,-1.3443e-06,-1.3282e-06,-1.3024e-06,-1.2672e-06,-1.2226e-06,-1.1687e-06,-1.1054e-06,-1.0327e-06,-9.5045e-07,-8.5844e-07,-7.5646e-07,-6.4427e-07,-5.2161e-07,-3.882e-07,-2.4378e-07,-8.8103e-08,7.9064e-08,2.5791e-07,4.4858e-07,6.5116e-07,8.6566e-07,1.092e-06,1.33e-06,1.5794e-06,1.8399e-06,2.1108e-06,2.3915e-06,2.6812e-06,2.9791e-06,3.2838e-06,3.594e-06,3.9082e-06,4.2249e-06,4.5422e-06,4.8584e-06,5.1713e-06,5.4789e-06,5.779e-06,6.0692e-06,6.3473e-06,6.611e-06,6.858e-06,7.0861e-06,7.2932e-06,7.4773e-06,7.6366e-06,7.7697e-06,7.8751e-06,7.9518e-06,7.9992e-06,8.0167e-06,8.0043e-06,7.9623e-06,7.8912e-06,7.7919e-06,7.6657e-06,7.5142e-06,7.339e-06,7.1423e-06,6.9263e-06,6.6933e-06,6.4458e-06,6.1864e-06,5.9177e-06,5.6423e-06,5.3626e-06,5.0811e-06,4.8002e-06,4.5221e-06,4.2499e-06,4.0011e-06
9.3926e-07,6.2911e-07,3.2479e-07,4.7456e-08,-2.0259e-07,-4.2666e-07,-6.2621e-07,-8.0278e-07,-9.5787e-07,-1.093e-06,-1.2095e-06,-1.3088e-06,-1.392e-06,-1.4605e-06,-1.5151e-06,-1.5568e-06,-1.5865e-06,-1.6048e-06,-1.6124e-06,-1.6096e-06,-1.597e-06,-1.5748e-06,-1.5433e-06,-1.5024e-06,-1.4523e-06,-1.3929e-06,-1.3241e-06,-1.2457e-06,-1.1575e-06,-1.0593e-06,-9.5082e-07,-8.3168e-07,-7.016e-07,-5.6024e-07,-4.073e-07,-2.425e-07,-6.5573e-08,1.2369e-07,3.2543e-07,5.3974e-07,7.6661e-07,1.0059e-06,1.2575e-06,1.521e-06,1.7959e-06,2.0816e-06,2.3774e-06,2.6824e-06,2.9954e-06,3.3149e-06,3.6396e-06,3.9677e-06,4.2976e-06,4.6272e-06,4.9545e-06,5.2771e-06,5.5929e-06,5.8993e-06,6.194e-06,6.4744e-06,6.738e-06,6.9825e-06,7.2056e-06,7.4049e-06,7.5787e-06,7.725e-06,7.8423e-06,7.9295e-06,7.9855e-06,8.0099e-06,8.0023e-06,7.9629e-06,7.8922e-06,7.7912e-06,7.661e-06,7.5032e-06,7.3197e-06,7.1125e-06,6.8841e-06,6.6369e-06,6.3737e-06,6.0972e-06,5.8102e-06,5.5156e-06,5.216e-06,4.9142e-06,4.6127e-06,4.3141e-06,4.0216e-06,3.7544e-06
7.5207e-07,4.3102e-07,1.1609e-07,-1.7083e-07,-4.2946e-07,-6.612e-07,-8.676e-07,-1.0503e-06,-1.2109e-06,-1.351e-06,-1.4721e-06,-1.5756e-06,-1.6629e-06,-1.7351e-06,-1.7934e-06,-1.8387e-06,-1.872e-06,-1.8939e-06,-1.9051e-06,-1.9062e-06,-1.8974e-06,-1.8791e-06,-1.8516e-06,-1.8148e-06,-1.7689e-06,-1.7137e-06,-1.6492e-06,-1.5752e-06,-1.4913e-06,-1.3974e-06,-1.293e-06,-1.1778e-06,-1.0515e-06,-9.1369e-07,-7.6394e-07,-6.0193e-07,-4.2733e-07,-2.3986e-07,-3.9309e-08,1.7449e-07,4.0161e-07,6.4201e-07,8.9555e-07,1.162e-06,1.4409e-06,1.7317e-06,2.0337e-06,2.3462e-06,2.6678e-06,2.9973e-06,3.333e-06,3.6735e-06,4.0168e-06,4.361e-06,4.7039e-06,5.0431e-06,5.3761e-06,5.7005e-06,6.0135e-06,6.3126e-06,6.595e-06,6.858e-06,7.0992e-06,7.3161e-06,7.5065e-06,7.6683e-06,7.7998e-06,7.8994e-06,7.9662e-06,7.9991e-06,7.998e-06,7.9628e-06,7.8939e-06,7.7921e-06,7.6587e-06,7.4953e-06,7.3037e-06,7.0861e-06,6.8452e-06,6.5835e-06,6.304e-06,6.0096e-06,5.7034e-06,5.3885e-06,5.0678e-06,4.7443e-06,4.4208e-06,4.1002e-06,3.786e-06,3.4988e-06
5.3317e-07,2.0145e-07,-1.2387e-07,-4.2018e-07,-6.8725e-07,-9.2652e-07,-1.1397e-06,-1.3285e-06,-1.4946e-06,-1.6397e-06,-1.7654e-06,-1.8732e-06,-1.9646e-06,-2.0407e-06,-2.1029e-06,-2.152e-06,-2.1891e-06,-2.215e-06,-2.2301e-06,-2.2352e-06,-2.2307e-06,-2.2167e-06,-2.1936e-06,-2.1614e-06,-2.1201e-06,-2.0697e-06,-2.01e-06,-1.9407e-06,-1.8617e-06,-1.7725e-06,-1.6728e-06,-1.5622e-06,-1.4402e-06,-1.3065e-06,-1.1605e-06,-1.0018e-06,-8.3006e-07,-6.4491e-07,-4.4604e-07,-2.3322e-07,-6.2764e-09,2.3483e-07,4.9005e-07,7.592e-07,1.0419e-06,1.3378e-06,1.6461e-06,1.9662e-06,2.2967e-06,2.6365e-06,2.984e-06,3.3375e-06,3.6952e-06,4.0551e-06,4.4148e-06,4.7719e-06,5.1239e-06,5.468e-06,5.8013e-06,6.1212e-06,6.4245e-06,6.7085e-06,6.9702e-06,7.2072e-06,7.4167e-06,7.5965e-06,7.7445e-06,7.8591e-06,7.9387e-06,7.9825e-06,7.9898e-06,7.9605e-06,7.8949e-06,7.7937e-06,7.6582e-06,7.4898e-06,7.2907e-06,7.063e-06,6.8095e-06,6.5331e-06,6.2367e-06,5.9237e-06,5.5974e-06,5.261e-06,4.9179e-06,4.5714e-06,4.2244e-06,3.8801e-06,3.5426e-06,3.2339e-06
2.814e-07,-6.077e-08,-3.9626e-07,-7.0178e-07,-9.7711e-07,-1.2238e-06,-1.4436e-06,-1.6384e-06,-1.81e-06,-1.9601e-06,-2.0905e-06,-2.2027e-06,-2.2983e-06,-2.3786e-06,-2.4448e-06,-2.498e-06,-2.5392e-06,-2.5692e-06,-2.5887e-06,-2.5982e-06,-2.5982e-06,-2.589e-06,-2.5707e-06,-2.5435e-06,-2.5074e-06,-2.4623e-06,-2.4079e-06,-2.3441e-06,-2.2705e-06,-2.1867e-06,-2.0924e-06,-1.9869e-06,-1.87e-06,-1.741e-06,-1.5994e-06,-1.4447e-06,-1.2766e-06,-1.0944e-06,-8.9789e-07,-6.8666e-07,-4.6048e-07,-2.192e-07,3.7211e-08,3.0866e-07,5.9491e-07,8.9555e-07,1.21e-06,1.5376e-06,1.8774e-06,2.2278e-06,2.5874e-06,2.9547e-06,3.3276e-06,3.7042e-06,4.082e-06,4.4585e-06,4.831e-06,5.1966e-06,5.5524e-06,5.8951e-06,6.2218e-06,6.5292e-06,6.8142e-06,7.0738e-06,7.3053e-06,7.5058e-06,7.6732e-06,7.8053e-06,7.9006e-06,7.9576e-06,7.9757e-06,7.9544e-06,7.894e-06,7.795e-06,7.6586e-06,7.4864e-06,7.2804e-06,7.0431e-06,6.7771e-06,6.4857e-06,6.1721e-06,5.8397e-06,5.4923e-06,5.1334e-06,4.7666e-06,4.3954e-06,4.0234e-06,3.6537e-06,3.291e-06,2.9589e-06
-4.3805e-09,-3.5677e-07,-7.0221e-07,-1.0167e-06,-1.3002e-06,-1.5542e-06,-1.7806e-06,-1.9813e-06,-2.1583e-06,-2.3135e-06,-2.4486e-06,-2.5653e-06,-2.6653e-06,-2.7498e-06,-2.8203e-06,-2.8778e-06,-2.9234e-06,-2.9579e-06,-2.9821e-06,-2.9964e-06,-3.0014e-06,-2.9974e-06,-2.9845e-06,-2.9629e-06,-2.9325e-06,-2.8932e-06,-2.8449e-06,-2.7871e-06,-2.7196e-06,-2.642e-06,-2.5537e-06,-2.4542e-06,-2.3431e-06,-2.2196e-06,-2.0833e-06,-1.9336e-06,-1.7698e-06,-1.5915e-06,-1.3981e-06,-1.1893e-06,-9.6461e-07,-7.2388e-07,-4.6694e-07,-1.9377e-07,9.5474e-08,4.005e-07,7.2083e-07,1.0558e-06,1.4046e-06,1.7658e-06,2.138e-06,2.5195e-06,2.9084e-06,3.3026e-06,3.6997e-06,4.097e-06,4.4917e-06,4.8807e-06,5.261e-06,5.629e-06,5.9815e-06,6.315e-06,6.6261e-06,6.9115e-06,7.1678e-06,7.3923e-06,7.5821e-06,7.7349e-06,7.8487e-06,7.9219e-06,7.9533e-06,7.9426e-06,7.8895e-06,7.7947e-06,7.6591e-06,7.4843e-06,7.2725e-06,7.026e-06,6.7479e-06,6.4415e-06,6.1102e-06,5.7579e-06,5.3885e-06,5.0058e-06,4.6139e-06,4.2166e-06,3.8177e-06,3.4208e-06,3.0308e-06,2.6733e-06
-3.2527e-07,-6.8764e-07,-1.0428e-06,-1.3662e-06,-1.6576e-06,-1.9187e-06,-2.1516e-06,-2.3583e-06,-2.5408e-06,-2.701e-06,-2.8409e-06,-2.9622e-06,-3.0667e-06,-3.1557e-06,-3.2306e-06,-3.2927e-06,-3.343e-06,-3.3824e-06,-3.4116e-06,-3.4312e-06,-3.4417e-06,-3.4433e-06,-3.4364e-06,-3.4209e-06,-3.3969e-06,-3.3642e-06,-3.3225e-06,-3.2716e-06,-3.211e-06,-3.1403e-06,-3.059e-06,-2.9664e-06,-2.862e-06,-2.745e-06,-2.615e-06,-2.4711e-06,-2.3127e-06,-2.1392e-06,-1.95e-06,-1.7445e-06,-1.5224e-06,-1.2831e-06,-1.0265e-06,-7.5246e-07,-4.6093e-07,-1.5215e-07,1.7352e-07,5.1549e-07,8.7322e-07,1.2452e-06,1.63e-06,2.0261e-06,2.4316e-06,2.8443e-06,3.2617e-06,3.6812e-06,4.0997e-06,4.5141e-06,4.921e-06,5.3168e-06,5.6978e-06,6.0603e-06,6.4005e-06,6.7148e-06,6.9995e-06,7.2513e-06,7.467e-06,7.6439e-06,7.7796e-06,7.8722e-06,7.9202e-06,7.9228e-06,7.8797e-06,7.7913e-06,7.6585e-06,7.4828e-06,7.2663e-06,7.0117e-06,6.7219e-06,6.4006e-06,6.0515e-06,5.6786e-06,5.2862e-06,4.8786e-06,4.4602e-06,4.035e-06,3.6074e-06,3.1812e-06,2.7618e-06,2.3768e-06
-6.8234e-07,-1.0545e-06,-1.4192e-06,-1.7512e-06,-2.0504e-06,-2.3186e-06,-2.5579e-06,-2.7704e-06,-2.9583e-06,-3.1237e-06,-3.2685e-06,-3.3945e-06,-3.5036e-06,-3.5973e-06,-3.677e-06,-3.7439e-06,-3.7993e-06,-3.8439e-06,-3.8785e-06,-3.9038e-06,-3.9203e-06,-3.9282e-06,-3.9278e-06,-3.9192e-06,-3.9022e-06,-3.8767e-06,-3.8426e-06,-3.7993e-06,-3.7465e-06,-3.6837e-06,-3.6103e-06,-3.5256e-06,-3.429e-06,-3.3197e-06,-3.197e-06,-3.0601e-06,-2.9083e-06,-2.7408e-06,-2.557e-06,-2.3561e-06,-2.1376e-06,-1.901e-06,-1.6458e-06,-1.3719e-06,-1.079e-06,-7.6736e-07,-4.3709e-07,-8.87e-08,2.7748e-07,6.5995e-07,1.0574e-06,1.4683e-06,1.8908e-06,2.3227e-06,2.7615e-06,3.2044e-06,3.6484e-06,4.09e-06,4.5258e-06,4.9518e-06,5.3641e-06,5.7587e-06,6.1313e-06,6.478e-06,6.7947e-06,7.0776e-06,7.3231e-06,7.528e-06,7.6894e-06,7.805e-06,7.8731e-06,7.8924e-06,7.8624e-06,7.7832e-06,7.6555e-06,7.4809e-06,7.2614e-06,6.9997e-06,6.6991e-06,6.3631e-06,5.996e-06,5.6021e-06,5.1859e-06,4.7523e-06,4.3058e-06,3.8511e-06,3.3927e-06,2.935e-06,2.4839e-06,2.0691e-06
-1.0767e-06,-1.4583e-06,-1.8323e-06,-2.1728e-06,-2.4796e-06,-2.7548e-06,-3.0004e-06,-3.2188e-06,-3.4121e-06,-3.5826e-06,-3.7324e-06,-3.8633e-06,-3.9772e-06,-4.0758e-06,-4.1605e-06,-4.2326e-06,-4.2933e-06,-4.3435e-06,-4.3841e-06,-4.4156e-06,-4.4386e-06,-4.4534e-06,-4.4602e-06,-4.4591e-06,-4.4499e-06,-4.4326e-06,-4.4068e-06,-4.3721e-06,-4.3281e-06,-4.2742e-06,-4.2098e-06,-4.1341e-06,-4.0465e-06,-3.9461e-06,-3.832e-06,-3.7035e-06,-3.5596e-06,-3.3996e-06,-3.2225e-06,-3.0276e-06,-2.8141e-06,-2.5815e-06,-2.3292e-06,-2.0566e-06,-1.7637e-06,-1.4502e-06,-1.1164e-06,-7.6238e-07,-3.8849e-07,3.9879e-09,4.1381e-07,8.395e-07,1.2792e-06,1.7309e-06,2.1919e-06,2.6594e-06,3.1303e-06,3.6011e-06,4.0679e-06,4.5267e-06,4.9733e-06,5.4031e-06,5.8117e-06,6.1946e-06,6.5473e-06,6.8654e-06,7.1449e-06,7.3821e-06,7.5735e-06,7.7165e-06,7.8087e-06,7.8485e-06,7.8351e-06,7.7683e-06,7.6487e-06,7.4775e-06,7.257e-06,6.9897e-06,6.6792e-06,6.3292e-06,5.9442e-06,5.5289e-06,5.0882e-06,4.6273e-06,4.1513e-06,3.6652e-06,3.1741e-06,2.6826e-06,2.1971e-06,1.75e-06
-1.5092e-06,-1.9002e-06,-2.2832e-06,-2.632e-06,-2.9463e-06,-3.2283e-06,-3.4802e-06,-3.7044e-06,-3.9032e-06,-4.0789e-06,-4.2337e-06,-4.3696e-06,-4.4885e-06,-4.5922e-06,-4.6822e-06,-4.7598e-06,-4.8262e-06,-4.8825e-06,-4.9295e-06,-4.9678e-06,-4.9979e-06,-5.0202e-06,-5.0349e-06,-5.042e-06,-5.0415e-06,-5.0332e-06,-5.0167e-06,-4.9916e-06,-4.9575e-06,-4.9137e-06,-4.8595e-06,-4.7942e-06,-4.7169e-06,-4.6267e-06,-4.5228e-06,-4.4041e-06,-4.2697e-06,-4.1187e-06,-3.95e-06,-3.7627e-06,-3.5559e-06,-3.3289e-06,-3.0809e-06,-2.8114e-06,-2.5198e-06,-2.206e-06,-1.8698e-06,-1.5113e-06,-1.1308e-06,-7.2908e-07,-3.0743e-07,1.3276e-07,5.8975e-07,1.0614e-06,1.5453e-06,2.0385e-06,2.5378e-06,3.0395e-06,3.5396e-06,4.0338e-06,4.5176e-06,4.9861e-06,5.4344e-06,5.8575e-06,6.2504e-06,6.6083e-06,6.9265e-06,7.2007e-06,7.427e-06,7.602e-06,7.7229e-06,7.7877e-06,7.795e-06,7.7444e-06,7.6361e-06,7.4714e-06,7.2522e-06,6.9813e-06,6.6622e-06,6.299e-06,5.8965e-06,5.4595e-06,4.9937e-06,4.5044e-06,3.9973e-06,3.478e-06,2.9519e-06,2.4241e-06,1.9017e-06,1.4195e-06
-1.9811e-06,-2.381e-06,-2.7729e-06,-3.1297e-06,-3.4514e-06,-3.7401e-06,-3.9982e-06,-4.2282e-06,-4.4324e-06,-4.6134e-06,-4.7734e-06,-4.9144e-06,-5.0386e-06,-5.1476e-06,-5.2431e-06,-5.3266e-06,-5.3992e-06,-5.462e-06,-5.5159e-06,-5.5615e-06,-5.5994e-06,-5.6299e-06,-5.6532e-06,-5.6694e-06,-5.6784e-06,-5.68e-06,-5.6739e-06,-5.6596e-06,-5.6365e-06,-5.604e-06,-5.5614e-06,-5.5078e-06,-5.4423e-06,-5.3639e-06,-5.2717e-06,-5.1646e-06,-5.0415e-06,-4.9012e-06,-4.7427e-06,-4.5649e-06,-4.3668e-06,-4.1473e-06,-3.9056e-06,-3.6408e-06,-3.3524e-06,-3.0399e-06,-2.7029e-06,-2.3415e-06,-1.9557e-06,-1.5458e-06,-1.1131e-06,-6.5901e-07,-1.8503e-07,3.0679e-07,8.1401e-07,1.3337e-06,1.8626e-06,2.3969e-06,2.9324e-06,3.4646e-06,3.9886e-06,4.4993e-06,4.9912e-06,5.4588e-06,5.8966e-06,6.2992e-06,6.6612e-06,6.9777e-06,7.2441e-06,7.4564e-06,7.6113e-06,7.706e-06,7.7388e-06,7.7087e-06,7.6157e-06,7.4609e-06,7.246e-06,6.9738e-06,6.648e-06,6.2728e-06,5.8532e-06,5.3946e-06,4.903e-06,4.3844e-06,3.8448e-06,3.2904e-06,2.727e-06,2.1604e-06,1.5981e-06,1.0779e-06
-2.4931e-06,-2.9018e-06,-3.3023e-06,-3.667e-06,-3.9959e-06,-4.2912e-06,-4.5554e-06,-4.7912e-06,-5.0009e-06,-5.1872e-06,-5.3524e-06,-5.4988e-06,-5.6284e-06,-5.743e-06,-5.8444e-06,-5.9341e-06,-6.0132e-06,-6.083e-06,-6.1443e-06,-6.1978e-06,-6.2441e-06,-6.2835e-06,-6.3163e-06,-6.3425e-06,-6.362e-06,-6.3746e-06,-6.3799e-06,-6.3774e-06,-6.3667e-06,-6.3469e-06,-6.3172e-06,-6.2769e-06,-6.2248e-06,-6.16e-06,-6.0814e-06,-5.9876e-06,-5.8777e-06,-5.7502e-06,-5.604e-06,-5.4379e-06,-5.2504e-06,-5.0406e-06,-4.8073e-06,-4.5496e-06,-4.2664e-06,-3.9572e-06,-3.6214e-06,-3.2588e-06,-2.8693e-06,-2.4527e-06,-2.0102e-06,-1.5431e-06,-1.0527e-06,-5.4097e-07,-1.0271e-08,5.3654e-07,1.0961e-06,1.6645e-06,2.2375e-06,2.8103e-06,3.3776e-06,3.9339e-06,4.4734e-06,4.9901e-06,5.4777e-06,5.9302e-06,6.3416e-06,6.7061e-06,7.0186e-06,7.2741e-06,7.4687e-06,7.599e-06,7.6627e-06,7.6582e-06,7.5852e-06,7.4443e-06,7.2372e-06,6.9666e-06,6.6362e-06,6.2505e-06,5.8148e-06,5.3349e-06,4.8172e-06,4.2682e-06,3.6947e-06,3.1032e-06,2.5002e-06,1.8921e-06,1.2869e-06,7.2574e-07
-3.0462e-06,-3.4634e-06,-3.8723e-06,-4.2447e-06,-4.5807e-06,-4.8825e-06,-5.1528e-06,-5.3942e-06,-5.6095e-06,-5.8012e-06,-5.9718e-06,-6.1236e-06,-6.2588e-06,-6.3793e-06,-6.4869e-06,-6.5831e-06,-6.6693e-06,-6.7465e-06,-6.8158e-06,-6.8778e-06,-6.9332e-06,-6.9823e-06,-7.0253e-06,-7.0624e-06,-7.0933e-06,-7.118e-06,-7.1359e-06,-7.1466e-06,-7.1495e-06,-7.1439e-06,-7.1288e-06,-7.1033e-06,-7.0665e-06,-7.0171e-06,-6.9539e-06,-6.8756e-06,-6.781e-06,-6.6686e-06,-6.5369e-06,-6.3847e-06,-6.2104e-06,-6.0128e-06,-5.7904e-06,-5.542e-06,-5.2665e-06,-4.963e-06,-4.6307e-06,-4.2691e-06,-3.8778e-06,-3.4563e-06,-3.0057e-06,-2.5268e-06,-2.021e-06,-1.4899e-06,-9.3588e-07,-3.6168e-07,2.2933e-07,8.3324e-07,1.4456e-06,2.0613e-06,2.675e-06,3.2806e-06,3.8719e-06,4.4422e-06,4.9848e-06,5.4928e-06,5.9596e-06,6.3784e-06,6.7434e-06,7.0487e-06,7.2896e-06,7.4619e-06,7.5625e-06,7.5894e-06,7.5416e-06,7.4194e-06,7.2243e-06,6.9588e-06,6.6266e-06,6.2324e-06,5.7819e-06,5.2813e-06,4.7373e-06,4.1572e-06,3.5483e-06,2.9178e-06,2.2729e-06,1.6204e-06,9.6912e-07,3.6364e-07
-3.6412e-06,-4.0667e-06,-4.4838e-06,-4.8637e-06,-5.2065e-06,-5.5147e-06,-5.7911e-06,-6.0382e-06,-6.259e-06,-6.4562e-06,-6.6323e-06,-6.7897e-06,-6.9308e-06,-7.0574e-06,-7.1715e-06,-7.2746e-06,-7.3682e-06,-7.4534e-06,-7.5312e-06,-7.6024e-06,-7.6675e-06,-7.7271e-06,-7.7812e-06,-7.8301e-06,-7.8735e-06,-7.9113e-06,-7.9431e-06,-7.9683e-06,-7.9863e-06,-7.9963e-06,-7.9975e-06,-7.9887e-06,-7.9689e-06,-7.9368e-06,-7.8912e-06,-7.8307e-06,-7.7537e-06,-7.6587e-06,-7.5442e-06,-7.4085e-06,-7.2501e-06,-7.0673e-06,-6.8585e-06,-6.6223e-06,-6.3573e-06,-6.0623e-06,-5.7361e-06,-5.3779e-06,-4.9872e-06,-4.5632e-06,-4.1064e-06,-3.6174e-06,-3.0975e-06,-2.5481e-06,-1.9713e-06,-1.3697e-06,-7.4677e-07,-1.0635e-07,5.4697e-07,1.208e-06,1.8709e-06,2.5294e-06,3.1767e-06,3.8055e-06,4.4085e-06,4.978e-06,5.5065e-06,5.9864e-06,6.4108e-06,6.7731e-06,7.0675e-06,7.2889e-06,7.4335e-06,7.4983e-06,7.4819e-06,7.384e-06,7.2057e-06,6.9494e-06,6.6188e-06,6.2187e-06,5.7551e-06,5.2346e-06,4.6645e-06,4.0528e-06,3.4072e-06,2.7359e-06,2.0465e-06,1.3466e-06,6.4599e-07,-7.2756e-09
-4.279e-06,-4.7125e-06,-5.1374e-06,-5.5247e-06,-5.8743e-06,-6.1888e-06,-6.4711e-06,-6.724e-06,-6.9504e-06,-7.1531e-06,-7.3348e-06,-7.498e-06,-7.6451e-06,-7.7781e-06,-7.899e-06,-8.0094e-06,-8.1108e-06,-8.2044e-06,-8.2913e-06,-8.3722e-06,-8.4479e-06,-8.5187e-06,-8.5848e-06,-8.6465e-06,-8.7035e-06,-8.7556e-06,-8.8025e-06,-8.8435e-06,-8.8781e-06,-8.9054e-06,-8.9245e-06,-8.9343e-06,-8.9335e-06,-8.921e-06,-8.8952e-06,-8.8547e-06,-8.7978e-06,-8.7229e-06,-8.6283e-06,-8.512e-06,-8.3723e-06,-8.2074e-06,-8.0153e-06,-7.7944e-06,-7.543e-06,-7.2594e-06,-6.9424e-06,-6.5907e-06,-6.2033e-06,-5.7796e-06,-5.3189e-06,-4.8221e-06,-4.2898e-06,-3.7234e-06,-3.1248e-06,-2.4964e-06,-1.8414e-06,-1.1637e-06,-4.6808e-07,2.4025e-07,9.5519e-07,1.67e-06,2.3775e-06,3.0698e-06,3.7388e-06,4.376e-06,4.9729e-06,5.5212e-06,6.0127e-06,6.4398e-06,6.7956e-06,7.0741e-06,7.2703e-06,7.3805e-06,7.4024e-06,7.3352e-06,7.1794e-06,6.9372e-06,6.6123e-06,6.2095e-06,5.735e-06,5.196e-06,4.6003e-06,3.9565e-06,3.2732e-06,2.5591e-06,1.8228e-06,1.0727e-06,3.1912e-07,-3.8559e-07
-4.9602e-06,-5.4015e-06,-5.8341e-06,-6.2285e-06,-6.5847e-06,-6.9055e-06,-7.1937e-06,-7.4523e-06,-7.6842e-06,-7.8926e-06,-8.08e-06,-8.2491e-06,-8.4024e-06,-8.542e-06,-8.67e-06,-8.7881e-06,-8.8977e-06,-9.0002e-06,-9.0967e-06,-9.1881e-06,-9.2749e-06,-9.3577e-06,-9.4367e-06,-9.5121e-06,-9.5837e-06,-9.6514e-06,-9.7146e-06,-9.773e-06,-9.8257e-06,-9.872e-06,-9.9108e-06,-9.941e-06,-9.9614e-06,-9.9706e-06,-9.967e-06,-9.9491e-06,-9.9151e-06,-9.8631e-06,-9.7912e-06,-9.6974e-06,-9.5796e-06,-9.4358e-06,-9.2638e-06,-9.0616e-06,-8.8272e-06,-8.5586e-06,-8.2541e-06,-7.9122e-06,-7.5316e-06,-7.1111e-06,-6.6495e-06,-6.1473e-06,-5.6051e-06,-5.0237e-06,-4.4046e-06,-3.7502e-06,-3.0635e-06,-2.3484e-06,-1.6094e-06,-8.5201e-07,-8.2535e-08,6.9198e-07,1.4638e-06,2.2244e-06,2.9651e-06,3.6764e-06,4.3489e-06,4.9732e-06,5.5399e-06,6.0404e-06,6.4663e-06,6.8106e-06,7.0671e-06,7.231e-06,7.2992e-06,7.2699e-06,7.1433e-06,6.921e-06,6.6066e-06,6.2049e-06,5.7225e-06,5.1668e-06,4.5464e-06,3.8704e-06,3.1483e-06,2.3898e-06,1.6042e-06,8.0059e-07,-9.4657e-09,-7.6947e-07
-5.6856e-06,-6.1343e-06,-6.5745e-06,-6.9758e-06,-7.3386e-06,-7.6655e-06,-7.9595e-06,-8.2238e-06,-8.4614e-06,-8.6754e-06,-8.8686e-06,-9.0438e-06,-9.2035e-06,-9.35e-06,-9.4853e-06,-9.6113e-06,-9.7295e-06,-9.8414e-06,-9.9481e-06,-1.005e-05,-1.0149e-05,-1.0245e-05,-1.0337e-05,-1.0427e-05,-1.0515e-05,-1.0599e-05,-1.068e-05,-1.0757e-05,-1.083e-05,-1.0896e-05,-1.0957e-05,-1.101e-05,-1.1053e-05,-1.1087e-05,-1.1108e-05,-1.1115e-05,-1.1107e-05,-1.108e-05,-1.1034e-05,-1.0966e-05,-1.0874e-05,-1.0755e-05,-1.0606e-05,-1.0427e-05,-1.0213e-05,-9.9633e-06,-9.6752e-06,-9.3468e-06,-8.9765e-06,-8.5628e-06,-8.1037e-06,-7.5994e-06,-7.05e-06,-6.4559e-06,-5.8184e-06,-5.1395e-06,-4.422e-06,-3.6695e-06,-2.8866e-06,-2.0788e-06,-1.2526e-06,-4.154e-07,4.2466e-07,1.2585e-06,2.0766e-06,2.8686e-06,3.6241e-06,4.3325e-06,4.9831e-06,5.566e-06,6.0715e-06,6.4911e-06,6.8175e-06,7.0445e-06,7.1678e-06,7.1848e-06,7.0949e-06,6.8993e-06,6.6011e-06,6.2052e-06,5.7183e-06,5.1484e-06,4.5045e-06,3.7967e-06,3.0352e-06,2.2306e-06,1.3933e-06,5.3307e-07,-3.3728e-07,-1.1566e-06
-6.4558e-06,-6.9118e-06,-7.3592e-06,-7.7673e-06,-8.1365e-06,-8.4695e-06,-8.7693e-06,-9.0393e-06,-9.2825e-06,-9.5022e-06,-9.7013e-06,-9.8826e-06,-1.0049e-05,-1.0202e-05,-1.0345e-05,-1.048e-05,-1.0607e-05,-1.0728e-05,-1.0846e-05,-1.0959e-05,-1.1071e-05,-1.118e-05,-1.1287e-05,-1.1393e-05,-1.1497e-05,-1.1599e-05,-1.1699e-05,-1.1796e-05,-1.189e-05,-1.1979e-05,-1.2063e-05,-1.214e-05,-1.2209e-05,-1.2269e-05,-1.2317e-05,-1.2353e-05,-1.2373e-05,-1.2376e-05,-1.2359e-05,-1.232e-05,-1.2256e-05,-1.2166e-05,-1.2045e-05,-1.1892e-05,-1.1703e-05,-1.1476e-05,-1.1209e-05,-1.0898e-05,-1.0542e-05,-1.0139e-05,-9.6864e-06,-9.1837e-06,-8.6304e-06,-8.0266e-06,-7.3733e-06,-6.6718e-06,-5.9248e-06,-5.1357e-06,-4.3089e-06,-3.4498e-06,-2.5652e-06,-1.6625e-06,-7.5053e-07,1.6124e-07,1.0624e-06,1.9417e-06,2.7878e-06,3.5886e-06,4.3323e-06,5.0073e-06,5.6025e-06,6.1079e-06,6.5145e-06,6.8149e-06,7.0033e-06,7.0761e-06,7.0316e-06,6.8703e-06,6.595e-06,6.2105e-06,5.7235e-06,5.1424e-06,4.477e-06,3.738e-06,2.9367e-06,2.0846e-06,1.1932e-06,2.7324e-07,-6.6128e-07,-1.5441e-06
-7.2713e-06,-7.7343e-06,-8.1888e-06,-8.6037e-06,-8.9792e-06,-9.3181e-06,-9.6237e-06,-9.8993e-06,-1.0148e-05,-1.0374e-05,-1.0579e-05,-1.0766e-05,-1.0939e-05,-1.11e-05,-1.125e-05,-1.1393e-05,-1.153e-05,-1.1661e-05,-1.179e-05,-1.1915e-05,-1.204e-05,-1.2163e-05,-1.2286e-05,-1.2408e-05,-1.253e-05,-1.2651e-05,-1.2771e-05,-1.289e-05,-1.3006e-05,-1.312e-05,-1.3229e-05,-1.3333e-05,-1.343e-05,-1.3518e-05,-1.3596e-05,-1.3662e-05,-1.3714e-05,-1.3749e-05,-1.3765e-05,-1.3759e-05,-1.3728e-05,-1.3669e-05,-1.3581e-05,-1.3458e-05,-1.3298e-05,-1.3099e-05,-1.2857e-05,-1.2568e-05,-1.2231e-05,-1.1843e-05,-1.1402e-05,-1.0904e-05,-1.0351e-05,-9.7414e-06,-9.0753e-06,-8.3539e-06,-7.5795e-06,-6.755e-06,-5.8848e-06,-4.9742e-06,-4.0298e-06,-3.0595e-06,-2.0723e-06,-1.0782e-06,-8.8474e-08,8.8484e-07,1.829e-06,2.7309e-06,3.5771e-06,4.3545e-06,5.0503e-06,5.6527e-06,6.151e-06,6.536e-06,6.8006e-06,6.9397e-06,6.9503e-06,6.8323e-06,6.5877e-06,6.221e-06,5.7392e-06,5.1509e-06,4.4664e-06,3.6974e-06,2.8562e-06,1.9555e-06,1.0077e-06,2.4837e-08,-9.7785e-07,-1.9286e-06
-8.1326e-06,-8.6026e-06,-9.064e-06,-9.4854e-06,-9.8671e-06,-1.0212e-05,-1.0523e-05,-1.0804e-05,-1.1059e-05,-1.129e-05,-1.1501e-05,-1.1695e-05,-1.1874e-05,-1.2042e-05,-1.2201e-05,-1.2352e-05,-1.2498e-05,-1.264e-05,-1.278e-05,-1.2918e-05,-1.3056e-05,-1.3194e-05,-1.3333e-05,-1.3472e-05,-1.3613e-05,-1.3754e-05,-1.3895e-05,-1.4037e-05,-1.4178e-05,-1.4317e-05,-1.4453e-05,-1.4586e-05,-1.4713e-05,-1.4833e-05,-1.4943e-05,-1.5043e-05,-1.5129e-05,-1.5199e-05,-1.5251e-05,-1.5282e-05,-1.5288e-05,-1.5266e-05,-1.5213e-05,-1.5125e-05,-1.5e-05,-1.4832e-05,-1.462e-05,-1.4359e-05,-1.4046e-05,-1.3678e-05,-1.3252e-05,-1.2765e-05,-1.2216e-05,-1.1604e-05,-1.0929e-05,-1.0191e-05,-9.3921e-06,-8.5344e-06,-7.6219e-06,-6.6601e-06,-5.6554e-06,-4.6157e-06,-3.5503e-06,-2.47e-06,-1.3865e-06,-3.1283e-07,7.3711e-07,1.7488e-06,2.7073e-06,3.5978e-06,4.4056e-06,5.1169e-06,5.7191e-06,6.2012e-06,6.5541e-06,6.7711e-06,6.848e-06,6.7832e-06,6.5783e-06,6.2372e-06,5.7667e-06,5.1758e-06,4.4756e-06,3.6784e-06,2.7977e-06,1.8474e-06,8.4111e-07,-2.0774e-07,-1.2826e-06,-2.3059e-06
-9.0403e-06,-9.5169e-06,-9.9852e-06,-1.0413e-05,-1.0801e-05,-1.1152e-05,-1.1469e-05,-1.1755e-05,-1.2015e-05,-1.2252e-05,-1.2469e-05,-1.2669e-05,-1.2855e-05,-1.3031e-05,-1.3197e-05,-1.3357e-05,-1.3513e-05,-1.3665e-05,-1.3817e-05,-1.3968e-05,-1.4119e-05,-1.4273e-05,-1.4428e-05,-1.4585e-05,-1.4745e-05,-1.4907e-05,-1.5072e-05,-1.5237e-05,-1.5404e-05,-1.557e-05,-1.5736e-05,-1.5899e-05,-1.6058e-05,-1.6211e-05,-1.6357e-05,-1.6493e-05,-1.6617e-05,-1.6726e-05,-1.6817e-05,-1.6888e-05,-1.6934e-05,-1.6953e-05,-1.6941e-05,-1.6893e-05,-1.6806e-05,-1.6676e-05,-1.6499e-05,-1.627e-05,-1.5986e-05,-1.5643e-05,-1.5238e-05,-1.4767e-05,-1.4228e-05,-1.3619e-05,-1.2939e-05,-1.2188e-05,-1.1368e-05,-1.0479e-05,-9.5265e-06,-8.5145e-06,-7.4494e-06,-6.3393e-06,-5.1937e-06,-4.0236e-06,-2.8416e-06,-1.6615e-06,-4.9834e-07,6.3187e-07,1.7126e-06,2.7271e-06,3.6588e-06,4.4917e-06,5.211e-06,5.8035e-06,6.2581e-06,6.566e-06,6.7213e-06,6.7212e-06,6.5661e-06,6.2593e-06,5.8075e-06,5.2199e-06,4.5079e-06,3.685e-06,2.7657e-06,1.7652e-06,6.9864e-07,-4.1933e-07,-1.5706e-06,-2.6709e-06
-9.9945e-06,-1.0478e-05,-1.0953e-05,-1.1387e-05,-1.1781e-05,-1.2138e-05,-1.246e-05,-1.2753e-05,-1.3018e-05,-1.3261e-05,-1.3483e-05,-1.3689e-05,-1.3882e-05,-1.4065e-05,-1.4239e-05,-1.4408e-05,-1.4573e-05,-1.4736e-05,-1.4899e-05,-1.5063e-05,-1.5229e-05,-1.5398e-05,-1.557e-05,-1.5746e-05,-1.5926e-05,-1.611e-05,-1.6298e-05,-1.6489e-05,-1.6682e-05,-1.6878e-05,-1.7074e-05,-1.7269e-05,-1.7462e-05,-1.7652e-05,-1.7835e-05,-1.801e-05,-1.8175e-05,-1.8326e-05,-1.846e-05,-1.8575e-05,-1.8666e-05,-1.873e-05,-1.8763e-05,-1.8759e-05,-1.8716e-05,-1.8628e-05,-1.8491e-05,-1.8301e-05,-1.8051e-05,-1.7739e-05,-1.7361e-05,-1.6911e-05,-1.6387e-05,-1.5786e-05,-1.5106e-05,-1.4347e-05,-1.3509e-05,-1.2593e-05,-1.1603e-05,-1.0543e-05,-9.4182e-06,-8.2374e-06,-7.01e-06,-5.7474e-06,-4.4626e-06,-3.1704e-06,-1.887e-06,-6.2976e-07,5.831e-07,1.7329e-06,2.8007e-06,3.7685e-06,4.6188e-06,5.336e-06,5.9066e-06,6.3195e-06,6.5669e-06,6.6442e-06,6.5504e-06,6.2882e-06,5.8635e-06,5.2859e-06,4.5672e-06,3.7218e-06,2.7654e-06,1.7146e-06,5.8613e-07,-6.039e-07,-1.8356e-06,-3.018e-06
-1.0996e-05,-1.1486e-05,-1.1968e-05,-1.2408e-05,-1.2808e-05,-1.3171e-05,-1.3499e-05,-1.3797e-05,-1.4068e-05,-1.4315e-05,-1.4544e-05,-1.4756e-05,-1.4955e-05,-1.5144e-05,-1.5326e-05,-1.5503e-05,-1.5678e-05,-1.5852e-05,-1.6026e-05,-1.6203e-05,-1.6383e-05,-1.6568e-05,-1.6758e-05,-1.6953e-05,-1.7153e-05,-1.736e-05,-1.7572e-05,-1.7789e-05,-1.8011e-05,-1.8236e-05,-1.8465e-05,-1.8694e-05,-1.8924e-05,-1.9151e-05,-1.9374e-05,-1.9592e-05,-1.98e-05,-1.9996e-05,-2.0177e-05,-2.0339e-05,-2.0479e-05,-2.0592e-05,-2.0674e-05,-2.072e-05,-2.0726e-05,-2.0686e-05,-2.0595e-05,-2.0447e-05,-2.0239e-05,-1.9963e-05,-1.9617e-05,-1.9194e-05,-1.8691e-05,-1.8104e-05,-1.743e-05,-1.6668e-05,-1.5818e-05,-1.4879e-05,-1.3855e-05,-1.2748e-05,-1.1566e-05,-1.0315e-05,-9.0052e-06,-7.648e-06,-6.257e-06,-4.8477e-06,-3.4375e-06,-2.045e-06,-6.9029e-07,6.059e-07,1.8225e-06,2.9387e-06,3.9346e-06,4.7917e-06,5.4938e-06,6.0271e-06,6.3815e-06,6.5502e-06,6.5308e-06,6.3245e-06,5.937e-06,5.3772e-06,4.6579e-06,3.7941e-06,2.8028e-06,1.7021e-06,5.1043e-07,-7.5447e-07,-2.0707e-06,-3.34e-06
-1.2044e-05,-1.2541e-05,-1.303e-05,-1.3477e-05,-1.3883e-05,-1.4251e-05,-1.4585e-05,-1.4888e-05,-1.5164e-05,-1.5417e-05,-1.5651e-05,-1.5869e-05,-1.6074e-05,-1.627e-05,-1.6459e-05,-1.6644e-05,-1.6828e-05,-1.7012e-05,-1.7198e-05,-1.7388e-05,-1.7582e-05,-1.7782e-05,-1.7989e-05,-1.8204e-05,-1.8425e-05,-1.8655e-05,-1.8892e-05,-1.9136e-05,-1.9387e-05,-1.9644e-05,-1.9905e-05,-2.0171e-05,-2.0438e-05,-2.0706e-05,-2.0971e-05,-2.1233e-05,-2.1487e-05,-2.1732e-05,-2.1963e-05,-2.2176e-05,-2.2369e-05,-2.2535e-05,-2.2671e-05,-2.2771e-05,-2.2831e-05,-2.2843e-05,-2.2804e-05,-2.2706e-05,-2.2543e-05,-2.2311e-05,-2.2003e-05,-2.1614e-05,-2.1138e-05,-2.0571e-05,-1.9909e-05,-1.915e-05,-1.8292e-05,-1.7335e-05,-1.6281e-05,-1.5132e-05,-1.3895e-05,-1.2575e-05,-1.1183e-05,-9.7302e-06,-8.2304e-06,-6.6998e-06,-5.1568e-06,-3.6215e-06,-2.1156e-06,-6.619e-07,7.1601e-07,1.9947e-06,3.1512e-06,4.1642e-06,5.0141e-06,5.6844e-06,6.1619e-06,6.4377e-06,6.507e-06,6.3697e-06,6.0304e-06,5.498e-06,4.7852e-06,3.908e-06,2.8848e-06,1.7352e-06,4.7941e-07,-8.6294e-07,-2.2679e-06,-3.6292e-06
-1.3141e-05,-1.3644e-05,-1.414e-05,-1.4593e-05,-1.5006e-05,-1.538e-05,-1.5719e-05,-1.6027e-05,-1.6308e-05,-1.6566e-05,-1.6805e-05,-1.7028e-05,-1.7239e-05,-1.7441e-05,-1.7637e-05,-1.783e-05,-1.8022e-05,-1.8216e-05,-1.8413e-05,-1.8615e-05,-1.8823e-05,-1.9039e-05,-1.9263e-05,-1.9497e-05,-1.974e-05,-1.9992e-05,-2.0254e-05,-2.0526e-05,-2.0807e-05,-2.1096e-05,-2.1392e-05,-2.1694e-05,-2.2001e-05,-2.2311e-05,-2.2621e-05,-2.2929e-05,-2.3232e-05,-2.3528e-05,-2.3812e-05,-2.408e-05,-2.4329e-05,-2.4553e-05,-2.4747e-05,-2.4906e-05,-2.5024e-05,-2.5095e-05,-2.5112e-05,-2.5069e-05,-2.4959e-05,-2.4776e-05,-2.4513e-05,-2.4163e-05,-2.3721e-05,-2.3181e-05,-2.2537e-05,-2.1787e-05,-2.0928e-05,-1.9959e-05,-1.888e-05,-1.7693e-05,-1.6404e-05,-1.5018e-05,-1.3545e-05,-1.1996e-05,-1.0386e-05,-8.7309e-06,-7.05e-06,-5.365e-06,-3.6991e-06,-2.0773e-06,-5.2572e-07,9.2942e-07,2.262e-06,3.4473e-06,4.4624e-06,5.2872e-06,5.9055e-06,6.3052e-06,6.4792e-06,6.4254e-06,6.1471e-06,5.6527e-06,4.9549e-06,4.0706e-06,3.0193e-06,1.8225e-06,5.021e-07,-9.2002e-07,-2.4177e-06,-3.876e-06
-1.4285e-05,-1.4795e-05,-1.5298e-05,-1.5758e-05,-1.6177e-05,-1.6557e-05,-1.6902e-05,-1.7215e-05,-1.7501e-05,-1.7763e-05,-1.8006e-05,-1.8234e-05,-1.845e-05,-1.8657e-05,-1.8859e-05,-1.9059e-05,-1.9259e-05,-1.9462e-05,-1.9669e-05,-1.9883e-05,-2.0105e-05,-2.0335e-05,-2.0577e-05,-2.0829e-05,-2.1093e-05,-2.1368e-05,-2.1656e-05,-2.1956e-05,-2.2267e-05,-2.2589e-05,-2.292e-05,-2.3261e-05,-2.3608e-05,-2.3961e-05,-2.4317e-05,-2.4674e-05,-2.5029e-05,-2.5378e-05,-2.5717e-05,-2.6044e-05,-2.6352e-05,-2.6637e-05,-2.6894e-05,-2.7116e-05,-2.7298e-05,-2.7432e-05,-2.7511e-05,-2.7529e-05,-2.7478e-05,-2.735e-05,-2.7138e-05,-2.6834e-05,-2.6433e-05,-2.5926e-05,-2.5308e-05,-2.4574e-05,-2.372e-05,-2.2744e-05,-2.1646e-05,-2.0427e-05,-1.909e-05,-1.7641e-05,-1.6089e-05,-1.4446e-05,-1.2725e-05,-1.0943e-05,-9.1199e-06,-7.2791e-06,-5.4453e-06,-3.6454e-06,-1.9081e-06,-2.6258e-07,1.2617e-06,2.6362e-06,3.8344e-06,4.8324e-06,5.6101e-06,6.152e-06,6.4481e-06,6.4939e-06,6.291e-06,5.8468e-06,5.1739e-06,4.2898e-06,3.2153e-06,1.9736e-06,5.8887e-07,-9.15e-07,-2.5092e-06,-4.0697e-06
-1.5476e-05,-1.5994e-05,-1.6505e-05,-1.6973e-05,-1.7398e-05,-1.7784e-05,-1.8133e-05,-1.8451e-05,-1.8742e-05,-1.9008e-05,-1.9255e-05,-1.9487e-05,-1.9707e-05,-1.9919e-05,-2.0126e-05,-2.0332e-05,-2.0538e-05,-2.0749e-05,-2.0966e-05,-2.119e-05,-2.1424e-05,-2.1669e-05,-2.1927e-05,-2.2197e-05,-2.2481e-05,-2.278e-05,-2.3093e-05,-2.342e-05,-2.3762e-05,-2.4117e-05,-2.4484e-05,-2.4864e-05,-2.5253e-05,-2.5651e-05,-2.6054e-05,-2.6461e-05,-2.6869e-05,-2.7274e-05,-2.7672e-05,-2.8059e-05,-2.843e-05,-2.878e-05,-2.9103e-05,-2.9393e-05,-2.9642e-05,-2.9844e-05,-2.9991e-05,-3.0075e-05,-3.0088e-05,-3.0022e-05,-2.9867e-05,-2.9617e-05,-2.9262e-05,-2.8796e-05,-2.821e-05,-2.7499e-05,-2.6657e-05,-2.5682e-05,-2.4571e-05,-2.3325e-05,-2.1945e-05,-2.0438e-05,-1.8811e-05,-1.7075e-05,-1.5243e-05,-1.3333e-05,-1.1366e-05,-9.3647e-06,-7.3559e-06,-5.3688e-06,-3.4343e-06,-1.585e-06,1.4626e-07,1.7272e-06,3.1269e-06,4.3174e-06,5.2743e-06,5.9782e-06,6.4154e-06,6.5785e-06,6.4669e-06,6.0867e-06,5.4501e-06,4.5749e-06,3.4831e-06,2.1999e-06,7.5153e-07,-8.3567e-07,-2.5301e-06,-4.198e-06
-1.6717e-05,-1.7243e-05,-1.7761e-05,-1.8237e-05,-1.8669e-05,-1.906e-05,-1.9415e-05,-1.9738e-05,-2.0032e-05,-2.0302e-05,-2.0552e-05,-2.0786e-05,-2.1009e-05,-2.1225e-05,-2.1436e-05,-2.1646e-05,-2.1858e-05,-2.2076e-05,-2.23e-05,-2.2534e-05,-2.2779e-05,-2.3037e-05,-2.331e-05,-2.3598e-05,-2.3902e-05,-2.4222e-05,-2.456e-05,-2.4915e-05,-2.5286e-05,-2.5675e-05,-2.6079e-05,-2.6497e-05,-2.6929e-05,-2.7372e-05,-2.7824e-05,-2.8283e-05,-2.8745e-05,-2.9208e-05,-2.9667e-05,-3.0117e-05,-3.0554e-05,-3.0972e-05,-3.1364e-05,-3.1725e-05,-3.2046e-05,-3.2321e-05,-3.254e-05,-3.2695e-05,-3.2778e-05,-3.2779e-05,-3.2688e-05,-3.2497e-05,-3.2196e-05,-3.1777e-05,-3.123e-05,-3.0549e-05,-2.9727e-05,-2.8759e-05,-2.7643e-05,-2.6376e-05,-2.496e-05,-2.34e-05,-2.1702e-05,-1.9876e-05,-1.7936e-05,-1.5899e-05,-1.3785e-05,-1.1619e-05,-9.4299e-06,-7.2473e-06,-5.1053e-06,-3.0394e-06,-1.086e-06,7.1836e-07,2.3384e-06,3.7414e-06,4.8982e-06,5.7849e-06,6.3835e-06,6.6833e-06,6.6807e-06,6.3799e-06,5.7925e-06,4.9363e-06,3.8346e-06,2.5141e-06,1.0036e-06,-6.6806e-07,-2.4661e-06,-4.2466e-06
-1.8006e-05,-1.854e-05,-1.9068e-05,-1.9551e-05,-1.999e-05,-2.0388e-05,-2.0748e-05,-2.1075e-05,-2.1372e-05,-2.1644e-05,-2.1897e-05,-2.2133e-05,-2.2358e-05,-2.2575e-05,-2.2788e-05,-2.3001e-05,-2.3217e-05,-2.344e-05,-2.367e-05,-2.3912e-05,-2.4167e-05,-2.4437e-05,-2.4723e-05,-2.5026e-05,-2.5349e-05,-2.5691e-05,-2.6052e-05,-2.6434e-05,-2.6835e-05,-2.7256e-05,-2.7696e-05,-2.8154e-05,-2.8628e-05,-2.9117e-05,-2.9618e-05,-3.013e-05,-3.0648e-05,-3.117e-05,-3.1691e-05,-3.2207e-05,-3.2712e-05,-3.32e-05,-3.3665e-05,-3.41e-05,-3.4497e-05,-3.4848e-05,-3.5144e-05,-3.5376e-05,-3.5533e-05,-3.5606e-05,-3.5585e-05,-3.5459e-05,-3.5218e-05,-3.4853e-05,-3.4353e-05,-3.3709e-05,-3.2914e-05,-3.1961e-05,-3.0846e-05,-2.9566e-05,-2.8121e-05,-2.6513e-05,-2.4749e-05,-2.2838e-05,-2.0792e-05,-1.8629e-05,-1.6369e-05,-1.4037e-05,-1.1662e-05,-9.2776e-06,-6.9188e-06,-4.6243e-06,-2.4345e-06,-3.8995e-07,1.4692e-06,3.1049e-06,4.4831e-06,5.5745e-06,6.3564e-06,6.8136e-06,6.9393e-06,6.7353e-06,6.2117e-06,5.3862e-06,4.283e-06,2.9306e-06,1.3603e-06,-3.9631e-07,-2.3012e-06,-4.1992e-06
-1.9344e-05,-1.9888e-05,-2.0425e-05,-2.0917e-05,-2.1364e-05,-2.1768e-05,-2.2133e-05,-2.2463e-05,-2.2763e-05,-2.3037e-05,-2.329e-05,-2.3527e-05,-2.3751e-05,-2.3969e-05,-2.4182e-05,-2.4396e-05,-2.4614e-05,-2.4839e-05,-2.5074e-05,-2.5321e-05,-2.5584e-05,-2.5863e-05,-2.6161e-05,-2.6479e-05,-2.6818e-05,-2.718e-05,-2.7564e-05,-2.7971e-05,-2.8401e-05,-2.8854e-05,-2.9329e-05,-2.9826e-05,-3.0342e-05,-3.0877e-05,-3.1428e-05,-3.1993e-05,-3.2568e-05,-3.315e-05,-3.3735e-05,-3.4317e-05,-3.4892e-05,-3.5453e-05,-3.5993e-05,-3.6505e-05,-3.6981e-05,-3.7412e-05,-3.7788e-05,-3.81e-05,-3.8336e-05,-3.8487e-05,-3.8541e-05,-3.8486e-05,-3.8312e-05,-3.8006e-05,-3.7559e-05,-3.696e-05,-3.6199e-05,-3.5268e-05,-3.4161e-05,-3.2875e-05,-3.1407e-05,-2.976e-05,-2.7936e-05,-2.5945e-05,-2.3798e-05,-2.1512e-05,-1.9106e-05,-1.6607e-05,-1.4045e-05,-1.1452e-05,-8.8687e-06,-6.3351e-06,-3.8953e-06,-1.5947e-06,5.2191e-07,2.411e-06,4.0324e-06,5.3514e-06,6.3394e-06,6.9765e-06,7.2516e-06,7.1633e-06,6.7198e-06,5.9383e-06,4.8436e-06,3.4659e-06,1.839e-06,-2.407e-09,-2.0168e-06,-4.0373e-06
-2.0731e-05,-2.1287e-05,-2.1835e-05,-2.2336e-05,-2.2791e-05,-2.3201e-05,-2.3571e-05,-2.3904e-05,-2.4206e-05,-2.448e-05,-2.4732e-05,-2.4968e-05,-2.519e-05,-2.5405e-05,-2.5617e-05,-2.5829e-05,-2.6046e-05,-2.6271e-05,-2.6508e-05,-2.6759e-05,-2.7026e-05,-2.7313e-05,-2.762e-05,-2.795e-05,-2.8304e-05,-2.8683e-05,-2.9088e-05,-2.9519e-05,-2.9976e-05,-3.046e-05,-3.097e-05,-3.1504e-05,-3.2063e-05,-3.2643e-05,-3.3244e-05,-3.3862e-05,-3.4494e-05,-3.5136e-05,-3.5785e-05,-3.6436e-05,-3.7081e-05,-3.7716e-05,-3.8333e-05,-3.8925e-05,-3.9482e-05,-3.9995e-05,-4.0455e-05,-4.0851e-05,-4.1171e-05,-4.1403e-05,-4.1536e-05,-4.1558e-05,-4.1455e-05,-4.1215e-05,-4.0828e-05,-4.0279e-05,-3.9559e-05,-3.8657e-05,-3.7567e-05,-3.6282e-05,-3.48e-05,-3.3119e-05,-3.1242e-05,-2.9177e-05,-2.6934e-05,-2.4529e-05,-2.1981e-05,-1.9315e-05,-1.6563e-05,-1.376e-05,-1.0945e-05,-8.1631e-06,-5.4614e-06,-2.8894e-06,-4.9759e-07,1.665e-06,3.5519e-06,5.1218e-06,6.3401e-06,7.1808e-06,7.6279e-06,7.676e-06,7.3308e-06,6.6084e-06,5.5337e-06,4.1387e-06,2.4595e-06,5.3404e-07,-1.5923e-06,-3.7399e-06
-2.2169e-05,-2.2737e-05,-2.3297e-05,-2.381e-05,-2.4273e-05,-2.469e-05,-2.5064e-05,-2.54e-05,-2.5702e-05,-2.5975e-05,-2.6224e-05,-2.6456e-05,-2.6674e-05,-2.6884e-05,-2.7091e-05,-2.7299e-05,-2.7512e-05,-2.7734e-05,-2.7969e-05,-2.822e-05,-2.849e-05,-2.8781e-05,-2.9095e-05,-2.9434e-05,-2.9801e-05,-3.0195e-05,-3.0618e-05,-3.1071e-05,-3.1554e-05,-3.2067e-05,-3.261e-05,-3.3181e-05,-3.378e-05,-3.4405e-05,-3.5054e-05,-3.5725e-05,-3.6414e-05,-3.7117e-05,-3.783e-05,-3.8549e-05,-3.9266e-05,-3.9976e-05,-4.0672e-05,-4.1344e-05,-4.1984e-05,-4.2582e-05,-4.3128e-05,-4.361e-05,-4.4016e-05,-4.4334e-05,-4.455e-05,-4.4652e-05,-4.4625e-05,-4.4457e-05,-4.4134e-05,-4.3643e-05,-4.297e-05,-4.2105e-05,-4.1038e-05,-3.9762e-05,-3.8271e-05,-3.6565e-05,-3.4643e-05,-3.2511e-05,-3.0178e-05,-2.7658e-05,-2.4971e-05,-2.2142e-05,-1.9201e-05,-1.6184e-05,-1.3134e-05,-1.0096e-05,-7.1212e-06,-4.2642e-06,-1.5802e-06,8.7557e-07,3.05e-06,4.8948e-06,6.3682e-06,7.4375e-06,8.0808e-06,8.2879e-06,8.061e-06,7.4145e-06,6.373e-06,4.9699e-06,3.2438e-06,1.236e-06,-1.004e-06,-3.2834e-06
-2.3658e-05,-2.4241e-05,-2.4815e-05,-2.5339e-05,-2.5812e-05,-2.6235e-05,-2.6614e-05,-2.6951e-05,-2.7252e-05,-2.7522e-05,-2.7767e-05,-2.7992e-05,-2.8203e-05,-2.8405e-05,-2.8603e-05,-2.8803e-05,-2.9009e-05,-2.9225e-05,-2.9455e-05,-2.9702e-05,-2.9971e-05,-3.0262e-05,-3.058e-05,-3.0926e-05,-3.1301e-05,-3.1708e-05,-3.2147e-05,-3.262e-05,-3.3126e-05,-3.3666e-05,-3.4239e-05,-3.4846e-05,-3.5484e-05,-3.6152e-05,-3.6849e-05,-3.7571e-05,-3.8316e-05,-3.9079e-05,-3.9857e-05,-4.0643e-05,-4.1433e-05,-4.2218e-05,-4.2992e-05,-4.3745e-05,-4.4469e-05,-4.5154e-05,-4.5787e-05,-4.6357e-05,-4.6852e-05,-4.7258e-05,-4.7561e-05,-4.7747e-05,-4.78e-05,-4.7707e-05,-4.7453e-05,-4.7024e-05,-4.6404e-05,-4.5582e-05,-4.4545e-05,-4.3284e-05,-4.1794e-05,-4.0069e-05,-3.8108e-05,-3.5916e-05,-3.3501e-05,-3.0873e-05,-2.8053e-05,-2.5063e-05,-2.1935e-05,-1.8705e-05,-1.5415e-05,-1.2115e-05,-8.859e-06,-5.7046e-06,-2.7127e-06,5.5064e-08,2.5388e-06,4.6823e-06,6.4362e-06,7.7602e-06,8.6253e-06,9.0156e-06,8.9289e-06,8.3769e-06,7.3837e-06,5.9833e-06,4.2171e-06,2.1295e-06,-2.2554e-07,-2.641e-06
-2.52e-05,-2.58e-05,-2.639e-05,-2.6927e-05,-2.741e-05,-2.784e-05,-2.8222e-05,-2.856e-05,-2.8858e-05,-2.9123e-05,-2.936e-05,-2.9576e-05,-2.9776e-05,-2.9966e-05,-3.0152e-05,-3.034e-05,-3.0534e-05,-3.0739e-05,-3.096e-05,-3.12e-05,-3.1463e-05,-3.1752e-05,-3.2069e-05,-3.2418e-05,-3.2799e-05,-3.3215e-05,-3.3667e-05,-3.4156e-05,-3.4683e-05,-3.5247e-05,-3.5849e-05,-3.6488e-05,-3.7163e-05,-3.7873e-05,-3.8616e-05,-3.9388e-05,-4.0188e-05,-4.101e-05,-4.1851e-05,-4.2704e-05,-4.3565e-05,-4.4425e-05,-4.5277e-05,-4.6112e-05,-4.6921e-05,-4.7692e-05,-4.8413e-05,-4.9073e-05,-4.9658e-05,-5.0153e-05,-5.0545e-05,-5.0817e-05,-5.0953e-05,-5.0939e-05,-5.0758e-05,-5.0395e-05,-4.9834e-05,-4.9059e-05,-4.8058e-05,-4.6819e-05,-4.5335e-05,-4.3598e-05,-4.1607e-05,-3.9363e-05,-3.6871e-05,-3.4143e-05,-3.1194e-05,-2.8049e-05,-2.4737e-05,-2.1294e-05,-1.7765e-05,-1.4199e-05,-1.0654e-05,-7.1917e-06,-3.8778e-06,-7.802e-07,2.0337e-06,4.4998e-06,6.56e-06,8.1655e-06,9.2794e-06,9.8787e-06,9.9559e-06,9.5191e-06,8.5908e-06,7.2058e-06,5.4073e-06,3.2435e-06,7.7292e-07,-1.7826e-06
-2.6796e-05,-2.7415e-05,-2.8024e-05,-2.8576e-05,-2.907e-05,-2.9508e-05,-2.9893e-05,-3.023e-05,-3.0524e-05,-3.078e-05,-3.1007e-05,-3.1209e-05,-3.1394e-05,-3.1568e-05,-3.1737e-05,-3.1908e-05,-3.2086e-05,-3.2275e-05,-3.2482e-05,-3.271e-05,-3.2963e-05,-3.3244e-05,-3.3557e-05,-3.3904e-05,-3.4287e-05,-3.4708e-05,-3.517e-05,-3.5672e-05,-3.6216e-05,-3.6801e-05,-3.7429e-05,-3.8098e-05,-3.8808e-05,-3.9557e-05,-4.0343e-05,-4.1164e-05,-4.2016e-05,-4.2896e-05,-4.3798e-05,-4.4718e-05,-4.5648e-05,-4.6582e-05,-4.7512e-05,-4.8428e-05,-4.932e-05,-5.0177e-05,-5.0987e-05,-5.1736e-05,-5.2411e-05,-5.2997e-05,-5.3478e-05,-5.3837e-05,-5.4059e-05,-5.4125e-05,-5.4019e-05,-5.3727e-05,-5.3227e-05,-5.2504e-05,-5.1544e-05,-5.0333e-05,-4.8861e-05,-4.7119e-05,-4.5104e-05,-4.2814e-05,-4.0254e-05,-3.7431e-05,-3.4361e-05,-3.1066e-05,-2.7574e-05,-2.3922e-05,-2.0153e-05,-1.632e-05,-1.2481e-05,-8.7015e-06,-5.053e-06,-1.6093e-06,1.5548e-06,4.3666e-06,6.7589e-06,8.6734e-06,1.0064e-05,1.09e-05,1.1166e-05,1.0867e-05,1.0023e-05,8.6673e-06,6.8461e-06,4.6107e-06,2.0247e-06,-6.7449e-07
-2.8449e-05,-2.9091e-05,-2.972e-05,-3.029e-05,-3.0796e-05,-3.1242e-05,-3.1629e-05,-3.1963e-05,-3.225e-05,-3.2495e-05,-3.2707e-05,-3.2892e-05,-3.3056e-05,-3.3209e-05,-3.3356e-05,-3.3504e-05,-3.366e-05,-3.3829e-05,-3.4016e-05,-3.4226e-05,-3.4463e-05,-3.4732e-05,-3.5035e-05,-3.5376e-05,-3.5757e-05,-3.6179e-05,-3.6646e-05,-3.7157e-05,-3.7715e-05,-3.8318e-05,-3.8969e-05,-3.9665e-05,-4.0407e-05,-4.1192e-05,-4.202e-05,-4.2886e-05,-4.3789e-05,-4.4723e-05,-4.5685e-05,-4.6669e-05,-4.7667e-05,-4.8674e-05,-4.9679e-05,-5.0674e-05,-5.1648e-05,-5.259e-05,-5.3487e-05,-5.4325e-05,-5.509e-05,-5.5766e-05,-5.6336e-05,-5.6784e-05,-5.7091e-05,-5.7239e-05,-5.721e-05,-5.6988e-05,-5.6552e-05,-5.5885e-05,-5.4969e-05,-5.379e-05,-5.2335e-05,-5.0594e-05,-4.8561e-05,-4.6232e-05,-4.3609e-05,-4.0699e-05,-3.7515e-05,-3.4076e-05,-3.041e-05,-2.6552e-05,-2.2546e-05,-1.8444e-05,-1.4307e-05,-1.0205e-05,-6.2109e-06,-2.4064e-06,1.1266e-06,4.3065e-06,7.0565e-06,9.3078e-06,1.1004e-05,1.2105e-05,1.2589e-05,1.2452e-05,1.1712e-05,1.0402e-05,8.5688e-06,6.2678e-06,3.5672e-06,7.2105e-07
-3.0161e-05,-3.083e-05,-3.1484e-05,-3.2073e-05,-3.2593e-05,-3.3046e-05,-3.3435e-05,-3.3764e-05,-3.4041e-05,-3.4271e-05,-3.4463e-05,-3.4625e-05,-3.4764e-05,-3.4889e-05,-3.5008e-05,-3.5127e-05,-3.5254e-05,-3.5395e-05,-3.5556e-05,-3.5743e-05,-3.5959e-05,-3.6209e-05,-3.6498e-05,-3.6827e-05,-3.72e-05,-3.7619e-05,-3.8087e-05,-3.8603e-05,-3.917e-05,-3.9788e-05,-4.0458e-05,-4.1178e-05,-4.1948e-05,-4.2767e-05,-4.3632e-05,-4.4542e-05,-4.5492e-05,-4.6479e-05,-4.7498e-05,-4.8543e-05,-4.9607e-05,-5.0683e-05,-5.1762e-05,-5.2834e-05,-5.3889e-05,-5.4914e-05,-5.5896e-05,-5.6821e-05,-5.7674e-05,-5.8438e-05,-5.9096e-05,-5.9631e-05,-6.0022e-05,-6.0252e-05,-6.0301e-05,-6.0149e-05,-5.9779e-05,-5.9168e-05,-5.8299e-05,-5.7154e-05,-5.572e-05,-5.3984e-05,-5.1938e-05,-4.9576e-05,-4.6897e-05,-4.3906e-05,-4.0613e-05,-3.7037e-05,-3.3203e-05,-2.9144e-05,-2.4903e-05,-2.0534e-05,-1.6098e-05,-1.1666e-05,-7.3186e-06,-3.1403e-06,7.7873e-07,4.3482e-06,7.4808e-06,1.0097e-05,1.2129e-05,1.3525e-05,1.4254e-05,1.4306e-05,1.3693e-05,1.2447e-05,1.0615e-05,8.2554e-06,5.4421e-06,2.4461e-06
-3.1935e-05,-3.2637e-05,-3.332e-05,-3.3931e-05,-3.4466e-05,-3.4926e-05,-3.5315e-05,-3.5637e-05,-3.59e-05,-3.6111e-05,-3.6278e-05,-3.641e-05,-3.6517e-05,-3.6607e-05,-3.669e-05,-3.6773e-05,-3.6864e-05,-3.6971e-05,-3.7099e-05,-3.7255e-05,-3.7443e-05,-3.7669e-05,-3.7937e-05,-3.8249e-05,-3.8609e-05,-3.902e-05,-3.9483e-05,-4e-05,-4.0572e-05,-4.1201e-05,-4.1885e-05,-4.2625e-05,-4.342e-05,-4.4269e-05,-4.5169e-05,-4.6119e-05,-4.7114e-05,-4.815e-05,-4.9223e-05,-5.0326e-05,-5.1453e-05,-5.2596e-05,-5.3746e-05,-5.4892e-05,-5.6024e-05,-5.7129e-05,-5.8193e-05,-5.9202e-05,-6.0141e-05,-6.0991e-05,-6.1735e-05,-6.2354e-05,-6.2828e-05,-6.3138e-05,-6.3262e-05,-6.3181e-05,-6.2875e-05,-6.2321e-05,-6.1499e-05,-6.039e-05,-5.8979e-05,-5.7251e-05,-5.5195e-05,-5.2803e-05,-5.0073e-05,-4.7007e-05,-4.3612e-05,-3.9904e-05,-3.5906e-05,-3.1651e-05,-2.718e-05,-2.2546e-05,-1.781e-05,-1.3047e-05,-8.3379e-06,-3.7747e-06,5.462e-07,4.5254e-06,8.0651e-06,1.1074e-05,1.3471e-05,1.5194e-05,1.62e-05,1.6469e-05,1.6008e-05,1.4845e-05,1.3029e-05,1.0619e-05,7.6959e-06,4.5476e-06
-3.3778e-05,-3.4517e-05,-3.5233e-05,-3.587e-05,-3.6422e-05,-3.689e-05,-3.7276e-05,-3.7588e-05,-3.7832e-05,-3.8017e-05,-3.8153e-05,-3.8249e-05,-3.8316e-05,-3.8363e-05,-3.8402e-05,-3.844e-05,-3.8487e-05,-3.8551e-05,-3.8638e-05,-3.8756e-05,-3.891e-05,-3.9104e-05,-3.9344e-05,-3.9633e-05,-3.9975e-05,-4.0371e-05,-4.0825e-05,-4.1338e-05,-4.1911e-05,-4.2545e-05,-4.324e-05,-4.3996e-05,-4.4813e-05,-4.5688e-05,-4.6619e-05,-4.7605e-05,-4.8641e-05,-4.9723e-05,-5.0847e-05,-5.2005e-05,-5.3192e-05,-5.4398e-05,-5.5615e-05,-5.6831e-05,-5.8037e-05,-5.9218e-05,-6.0362e-05,-6.1451e-05,-6.2471e-05,-6.3404e-05,-6.423e-05,-6.493e-05,-6.5484e-05,-6.5871e-05,-6.6068e-05,-6.6054e-05,-6.5811e-05,-6.5312e-05,-6.4535e-05,-6.3462e-05,-6.2074e-05,-6.0354e-05,-5.829e-05,-5.5872e-05,-5.3094e-05,-4.9956e-05,-4.6463e-05,-4.2629e-05,-3.8474e-05,-3.4027e-05,-2.933e-05,-2.4433e-05,-1.9398e-05,-1.4301e-05,-9.2253e-06,-4.2675e-06,4.694e-07,4.8772e-06,8.8474e-06,1.2276e-05,1.507e-05,1.7152e-05,1.8466e-05,1.8983e-05,1.8701e-05,1.7644e-05,1.586e-05,1.341e-05,1.038e-05,7.0777e-06
-3.5694e-05,-3.6477e-05,-3.7233e-05,-3.7899e-05,-3.8469e-05,-3.8943e-05,-3.9326e-05,-3.9624e-05,-3.9844e-05,-3.9996e-05,-4.0092e-05,-4.0143e-05,-4.0161e-05,-4.0156e-05,-4.0141e-05,-4.0125e-05,-4.0119e-05,-4.0131e-05,-4.0169e-05,-4.024e-05,-4.035e-05,-4.0506e-05,-4.0711e-05,-4.0971e-05,-4.1287e-05,-4.1664e-05,-4.2103e-05,-4.2607e-05,-4.3176e-05,-4.3811e-05,-4.4513e-05,-4.5281e-05,-4.6114e-05,-4.7012e-05,-4.7971e-05,-4.8989e-05,-5.0062e-05,-5.1187e-05,-5.2357e-05,-5.3567e-05,-5.4809e-05,-5.6075e-05,-5.7355e-05,-5.8638e-05,-5.9913e-05,-6.1167e-05,-6.2384e-05,-6.355e-05,-6.4647e-05,-6.5658e-05,-6.6561e-05,-6.7338e-05,-6.7968e-05,-6.8426e-05,-6.8692e-05,-6.8743e-05,-6.8557e-05,-6.811e-05,-6.7377e-05,-6.6336e-05,-6.4969e-05,-6.3257e-05,-6.1185e-05,-5.8741e-05,-5.5916e-05,-5.2708e-05,-4.9121e-05,-4.5164e-05,-4.0854e-05,-3.6221e-05,-3.1301e-05,-2.6144e-05,-2.0812e-05,-1.5379e-05,-9.9322e-06,-4.5715e-06,5.9418e-07,5.4483e-06,9.8717e-06,1.3748e-05,1.6969e-05,1.9442e-05,2.1099e-05,2.1897e-05,2.1823e-05,2.0897e-05,1.9163e-05,1.6685e-05,1.3553e-05,1.0094e-05
-3.7691e-05,-3.8527e-05,-3.9328e-05,-4.0027e-05,-4.0617e-05,-4.1098e-05,-4.1474e-05,-4.1752e-05,-4.1941e-05,-4.2053e-05,-4.21e-05,-4.2095e-05,-4.2053e-05,-4.1985e-05,-4.1906e-05,-4.1825e-05,-4.1755e-05,-4.1705e-05,-4.1683e-05,-4.1699e-05,-4.1758e-05,-4.1867e-05,-4.203e-05,-4.2253e-05,-4.2538e-05,-4.2889e-05,-4.3308e-05,-4.3797e-05,-4.4357e-05,-4.4988e-05,-4.5692e-05,-4.6468e-05,-4.7315e-05,-4.823e-05,-4.9213e-05,-5.026e-05,-5.1367e-05,-5.253e-05,-5.3743e-05,-5.5e-05,-5.6293e-05,-5.7614e-05,-5.8953e-05,-6.0299e-05,-6.1639e-05,-6.296e-05,-6.4247e-05,-6.5483e-05,-6.6652e-05,-6.7735e-05,-6.8711e-05,-6.9559e-05,-7.0257e-05,-7.0783e-05,-7.1112e-05,-7.1222e-05,-7.1087e-05,-7.0687e-05,-6.9992e-05,-6.8981e-05,-6.7631e-05,-6.5923e-05,-6.384e-05,-6.1368e-05,-5.8496e-05,-5.5219e-05,-5.1538e-05,-4.7459e-05,-4.2998e-05,-3.818e-05,-3.304e-05,-2.7625e-05,-2.1996e-05,-1.6227e-05,-1.0406e-05,-4.6345e-06,9.7168e-07,6.2889e-06,1.1187e-05,1.5538e-05,1.9217e-05,2.2117e-05,2.4152e-05,2.5264e-05,2.5431e-05,2.4662e-05,2.2999e-05,2.0506e-05,1.7278e-05,1.3662e-05
-3.9779e-05,-4.0677e-05,-4.1531e-05,-4.2268e-05,-4.288e-05,-4.3365e-05,-4.373e-05,-4.3982e-05,-4.4131e-05,-4.4193e-05,-4.418e-05,-4.4108e-05,-4.3993e-05,-4.385e-05,-4.3693e-05,-4.3536e-05,-4.339e-05,-4.3267e-05,-4.3176e-05,-4.3126e-05,-4.3125e-05,-4.3178e-05,-4.3292e-05,-4.347e-05,-4.3718e-05,-4.4036e-05,-4.4429e-05,-4.4898e-05,-4.5444e-05,-4.6068e-05,-4.6769e-05,-4.7548e-05,-4.8404e-05,-4.9334e-05,-5.0336e-05,-5.1408e-05,-5.2545e-05,-5.3742e-05,-5.4994e-05,-5.6294e-05,-5.7634e-05,-5.9006e-05,-6.0399e-05,-6.1801e-05,-6.3201e-05,-6.4584e-05,-6.5935e-05,-6.7237e-05,-6.8471e-05,-6.962e-05,-7.0661e-05,-7.1574e-05,-7.2335e-05,-7.2921e-05,-7.3307e-05,-7.3468e-05,-7.3378e-05,-7.3018e-05,-7.2355e-05,-7.1366e-05,-7.0028e-05,-6.8319e-05,-6.6221e-05,-6.3716e-05,-6.0794e-05,-5.7445e-05,-5.3668e-05,-4.9467e-05,-4.4855e-05,-3.9853e-05,-3.4494e-05,-2.8822e-05,-2.2896e-05,-1.6789e-05,-1.0589e-05,-4.4001e-06,1.6578e-06,7.4542e-06,1.2849e-05,1.77e-05,2.187e-05,2.5231e-05,2.7681e-05,2.9147e-05,2.9588e-05,2.9007e-05,2.7437e-05,2.4944e-05,2.1626e-05,1.7852e-05
-4.1969e-05,-4.294e-05,-4.3856e-05,-4.4637e-05,-4.5271e-05,-4.576e-05,-4.6108e-05,-4.6325e-05,-4.6425e-05,-4.6424e-05,-4.6337e-05,-4.6184e-05,-4.5982e-05,-4.5749e-05,-4.5501e-05,-4.5253e-05,-4.5019e-05,-4.481e-05,-4.4639e-05,-4.4513e-05,-4.4441e-05,-4.4431e-05,-4.4486e-05,-4.4614e-05,-4.4816e-05,-4.5096e-05,-4.5457e-05,-4.5901e-05,-4.6428e-05,-4.7039e-05,-4.7734e-05,-4.8512e-05,-4.9372e-05,-5.0313e-05,-5.1331e-05,-5.2424e-05,-5.3586e-05,-5.4814e-05,-5.61e-05,-5.7439e-05,-5.8822e-05,-6.024e-05,-6.1682e-05,-6.3136e-05,-6.459e-05,-6.6029e-05,-6.7438e-05,-6.8798e-05,-7.0092e-05,-7.13e-05,-7.24e-05,-7.3369e-05,-7.4185e-05,-7.4823e-05,-7.5257e-05,-7.5461e-05,-7.541e-05,-7.508e-05,-7.4441e-05,-7.3467e-05,-7.2132e-05,-7.0415e-05,-6.8294e-05,-6.5751e-05,-6.2772e-05,-5.9346e-05,-5.5469e-05,-5.1143e-05,-4.6377e-05,-4.1189e-05,-3.5609e-05,-2.9678e-05,-2.3454e-05,-1.7005e-05,-1.0422e-05,-3.8085e-06,2.7128e-06,9.0045e-06,1.4918e-05,2.0297e-05,2.4989e-05,2.8849e-05,3.1754e-05,3.3611e-05,3.4365e-05,3.4003e-05,3.2553e-05,3.0077e-05,2.6678e-05,2.2745e-05
-4.4276e-05,-4.5334e-05,-4.6323e-05,-4.7152e-05,-4.781e-05,-4.8298e-05,-4.8623e-05,-4.8796e-05,-4.8833e-05,-4.8754e-05,-4.8578e-05,-4.8327e-05,-4.8022e-05,-4.7682e-05,-4.7327e-05,-4.6973e-05,-4.6635e-05,-4.6329e-05,-4.6064e-05,-4.5851e-05,-4.5699e-05,-4.5615e-05,-4.5604e-05,-4.5672e-05,-4.5823e-05,-4.6059e-05,-4.6383e-05,-4.6796e-05,-4.7299e-05,-4.7893e-05,-4.8577e-05,-4.9351e-05,-5.0212e-05,-5.1159e-05,-5.219e-05,-5.3299e-05,-5.4484e-05,-5.5738e-05,-5.7055e-05,-5.8428e-05,-5.9849e-05,-6.1308e-05,-6.2794e-05,-6.4295e-05,-6.5797e-05,-6.7286e-05,-6.8746e-05,-7.0158e-05,-7.1504e-05,-7.2763e-05,-7.3914e-05,-7.4932e-05,-7.5795e-05,-7.6476e-05,-7.6949e-05,-7.7187e-05,-7.7164e-05,-7.6856e-05,-7.623e-05,-7.526e-05,-7.3919e-05,-7.2184e-05,-7.0031e-05,-6.7441e-05,-6.4397e-05,-6.0886e-05,-5.6902e-05,-5.2444e-05,-4.7518e-05,-4.2139e-05,-3.6334e-05,-3.0141e-05,-2.3613e-05,-1.6819e-05,-9.8451e-06,-2.7975e-06,4.1997e-06,1.1004e-05,1.7458e-05,2.3394e-05,2.8642e-05,3.3039e-05,3.644e-05,3.8732e-05,3.984e-05,3.9734e-05,3.8432e-05,3.5993e-05,3.2521e-05,2.8428e-05
-4.672e-05,-4.7881e-05,-4.8953e-05,-4.9837e-05,-5.052e-05,-5.1003e-05,-5.1294e-05,-5.141e-05,-5.1368e-05,-5.1193e-05,-5.0909e-05,-5.054e-05,-5.0112e-05,-4.9646e-05,-4.9166e-05,-4.8689e-05,-4.8233e-05,-4.7813e-05,-4.7442e-05,-4.7131e-05,-4.6888e-05,-4.672e-05,-4.6635e-05,-4.6637e-05,-4.6729e-05,-4.6915e-05,-4.7196e-05,-4.7574e-05,-4.8049e-05,-4.8621e-05,-4.9291e-05,-5.0056e-05,-5.0915e-05,-5.1866e-05,-5.2905e-05,-5.4028e-05,-5.523e-05,-5.6507e-05,-5.7851e-05,-5.9254e-05,-6.0708e-05,-6.2204e-05,-6.3728e-05,-6.527e-05,-6.6815e-05,-6.8348e-05,-6.9852e-05,-7.131e-05,-7.27e-05,-7.4003e-05,-7.5195e-05,-7.6254e-05,-7.7153e-05,-7.7868e-05,-7.837e-05,-7.8633e-05,-7.8627e-05,-7.8328e-05,-7.7706e-05,-7.6729e-05,-7.537e-05,-7.3605e-05,-7.1409e-05,-6.876e-05,-6.564e-05,-6.2034e-05,-5.7933e-05,-5.3333e-05,-4.8238e-05,-4.266e-05,-3.6621e-05,-3.0158e-05,-2.3319e-05,-1.6171e-05,-8.7977e-06,-1.3042e-06,6.1838e-06,1.352e-05,2.0539e-05,2.7061e-05,3.2901e-05,3.7877e-05,4.1821e-05,4.4595e-05,4.6101e-05,4.6291e-05,4.517e-05,4.279e-05,3.9255e-05,3.5001e-05
-4.9324e-05,-5.0606e-05,-5.1776e-05,-5.2721e-05,-5.3428e-05,-5.3898e-05,-5.4145e-05,-5.4186e-05,-5.4046e-05,-5.3753e-05,-5.3337e-05,-5.2828e-05,-5.2253e-05,-5.164e-05,-5.1014e-05,-5.0395e-05,-4.9804e-05,-4.9256e-05,-4.8764e-05,-4.8342e-05,-4.7997e-05,-4.7737e-05,-4.7569e-05,-4.7497e-05,-4.7524e-05,-4.7654e-05,-4.7887e-05,-4.8225e-05,-4.8668e-05,-4.9216e-05,-4.9868e-05,-5.0622e-05,-5.1475e-05,-5.2426e-05,-5.347e-05,-5.4604e-05,-5.5821e-05,-5.7117e-05,-5.8483e-05,-5.9913e-05,-6.1396e-05,-6.2923e-05,-6.4481e-05,-6.6059e-05,-6.764e-05,-6.9211e-05,-7.0752e-05,-7.2247e-05,-7.3674e-05,-7.5012e-05,-7.6238e-05,-7.7327e-05,-7.8254e-05,-7.8992e-05,-7.9513e-05,-7.9789e-05,-7.979e-05,-7.9488e-05,-7.8855e-05,-7.7859e-05,-7.647e-05,-7.4662e-05,-7.241e-05,-6.9689e-05,-6.648e-05,-6.2765e-05,-5.8534e-05,-5.3779e-05,-4.8502e-05,-4.2712e-05,-3.6429e-05,-2.9684e-05,-2.2523e-05,-1.5008e-05,-7.2218e-06,7.3288e-07,8.73e-06,1.662e-05,2.4232e-05,3.1374e-05,3.7847e-05,4.3447e-05,4.7983e-05,5.129e-05,5.3245e-05,5.3778e-05,5.2875e-05,5.0578e-05,4.6992e-05,4.2574e-05
-5.2119e-05,-5.3545e-05,-5.4828e-05,-5.5841e-05,-5.6569e-05,-5.7017e-05,-5.7201e-05,-5.7146e-05,-5.6883e-05,-5.6445e-05,-5.587e-05,-5.5192e-05,-5.4445e-05,-5.366e-05,-5.2865e-05,-5.2084e-05,-5.1338e-05,-5.0645e-05,-5.0019e-05,-4.9473e-05,-4.9015e-05,-4.8654e-05,-4.8394e-05,-4.8241e-05,-4.8198e-05,-4.8267e-05,-4.8448e-05,-4.8743e-05,-4.915e-05,-4.967e-05,-5.0301e-05,-5.104e-05,-5.1886e-05,-5.2834e-05,-5.3881e-05,-5.5022e-05,-5.6251e-05,-5.7563e-05,-5.8949e-05,-6.04e-05,-6.1908e-05,-6.3462e-05,-6.505e-05,-6.6657e-05,-6.827e-05,-6.9872e-05,-7.1445e-05,-7.2969e-05,-7.4425e-05,-7.579e-05,-7.704e-05,-7.815e-05,-7.9094e-05,-7.9844e-05,-8.0372e-05,-8.0648e-05,-8.0643e-05,-8.0325e-05,-7.9669e-05,-7.864e-05,-7.7208e-05,-7.5344e-05,-7.302e-05,-7.0213e-05,-6.6899e-05,-6.3059e-05,-5.8682e-05,-5.3758e-05,-4.8283e-05,-4.2266e-05,-3.5722e-05,-2.8679e-05,-2.1179e-05,-1.3282e-05,-5.0641e-06,3.3721e-06,1.1902e-05,2.0373e-05,2.861e-05,3.6412e-05,4.3562e-05,4.9837e-05,5.5021e-05,5.892e-05,6.1382e-05,6.2309e-05,6.1666e-05,5.9481e-05,5.5858e-05,5.1274e-05
-5.5143e-05,-5.6739e-05,-5.8153e-05,-5.924e-05,-5.9985e-05,-6.0396e-05,-6.0495e-05,-6.0317e-05,-5.9898e-05,-5.9283e-05,-5.8515e-05,-5.7637e-05,-5.6687e-05,-5.5701e-05,-5.4712e-05,-5.3746e-05,-5.2826e-05,-5.197e-05,-5.1194e-05,-5.0511e-05,-4.993e-05,-4.9457e-05,-4.91e-05,-4.886e-05,-4.8741e-05,-4.8744e-05,-4.8869e-05,-4.9117e-05,-4.9487e-05,-4.9977e-05,-5.0584e-05,-5.1308e-05,-5.2143e-05,-5.3087e-05,-5.4135e-05,-5.5281e-05,-5.6519e-05,-5.7844e-05,-5.9246e-05,-6.0716e-05,-6.2246e-05,-6.3823e-05,-6.5434e-05,-6.7067e-05,-6.8705e-05,-7.0331e-05,-7.1928e-05,-7.3476e-05,-7.4952e-05,-7.6336e-05,-7.7601e-05,-7.8722e-05,-7.9673e-05,-8.0424e-05,-8.0948e-05,-8.1213e-05,-8.1188e-05,-8.0842e-05,-8.0148e-05,-7.907e-05,-7.7577e-05,-7.5639e-05,-7.3227e-05,-7.0316e-05,-6.6882e-05,-6.2904e-05,-5.8364e-05,-5.3254e-05,-4.7562e-05,-4.1299e-05,-3.4475e-05,-2.7114e-05,-1.9254e-05,-1.0951e-05,-2.2785e-06,6.6653e-06,1.5757e-05,2.4844e-05,3.3745e-05,4.2251e-05,5.0132e-05,5.7142e-05,6.3039e-05,6.7598e-05,7.0633e-05,7.2014e-05,7.168e-05,6.9643e-05,6.5996e-05,6.1241e-05
-5.8445e-05,-6.0244e-05,-6.1809e-05,-6.2975e-05,-6.3727e-05,-6.408e-05,-6.4066e-05,-6.3728e-05,-6.3115e-05,-6.2281e-05,-6.1281e-05,-6.0163e-05,-5.8975e-05,-5.7757e-05,-5.6545e-05,-5.5368e-05,-5.4252e-05,-5.3216e-05,-5.2276e-05,-5.1443e-05,-5.0728e-05,-5.0136e-05,-4.9673e-05,-4.934e-05,-4.9141e-05,-4.9075e-05,-4.9142e-05,-4.9342e-05,-4.9671e-05,-5.013e-05,-5.0713e-05,-5.1419e-05,-5.2243e-05,-5.3181e-05,-5.4228e-05,-5.5377e-05,-5.6624e-05,-5.7959e-05,-5.9374e-05,-6.0861e-05,-6.2408e-05,-6.4004e-05,-6.5635e-05,-6.7288e-05,-6.8945e-05,-7.0591e-05,-7.2205e-05,-7.3768e-05,-7.5258e-05,-7.6651e-05,-7.7922e-05,-7.9045e-05,-7.9993e-05,-8.0735e-05,-8.1243e-05,-8.1484e-05,-8.1427e-05,-8.1041e-05,-8.0295e-05,-7.9153e-05,-7.7584e-05,-7.5555e-05,-7.3038e-05,-7.0005e-05,-6.6429e-05,-6.2289e-05,-5.7566e-05,-5.2247e-05,-4.6326e-05,-3.9797e-05,-3.2672e-05,-2.4968e-05,-1.6723e-05,-7.9865e-06,1.1708e-06,1.0655e-05,2.0346e-05,3.009e-05,3.9704e-05,4.8971e-05,5.7645e-05,6.5461e-05,7.2147e-05,7.7445e-05,8.1132e-05,8.304e-05,8.3075e-05,8.1224e-05,7.7571e-05,7.264e-05
-6.2089e-05,-6.413e-05,-6.5868e-05,-6.7116e-05,-6.7861e-05,-6.8127e-05,-6.7959e-05,-6.7414e-05,-6.6557e-05,-6.5455e-05,-6.4172e-05,-6.2771e-05,-6.1303e-05,-5.9817e-05,-5.8351e-05,-5.6937e-05,-5.5603e-05,-5.4367e-05,-5.3247e-05,-5.2253e-05,-5.1394e-05,-5.0675e-05,-5.01e-05,-4.9671e-05,-4.9388e-05,-4.9251e-05,-4.9259e-05,-4.9408e-05,-4.9698e-05,-5.0124e-05,-5.0682e-05,-5.137e-05,-5.2183e-05,-5.3114e-05,-5.416e-05,-5.5312e-05,-5.6564e-05,-5.7909e-05,-5.9336e-05,-6.0835e-05,-6.2397e-05,-6.4008e-05,-6.5655e-05,-6.7322e-05,-6.8994e-05,-7.0653e-05,-7.2278e-05,-7.385e-05,-7.5345e-05,-7.674e-05,-7.8008e-05,-7.9124e-05,-8.0058e-05,-8.0781e-05,-8.1261e-05,-8.1468e-05,-8.1367e-05,-8.0926e-05,-8.0114e-05,-7.8895e-05,-7.7234e-05,-7.51e-05,-7.2461e-05,-6.9288e-05,-6.5552e-05,-6.1231e-05,-5.6302e-05,-5.0751e-05,-4.4568e-05,-3.7748e-05,-3.0298e-05,-2.2231e-05,-1.3575e-05,-4.3719e-06,5.3058e-06,1.5372e-05,2.5706e-05,3.616e-05,4.6546e-05,5.6641e-05,6.6186e-05,7.4893e-05,8.2462e-05,8.8597e-05,9.303e-05,9.5552e-05,9.6028e-05,9.4414e-05,9.0776e-05,8.566e-05
-6.6157e-05,-6.8487e-05,-7.0424e-05,-7.1751e-05,-7.2465e-05,-7.2602e-05,-7.2226e-05,-7.1414e-05,-7.0249e-05,-6.8816e-05,-6.7194e-05,-6.5456e-05,-6.3662e-05,-6.1866e-05,-6.0112e-05,-5.8433e-05,-5.6857e-05,-5.5403e-05,-5.4088e-05,-5.2922e-05,-5.191e-05,-5.1058e-05,-5.0368e-05,-4.984e-05,-4.9472e-05,-4.9263e-05,-4.921e-05,-4.931e-05,-4.956e-05,-4.9954e-05,-5.0489e-05,-5.116e-05,-5.1961e-05,-5.2887e-05,-5.393e-05,-5.5085e-05,-5.6342e-05,-5.7694e-05,-5.9131e-05,-6.0642e-05,-6.2215e-05,-6.3838e-05,-6.5496e-05,-6.7175e-05,-6.8856e-05,-7.0522e-05,-7.2153e-05,-7.3726e-05,-7.522e-05,-7.6608e-05,-7.7866e-05,-7.8966e-05,-7.9877e-05,-8.057e-05,-8.1013e-05,-8.1173e-05,-8.1016e-05,-8.0509e-05,-7.9618e-05,-7.8307e-05,-7.6542e-05,-7.4286e-05,-7.1509e-05,-6.8179e-05,-6.4266e-05,-5.9744e-05,-5.459e-05,-4.8785e-05,-4.2316e-05,-3.5176e-05,-2.7367e-05,-1.89e-05,-9.7998e-06,-1.0413e-07,1.0132e-05,2.0827e-05,3.1861e-05,4.3087e-05,5.4318e-05,6.5324e-05,7.5834e-05,8.5539e-05,9.4106e-05,0.0001012,0.0001065,0.00010974,0.00011075,0.00010943,0.00010584,0.00010052
-7.0757e-05,-7.3433e-05,-7.5594e-05,-7.6994e-05,-7.7638e-05,-7.7587e-05,-7.693e-05,-7.577e-05,-7.4218e-05,-7.2378e-05,-7.0346e-05,-6.8208e-05,-6.6035e-05,-6.3885e-05,-6.1805e-05,-5.9831e-05,-5.799e-05,-5.6301e-05,-5.4778e-05,-5.3428e-05,-5.2258e-05,-5.1269e-05,-5.0461e-05,-4.9832e-05,-4.9379e-05,-4.9099e-05,-4.8988e-05,-4.9041e-05,-4.9252e-05,-4.9617e-05,-5.0131e-05,-5.0786e-05,-5.1577e-05,-5.2498e-05,-5.354e-05,-5.4697e-05,-5.596e-05,-5.7318e-05,-5.8763e-05,-6.0284e-05,-6.1866e-05,-6.3499e-05,-6.5166e-05,-6.6851e-05,-6.8537e-05,-7.0206e-05,-7.1836e-05,-7.3405e-05,-7.489e-05,-7.6266e-05,-7.7505e-05,-7.8579e-05,-7.9459e-05,-8.0113e-05,-8.0509e-05,-8.0612e-05,-8.0389e-05,-7.9803e-05,-7.8822e-05,-7.7408e-05,-7.5523e-05,-7.3133e-05,-7.0204e-05,-6.6702e-05,-6.2595e-05,-5.7855e-05,-5.2456e-05,-4.6376e-05,-3.9599e-05,-3.2114e-05,-2.3917e-05,-1.5017e-05,-5.4301e-06,4.809e-06,1.5648e-05,2.7017e-05,3.8809e-05,5.0881e-05,6.3045e-05,7.5066e-05,8.6658e-05,9.7492e-05,0.0001072,0.0001154,0.00012172,0.00012582,0.00012748,0.00012654,0.00012302,0.00011749
-7.6034e-05,-7.9124e-05,-8.1535e-05,-8.2986e-05,-8.3503e-05,-8.3179e-05,-8.2141e-05,-8.0529e-05,-7.8487e-05,-7.6145e-05,-7.362e-05,-7.101e-05,-6.8397e-05,-6.5844e-05,-6.34e-05,-6.1101e-05,-5.8972e-05,-5.7031e-05,-5.5288e-05,-5.3749e-05,-5.2416e-05,-5.1287e-05,-5.0361e-05,-4.9633e-05,-4.9098e-05,-4.8751e-05,-4.8584e-05,-4.8593e-05,-4.877e-05,-4.9109e-05,-4.9603e-05,-5.0246e-05,-5.103e-05,-5.1948e-05,-5.2991e-05,-5.4151e-05,-5.5419e-05,-5.6785e-05,-5.8238e-05,-5.9766e-05,-6.1357e-05,-6.2996e-05,-6.4669e-05,-6.6358e-05,-6.8045e-05,-6.9711e-05,-7.1336e-05,-7.2895e-05,-7.4366e-05,-7.5722e-05,-7.6935e-05,-7.7977e-05,-7.8818e-05,-7.9424e-05,-7.9763e-05,-7.9801e-05,-7.9502e-05,-7.8829e-05,-7.7747e-05,-7.6217e-05,-7.4203e-05,-7.1667e-05,-6.8573e-05,-6.4886e-05,-6.0571e-05,-5.5598e-05,-4.9938e-05,-4.3565e-05,-3.6459e-05,-2.8605e-05,-1.9995e-05,-1.0629e-05,-5.1936e-07,1.0308e-05,2.1809e-05,3.3916e-05,4.6532e-05,5.9529e-05,7.2728e-05,8.5885e-05,9.8705e-05,0.00011083,0.00012186,0.00013136,0.00013889,0.00014405,0.00014651,0.00014606,0.00014266,0.0001369
-8.2179e-05,-8.5767e-05,-8.845e-05,-8.9911e-05,-9.021e-05,-8.9492e-05,-8.7936e-05,-8.5736e-05,-8.3074e-05,-8.0114e-05,-7.6995e-05,-7.3832e-05,-7.0712e-05,-6.7704e-05,-6.4855e-05,-6.2202e-05,-5.9765e-05,-5.7557e-05,-5.5587e-05,-5.3854e-05,-5.2357e-05,-5.1091e-05,-5.005e-05,-4.9228e-05,-4.8615e-05,-4.8205e-05,-4.7989e-05,-4.7959e-05,-4.8107e-05,-4.8425e-05,-4.8906e-05,-4.954e-05,-5.0321e-05,-5.1238e-05,-5.2285e-05,-5.345e-05,-5.4725e-05,-5.6099e-05,-5.756e-05,-5.9096e-05,-6.0693e-05,-6.2338e-05,-6.4013e-05,-6.5703e-05,-6.7388e-05,-6.9049e-05,-7.0663e-05,-7.2208e-05,-7.3659e-05,-7.4989e-05,-7.6171e-05,-7.7174e-05,-7.7968e-05,-7.852e-05,-7.8796e-05,-7.8761e-05,-7.8377e-05,-7.7609e-05,-7.6417e-05,-7.4765e-05,-7.2612e-05,-6.9921e-05,-6.6653e-05,-6.2771e-05,-5.8238e-05,-5.3021e-05,-4.7086e-05,-4.0406e-05,-3.2955e-05,-2.4713e-05,-1.5665e-05,-5.8062e-06,4.8604e-06,1.6318e-05,2.8532e-05,4.1446e-05,5.4973e-05,6.8992e-05,8.3333e-05,9.777e-05,0.00011199,0.00012562,0.0001382,0.00014926,0.00015826,0.00016471,0.00016818,0.00016837,0.00016516,0.00015914
-8.9456e-05,-9.3644e-05,-9.6611e-05,-9.8006e-05,-9.7947e-05,-9.6659e-05,-9.44e-05,-9.1429e-05,-8.7983e-05,-8.4264e-05,-8.0435e-05,-7.6624e-05,-7.2925e-05,-6.9408e-05,-6.6117e-05,-6.3082e-05,-6.032e-05,-5.7838e-05,-5.5636e-05,-5.371e-05,-5.2053e-05,-5.0655e-05,-4.9507e-05,-4.8597e-05,-4.7915e-05,-4.7451e-05,-4.7194e-05,-4.7133e-05,-4.726e-05,-4.7564e-05,-4.8036e-05,-4.8668e-05,-4.9449e-05,-5.0371e-05,-5.1424e-05,-5.2598e-05,-5.3882e-05,-5.5265e-05,-5.6735e-05,-5.8279e-05,-5.9882e-05,-6.1531e-05,-6.3208e-05,-6.4897e-05,-6.6577e-05,-6.8228e-05,-6.9829e-05,-7.1356e-05,-7.2782e-05,-7.4082e-05,-7.5227e-05,-7.6187e-05,-7.693e-05,-7.7422e-05,-7.7629e-05,-7.7514e-05,-7.7041e-05,-7.6171e-05,-7.4865e-05,-7.3084e-05,-7.0788e-05,-6.7936e-05,-6.4488e-05,-6.0405e-05,-5.5648e-05,-5.018e-05,-4.3964e-05,-3.6967e-05,-2.916e-05,-2.0516e-05,-1.1015e-05,-6.4058e-07,1.0612e-05,2.2736e-05,3.5711e-05,4.9495e-05,6.4016e-05,7.9167e-05,9.4788e-05,0.00011066,0.00012648,0.00014186,0.00015629,0.00016923,0.00018004,0.00018812,0.00019291,0.00019396,0.00019103,0.00018472
-9.8232e-05,-0.00010314,-0.00010638,-0.00010757,-0.00010694,-0.00010483,-0.00010161,-9.7631e-05,-9.3195e-05,-8.8546e-05,-8.3872e-05,-7.9311e-05,-7.496e-05,-7.0881e-05,-6.7113e-05,-6.3677e-05,-6.058e-05,-5.782e-05,-5.539e-05,-5.3277e-05,-5.147e-05,-4.9951e-05,-4.8707e-05,-4.7722e-05,-4.6983e-05,-4.6476e-05,-4.6188e-05,-4.6107e-05,-4.6222e-05,-4.652e-05,-4.6993e-05,-4.7629e-05,-4.8418e-05,-4.9349e-05,-5.0413e-05,-5.1599e-05,-5.2895e-05,-5.429e-05,-5.577e-05,-5.7322e-05,-5.8933e-05,-6.0585e-05,-6.2264e-05,-6.3949e-05,-6.5623e-05,-6.7263e-05,-6.8848e-05,-7.0353e-05,-7.1753e-05,-7.3019e-05,-7.4124e-05,-7.5036e-05,-7.5724e-05,-7.6153e-05,-7.6287e-05,-7.6091e-05,-7.5525e-05,-7.4551e-05,-7.3127e-05,-7.1215e-05,-6.8774e-05,-6.576e-05,-6.2132e-05,-5.7848e-05,-5.2866e-05,-4.7145e-05,-4.0647e-05,-3.3332e-05,-2.5166e-05,-1.6115e-05,-6.1505e-06,4.7517e-06,1.6609e-05,2.9428e-05,4.3205e-05,5.7914e-05,7.3506e-05,8.9894e-05,0.00010694,0.00012444,0.00014209,0.00015952,0.00017617,0.00019141,0.0002045,0.00021468,0.00022119,0.00022342,0.00022095,0.00021433
-0.00010903,-0.0001148,-0.00011825,-0.000119,-0.00011746,-0.00011416,-0.00010963,-0.00010433,-9.8649e-05,-9.2871e-05,-8.7203e-05,-8.1785e-05,-7.6708e-05,-7.2022e-05,-6.7752e-05,-6.3904e-05,-6.0473e-05,-5.7442e-05,-5.4797e-05,-5.2513e-05,-5.0571e-05,-4.8949e-05,-4.7626e-05,-4.6583e-05,-4.5803e-05,-4.5268e-05,-4.4964e-05,-4.4875e-05,-4.4989e-05,-4.5293e-05,-4.5775e-05,-4.6424e-05,-4.7227e-05,-4.8175e-05,-4.9256e-05,-5.0458e-05,-5.177e-05,-5.3179e-05,-5.4672e-05,-5.6235e-05,-5.7853e-05,-5.9511e-05,-6.119e-05,-6.2873e-05,-6.4539e-05,-6.6167e-05,-6.7734e-05,-6.9217e-05,-7.0587e-05,-7.1819e-05,-7.2882e-05,-7.3746e-05,-7.4377e-05,-7.4741e-05,-7.4802e-05,-7.4523e-05,-7.3865e-05,-7.2788e-05,-7.1248e-05,-6.9207e-05,-6.6623e-05,-6.345e-05,-5.9646e-05,-5.5166e-05,-4.9965e-05,-4.3999e-05,-3.7225e-05,-2.9598e-05,-2.1079e-05,-1.1626e-05,-1.2011e-06,1.023e-05,2.2699e-05,3.6228e-05,5.0831e-05,6.6509e-05,8.3236e-05,0.00010096,0.00011957,0.00013889,0.00015865,0.00017846,0.00019777,0.00021586,0.00023186,0.00024478,0.00025365,0.00025755,0.00025581,0.00024886
-0.00012262,-0.00012941,-0.00013289,-0.00013279,-0.00012982,-0.00012479,-0.00011846,-0.00011145,-0.00010422,-9.7084e-05,-9.0264e-05,-8.3887e-05,-7.8023e-05,-7.2699e-05,-6.7918e-05,-6.3663e-05,-5.9914e-05,-5.6634e-05,-5.3796e-05,-5.1366e-05,-4.9315e-05,-4.7614e-05,-4.6236e-05,-4.5158e-05,-4.4357e-05,-4.3814e-05,-4.351e-05,-4.343e-05,-4.3558e-05,-4.388e-05,-4.4382e-05,-4.5053e-05,-4.5881e-05,-4.6852e-05,-4.7957e-05,-4.9181e-05,-5.0514e-05,-5.1941e-05,-5.345e-05,-5.5026e-05,-5.6654e-05,-5.8318e-05,-5.9999e-05,-6.168e-05,-6.3339e-05,-6.4955e-05,-6.6506e-05,-6.7965e-05,-6.9308e-05,-7.0505e-05,-7.1527e-05,-7.2342e-05,-7.2918e-05,-7.3219e-05,-7.3209e-05,-7.285e-05,-7.2103e-05,-7.0927e-05,-6.9276e-05,-6.7114e-05,-6.4394e-05,-6.1072e-05,-5.7102e-05,-5.2437e-05,-4.703e-05,-4.0833e-05,-3.3798e-05,-2.5877e-05,-1.7021e-05,-7.1832e-06,3.6856e-06,1.5632e-05,2.8701e-05,4.2935e-05,5.8372e-05,7.5037e-05,9.2943e-05,0.00011207,0.00013237,0.0001537,0.00017585,0.00019845,0.00022094,0.00024256,0.00026228,0.00027888,0.00029102,0.00029737,0.00029683,0.00028959
-0.00014018,-0.0001481,-0.00015123,-0.00014957,-0.00014433,-0.00013681,-0.00012804,-0.00011881,-0.00010967,-0.00010094,-9.2819e-05,-8.5399e-05,-7.8712e-05,-7.2745e-05,-6.7472e-05,-6.2839e-05,-5.8804e-05,-5.5313e-05,-5.2322e-05,-4.9784e-05,-4.766e-05,-4.5913e-05,-4.4512e-05,-4.3426e-05,-4.263e-05,-4.2101e-05,-4.182e-05,-4.1766e-05,-4.1924e-05,-4.2278e-05,-4.2815e-05,-4.352e-05,-4.4381e-05,-4.5385e-05,-4.652e-05,-4.7773e-05,-4.9132e-05,-5.0583e-05,-5.2112e-05,-5.3705e-05,-5.5346e-05,-5.7019e-05,-5.8705e-05,-6.0385e-05,-6.2039e-05,-6.3646e-05,-6.5181e-05,-6.662e-05,-6.7936e-05,-6.9101e-05,-7.0085e-05,-7.0856e-05,-7.138e-05,-7.1623e-05,-7.1548e-05,-7.1116e-05,-7.0287e-05,-6.902e-05,-6.727e-05,-6.4997e-05,-6.2155e-05,-5.8699e-05,-5.458e-05,-4.9749e-05,-4.4157e-05,-3.7751e-05,-3.0481e-05,-2.2292e-05,-1.3129e-05,-2.9367e-06,8.344e-06,2.0773e-05,3.4411e-05,4.9323e-05,6.557e-05,8.3214e-05,0.00010231,0.00012288,0.00014495,0.00016845,0.00019324,0.00021903,0.00024531,0.00027129,0.00029582,0.00031739,0.00033418,0.00034423,0.00034573,0.00033837
-0.00016357,-0.00017261,-0.00017454,-0.00017005,-0.00016127,-0.00015014,-0.00013809,-0.00012606,-0.00011462,-0.00010407,-9.4535e-05,-8.6031e-05,-7.8535e-05,-7.1962e-05,-6.6245e-05,-6.1295e-05,-5.7037e-05,-5.3395e-05,-5.0307e-05,-4.7714e-05,-4.5565e-05,-4.3816e-05,-4.2429e-05,-4.1369e-05,-4.0609e-05,-4.0122e-05,-3.9886e-05,-3.988e-05,-4.0087e-05,-4.049e-05,-4.1075e-05,-4.1826e-05,-4.2732e-05,-4.3778e-05,-4.4952e-05,-4.6242e-05,-4.7633e-05,-4.9114e-05,-5.0668e-05,-5.2283e-05,-5.3941e-05,-5.5626e-05,-5.732e-05,-5.9004e-05,-6.0657e-05,-6.2258e-05,-6.3782e-05,-6.5205e-05,-6.65e-05,-6.7638e-05,-6.8589e-05,-6.9322e-05,-6.9803e-05,-6.9996e-05,-6.9865e-05,-6.937e-05,-6.8472e-05,-6.7128e-05,-6.5292e-05,-6.2926e-05,-5.9982e-05,-5.6412e-05,-5.2168e-05,-4.7197e-05,-4.1448e-05,-3.4866e-05,-2.7395e-05,-1.8977e-05,-9.549e-06,9.5222e-07,1.2596e-05,2.5454e-05,3.9608e-05,5.514e-05,7.2143e-05,9.0714e-05,0.00011095,0.00013296,0.00015682,0.00018258,0.00021022,0.00023957,0.00027025,0.00030154,0.00033225,0.00036057,0.00038408,0.00039989,0.00040499,0.00039802
-0.00019587,-0.00020558,-0.00020452,-0.00019499,-0.00018067,-0.00016442,-0.00014804,-0.00013256,-0.00011848,-0.00010595,-9.4969e-05,-8.5425e-05,-7.7193e-05,-7.0117e-05,-6.4059e-05,-5.8893e-05,-5.4504e-05,-5.0797e-05,-4.7689e-05,-4.5108e-05,-4.2993e-05,-4.1295e-05,-3.9968e-05,-3.8975e-05,-3.8286e-05,-3.7871e-05,-3.7706e-05,-3.7771e-05,-3.8047e-05,-3.8517e-05,-3.9165e-05,-3.9976e-05,-4.0938e-05,-4.2037e-05,-4.326e-05,-4.4594e-05,-4.6026e-05,-4.7542e-05,-4.9128e-05,-5.077e-05,-5.2451e-05,-5.4154e-05,-5.5862e-05,-5.7555e-05,-5.9212e-05,-6.0813e-05,-6.2332e-05,-6.3746e-05,-6.5026e-05,-6.6146e-05,-6.7074e-05,-6.7779e-05,-6.8227e-05,-6.8382e-05,-6.8208e-05,-6.7666e-05,-6.6715e-05,-6.5312e-05,-6.3413e-05,-6.0976e-05,-5.7954e-05,-5.4299e-05,-4.9959e-05,-4.4882e-05,-3.9014e-05,-3.2296e-05,-2.467e-05,-1.6071e-05,-6.4337e-06,4.3156e-06,1.6255e-05,2.947e-05,4.4057e-05,6.0123e-05,7.7788e-05,9.7188e-05,0.00011848,0.00014183,0.00016742,0.00019542,0.00022598,0.00025915,0.00029478,0.00033237,0.00037086,0.0004083,0.00044163,0.00046663,0.00047827,0.00047303
-0.00024253,-0.00025111,-0.00024331,-0.00022489,-0.00020205,-0.00017868,-0.00015682,-0.00013731,-0.00012038,-0.00010587,-9.3562e-05,-8.3152e-05,-7.4369e-05,-6.6966e-05,-6.0735e-05,-5.5498e-05,-5.111e-05,-4.745e-05,-4.4418e-05,-4.1931e-05,-3.9922e-05,-3.8334e-05,-3.7119e-05,-3.6238e-05,-3.5657e-05,-3.5346e-05,-3.5282e-05,-3.5443e-05,-3.5808e-05,-3.6363e-05,-3.709e-05,-3.7975e-05,-3.9006e-05,-4.0168e-05,-4.145e-05,-4.2837e-05,-4.4317e-05,-4.5877e-05,-4.7502e-05,-4.9178e-05,-5.0888e-05,-5.2617e-05,-5.4345e-05,-5.6055e-05,-5.7725e-05,-5.9333e-05,-6.0857e-05,-6.2271e-05,-6.3548e-05,-6.466e-05,-6.5577e-05,-6.6268e-05,-6.6698e-05,-6.6833e-05,-6.6634e-05,-6.6064e-05,-6.5082e-05,-6.3643e-05,-6.1706e-05,-5.9227e-05,-5.6159e-05,-5.2451e-05,-4.8053e-05,-4.2911e-05,-3.6967e-05,-3.0163e-05,-2.2435e-05,-1.3717e-05,-3.9365e-06,6.986e-06,1.9137e-05,3.2615e-05,4.753e-05,6.4009e-05,8.2201e-05,0.00010228,0.00012445,0.00014896,0.0001761,0.00020618,0.00023956,0.00027657,0.00031747,0.0003622,0.00041015,0.00045964,0.00050723,0.00054709,0.00057096,0.00057087
-0.00031359,-0.00031551,-0.00029308,-0.00025929,-0.00022372,-0.00019095,-0.00016261,-0.00013882,-0.00011915,-0.00010298,-8.9695e-05,-7.8763e-05,-6.9747e-05,-6.2294e-05,-5.6123e-05,-5.1013e-05,-4.6789e-05,-4.3311e-05,-4.0468e-05,-3.817e-05,-3.6345e-05,-3.4933e-05,-3.3886e-05,-3.3162e-05,-3.2728e-05,-3.2556e-05,-3.2621e-05,-3.2901e-05,-3.3378e-05,-3.4035e-05,-3.4857e-05,-3.5831e-05,-3.6943e-05,-3.818e-05,-3.953e-05,-4.098e-05,-4.2518e-05,-4.413e-05,-4.5802e-05,-4.752e-05,-4.9268e-05,-5.1031e-05,-5.2789e-05,-5.4524e-05,-5.6217e-05,-5.7844e-05,-5.9384e-05,-6.081e-05,-6.2098e-05,-6.3218e-05,-6.414e-05,-6.4834e-05,-6.5265e-05,-6.5399e-05,-6.5198e-05,-6.4625e-05,-6.3637e-05,-6.2191e-05,-6.0247e-05,-5.776e-05,-5.4682e-05,-5.0962e-05,-4.6549e-05,-4.1387e-05,-3.542e-05,-2.8585e-05,-2.0819e-05,-1.2051e-05,-2.2042e-06,8.8045e-06,2.1069e-05,3.4697e-05,4.981e-05,6.6552e-05,8.5096e-05,0.00010565,0.00012847,0.00015386,0.00018221,0.00021401,0.00024984,0.00029039,0.00033642,0.00038864,0.0004474,0.00051206,0.00057978,0.00064367,0.00069084,0.00070446
-0.00042845,-0.00040763,-0.0003545,-0.00029512,-0.00024174,-0.00019771,-0.00016265,-0.00013509,-0.00011344,-9.6353e-05,-8.2768e-05,-7.1881e-05,-6.3092e-05,-5.5957e-05,-5.0142e-05,-4.5394e-05,-4.1522e-05,-3.8378e-05,-3.5847e-05,-3.3837e-05,-3.2277e-05,-3.1108e-05,-3.0283e-05,-2.9763e-05,-2.9515e-05,-2.9513e-05,-2.9734e-05,-3.0157e-05,-3.0765e-05,-3.1543e-05,-3.2476e-05,-3.3551e-05,-3.4757e-05,-3.608e-05,-3.7509e-05,-3.9031e-05,-4.0636e-05,-4.2309e-05,-4.4038e-05,-4.5808e-05,-4.7604e-05,-4.941e-05,-5.1209e-05,-5.2983e-05,-5.471e-05,-5.637e-05,-5.794e-05,-5.9395e-05,-6.0709e-05,-6.1855e-05,-6.2803e-05,-6.3521e-05,-6.3977e-05,-6.4135e-05,-6.3959e-05,-6.341e-05,-6.2447e-05,-6.1029e-05,-5.9114e-05,-5.6656e-05,-5.3609e-05,-4.9921e-05,-4.554e-05,-4.0412e-05,-3.4477e-05,-2.7675e-05,-1.9938e-05,-1.1195e-05,-1.3681e-06,9.6305e-06,2.1899e-05,3.5549e-05,5.0712e-05,6.7543e-05,8.6231e-05,0.00010701,0.00013016,0.00015605,0.00018516,0.0002181,0.00025569,0.00029897,0.00034932,0.00040844,0.00047824,0.0005604,0.00065484,0.0007563,0.00084794,0.00089654
-0.00062512,-0.00053645,-0.00042201,-0.00032351,-0.00024841,-0.0001934,-0.00015334,-0.0001239,-0.00010194,-8.5263e-05,-7.2394e-05,-6.2316e-05,-5.4332e-05,-4.7949e-05,-4.2819e-05,-3.8685e-05,-3.536e-05,-3.2702e-05,-3.0603e-05,-2.8977e-05,-2.7758e-05,-2.6894e-05,-2.6343e-05,-2.6068e-05,-2.6042e-05,-2.6239e-05,-2.6641e-05,-2.7228e-05,-2.7985e-05,-2.8899e-05,-2.9957e-05,-3.1146e-05,-3.2456e-05,-3.3876e-05,-3.5394e-05,-3.6999e-05,-3.8681e-05,-4.0425e-05,-4.2221e-05,-4.4054e-05,-4.5909e-05,-4.7772e-05,-4.9624e-05,-5.1449e-05,-5.3226e-05,-5.4935e-05,-5.6552e-05,-5.8055e-05,-5.9416e-05,-6.061e-05,-6.1606e-05,-6.2373e-05,-6.288e-05,-6.3091e-05,-6.2969e-05,-6.2478e-05,-6.1575e-05,-6.0222e-05,-5.8375e-05,-5.5989e-05,-5.3017e-05,-4.9409e-05,-4.5112e-05,-4.0072e-05,-3.4231e-05,-2.7525e-05,-1.989e-05,-1.1253e-05,-1.5353e-06,9.3518e-06,2.1507e-05,3.5045e-05,5.0098e-05,6.6827e-05,8.5425e-05,0.00010613,0.00012926,0.00015519,0.00018446,0.00021776,0.00025607,0.00030073,0.00035366,0.00041764,0.00049656,0.00059573,0.00072133,0.00087685,0.0010505,0.001187
-0.00097178,-0.00069612,-0.00047222,-0.00032497,-0.00023149,-0.0001713,-0.0001313,-0.00010373,-8.4059e-05,-6.9587e-05,-5.8664e-05,-5.0251e-05,-4.3672e-05,-3.8473e-05,-3.4341e-05,-3.1054e-05,-2.8451e-05,-2.6412e-05,-2.4846e-05,-2.3684e-05,-2.2871e-05,-2.2364e-05,-2.2126e-05,-2.2131e-05,-2.2353e-05,-2.2774e-05,-2.3375e-05,-2.4143e-05,-2.5065e-05,-2.6128e-05,-2.7322e-05,-2.8636e-05,-3.0061e-05,-3.1587e-05,-3.3204e-05,-3.4901e-05,-3.6669e-05,-3.8496e-05,-4.0369e-05,-4.2276e-05,-4.4203e-05,-4.6135e-05,-4.8055e-05,-4.9946e-05,-5.179e-05,-5.3565e-05,-5.525e-05,-5.682e-05,-5.8251e-05,-5.9516e-05,-6.0586e-05,-6.1431e-05,-6.2017e-05,-6.2312e-05,-6.2278e-05,-6.1879e-05,-6.1075e-05,-5.9825e-05,-5.8087e-05,-5.5816e-05,-5.2966e-05,-4.9487e-05,-4.5326e-05,-4.0431e-05,-3.4743e-05,-2.8201e-05,-2.074e-05,-1.2288e-05,-2.7675e-06,7.9074e-06,1.9834e-05,3.3124e-05,4.7908e-05,6.434e-05,8.261e-05,0.00010295,0.00012567,0.00015114,0.00017989,0.00021263,0.00025036,0.00029454,0.0003474,0.0004124,0.00049519,0.00060522,0.00075814,0.00097781,0.0012873,0.0016399
-0.0015284,-0.00081363,-0.00045119,-0.00027508,-0.00018289,-0.00013037,-9.8035e-05,-7.6766e-05,-6.1991e-05,-5.1277e-05,-4.3251e-05,-3.7098e-05,-3.2305e-05,-2.8539e-05,-2.5572e-05,-2.3245e-05,-2.1441e-05,-2.0074e-05,-1.9081e-05,-1.8409e-05,-1.8019e-05,-1.788e-05,-1.7966e-05,-1.8255e-05,-1.873e-05,-1.9375e-05,-2.0178e-05,-2.1127e-05,-2.2213e-05,-2.3425e-05,-2.4755e-05,-2.6195e-05,-2.7736e-05,-2.937e-05,-3.1087e-05,-3.2879e-05,-3.4737e-05,-3.6649e-05,-3.8605e-05,-4.0593e-05,-4.2598e-05,-4.4608e-05,-4.6605e-05,-4.8574e-05,-5.0496e-05,-5.2351e-05,-5.4117e-05,-5.5771e-05,-5.7289e-05,-5.8644e-05,-5.9808e-05,-6.075e-05,-6.1439e-05,-6.1841e-05,-6.1921e-05,-6.1641e-05,-6.0963e-05,-5.9846e-05,-5.8248e-05,-5.6125e-05,-5.343e-05,-5.0116e-05,-4.613e-05,-4.1421e-05,-3.593e-05,-2.9598e-05,-2.2361e-05,-1.4151e-05,-4.8925e-06,5.4976e-06,1.7112e-05,3.0055e-05,4.4449e-05,6.0438e-05,7.8196e-05,9.7937e-05,0.00011993,0.00014452,0.00017218,0.00020353,0.00023948,0.00028135,0.00033119,0.00039239,0.00047098,0.00057848,0.00073872,0.0010028,0.001475,0.0022883
