1.2008e-17,-6.3106e-09,-4.672e-08,-1.2158e-07,-2.249e-07,-3.4928e-07,-4.8763e-07,-6.3367e-07,-7.8211e-07,-9.2853e-07,-1.0693e-06,-1.2015e-06,-1.3229e-06,-1.4314e-06,-1.5257e-06,-1.6046e-06,-1.6673e-06,-1.713e-06,-1.7414e-06,-1.7522e-06,-1.745e-06,-1.7197e-06,-1.6764e-06,-1.615e-06,-1.5356e-06,-1.4382e-06,-1.3229e-06,-1.1899e-06,-1.0394e-06,-8.7158e-07,-6.8666e-07,-4.8497e-07,-2.6685e-07,-3.2718e-08,2.1696e-07,4.8163e-07,7.6065e-07,1.0533e-06,1.3588e-06,1.6761e-06,2.0043e-06,2.3422e-06,2.6885e-06,3.0419e-06,3.4008e-06,3.7637e-06,4.1288e-06,4.4944e-06,4.8586e-06,5.2193e-06,5.5746e-06,5.9225e-06,6.2608e-06,6.5874e-06,6.9003e-06,7.1975e-06,7.477e-06,7.737e-06,7.9757e-06,8.1915e-06,8.383e-06,8.549e-06,8.6884e-06,8.8006e-06,8.8849e-06,8.9411e-06,8.9693e-06,8.9698e-06,8.9432e-06,8.8905e-06,8.813e-06,8.7121e-06,8.5899e-06,8.4484e-06,8.2902e-06,8.1179e-06,7.9346e-06,7.7435e-06,7.5482e-06,7.3525e-06,7.1603e-06,6.976e-06,6.804e-06,6.6489e-06,6.5155e-06,6.4084e-06,6.3316e-06,6.2876e-06,6.2753e-06,6.2854e-06
6.3175e-09,7.4522e-12,-3.7289e-08,-1.0387e-07,-1.9474e-07,-3.0408e-07,-4.261e-07,-5.5553e-07,-6.877e-07,-8.1864e-07,-9.45e-07,-1.064e-06,-1.1734e-06,-1.2713e-06,-1.3563e-06,-1.4272e-06,-1.483e-06,-1.5232e-06,-1.5471e-06,-1.5545e-06,-1.545e-06,-1.5184e-06,-1.4747e-06,-1.4138e-06,-1.3357e-06,-1.2405e-06,-1.1283e-06,-9.9916e-07,-8.5329e-07,-6.9087e-07,-5.1216e-07,-3.1744e-07,-1.0706e-07,1.1858e-07,3.5901e-07,6.1369e-07,8.8199e-07,1.1632e-06,1.4565e-06,1.7611e-06,2.0758e-06,2.3997e-06,2.7314e-06,3.0697e-06,3.4132e-06,3.7602e-06,4.1092e-06,4.4585e-06,4.8062e-06,5.1506e-06,5.4896e-06,5.8214e-06,6.1439e-06,6.4553e-06,6.7536e-06,7.0368e-06,7.3032e-06,7.5511e-06,7.7787e-06,7.9847e-06,8.1677e-06,8.3266e-06,8.4604e-06,8.5685e-06,8.6504e-06,8.7059e-06,8.735e-06,8.7382e-06,8.716e-06,8.6695e-06,8.5997e-06,8.5083e-06,8.397e-06,8.2679e-06,8.1233e-06,7.9659e-06,7.7984e-06,7.6239e-06,7.4459e-06,7.2676e-06,7.093e-06,6.9258e-06,6.77e-06,6.6298e-06,6.5092e-06,6.4119e-06,6.3412e-06,6.299e-06,6.2853e-06,6.2954e-06
4.6842e-08,3.732e-08,-1.4714e-10,-6.2589e-08,-1.4547e-07,-2.4399e-07,-3.5343e-07,-4.6937e-07,-5.8783e-07,-7.0532e-07,-8.1882e-07,-9.258e-07,-1.0241e-06,-1.1121e-06,-1.1882e-06,-1.2513e-06,-1.3006e-06,-1.3353e-06,-1.3549e-06,-1.3589e-06,-1.347e-06,-1.3191e-06,-1.275e-06,-1.2147e-06,-1.138e-06,-1.0451e-06,-9.3604e-07,-8.1088e-07,-6.6978e-07,-5.1295e-07,-3.406e-07,-1.5302e-07,4.9459e-08,2.6645e-07,4.9749e-07,7.4205e-07,9.9954e-07,1.2693e-06,1.5504e-06,1.8422e-06,2.1436e-06,2.4536e-06,2.7709e-06,3.0945e-06,3.4227e-06,3.7543e-06,4.0877e-06,4.4211e-06,4.753e-06,5.0815e-06,5.4049e-06,5.7213e-06,6.0288e-06,6.3256e-06,6.61e-06,6.88e-06,7.134e-06,7.3704e-06,7.5876e-06,7.7843e-06,7.9592e-06,8.1113e-06,8.2398e-06,8.3439e-06,8.4234e-06,8.4781e-06,8.5079e-06,8.5134e-06,8.4952e-06,8.4541e-06,8.3913e-06,8.3083e-06,8.2069e-06,8.0888e-06,7.9565e-06,7.8123e-06,7.659e-06,7.4993e-06,7.3364e-06,7.1735e-06,7.014e-06,6.8615e-06,6.7194e-06,6.5914e-06,6.4809e-06,6.3913e-06,6.3252e-06,6.2848e-06,6.2714e-06,6.2834e-06
1.2225e-07,1.0418e-07,6.1973e-08,-9.08e-10,-8.0504e-08,-1.7284e-07,-2.7403e-07,-3.804e-07,-4.8858e-07,-5.9557e-07,-6.9872e-07,-7.9577e-07,-8.848e-07,-9.6418e-07,-1.0326e-06,-1.0889e-06,-1.1324e-06,-1.1621e-06,-1.1777e-06,-1.1787e-06,-1.1648e-06,-1.1357e-06,-1.0913e-06,-1.0315e-06,-9.5629e-07,-8.6564e-07,-7.5962e-07,-6.383e-07,-5.0183e-07,-3.5037e-07,-1.8413e-07,-3.3912e-09,1.9154e-07,4.0029e-07,6.2243e-07,8.5744e-07,1.1048e-06,1.3637e-06,1.6335e-06,1.9134e-06,2.2025e-06,2.4997e-06,2.8038e-06,3.1138e-06,3.4283e-06,3.7458e-06,4.065e-06,4.3842e-06,4.7019e-06,5.0163e-06,5.3258e-06,5.6285e-06,5.9227e-06,6.2068e-06,6.4788e-06,6.7372e-06,6.9804e-06,7.2067e-06,7.4148e-06,7.6033e-06,7.7711e-06,7.9173e-06,8.041e-06,8.1417e-06,8.219e-06,8.2727e-06,8.303e-06,8.3102e-06,8.2951e-06,8.2584e-06,8.2012e-06,8.1251e-06,8.0316e-06,7.9226e-06,7.8003e-06,7.6669e-06,7.5249e-06,7.3771e-06,7.2263e-06,7.0755e-06,6.9278e-06,6.7865e-06,6.6546e-06,6.5354e-06,6.4319e-06,6.3472e-06,6.2836e-06,6.2437e-06,6.2292e-06,6.2402e-06
2.2699e-07,1.9592e-07,1.4482e-07,7.749e-08,-2.8106e-09,-9.2859e-08,-1.895e-07,-2.8971e-07,-3.9069e-07,-4.899e-07,-5.8506e-07,-6.742e-07,-7.5563e-07,-8.2789e-07,-8.8978e-07,-9.403e-07,-9.7863e-07,-1.0041e-06,-1.0162e-06,-1.0146e-06,-9.9884e-07,-9.6877e-07,-9.2422e-07,-8.6509e-07,-7.9131e-07,-7.0289e-07,-5.9984e-07,-4.8225e-07,-3.5023e-07,-2.0393e-07,-4.3543e-08,1.3068e-07,3.1845e-07,5.1941e-07,7.3316e-07,9.592e-07,1.197e-06,1.4459e-06,1.7053e-06,1.9742e-06,2.2519e-06,2.5374e-06,2.8296e-06,3.1273e-06,3.4293e-06,3.7343e-06,4.0408e-06,4.3474e-06,4.6525e-06,4.9544e-06,5.2517e-06,5.5424e-06,5.8251e-06,6.098e-06,6.3594e-06,6.6078e-06,6.8415e-06,7.0592e-06,7.2594e-06,7.4409e-06,7.6026e-06,7.7437e-06,7.8632e-06,7.9608e-06,8.036e-06,8.0888e-06,8.1193e-06,8.1278e-06,8.1149e-06,8.0816e-06,8.0288e-06,7.9581e-06,7.8708e-06,7.7689e-06,7.6544e-06,7.5293e-06,7.3962e-06,7.2575e-06,7.1159e-06,6.9742e-06,6.8353e-06,6.7019e-06,6.5771e-06,6.4636e-06,6.3643e-06,6.2818e-06,6.2185e-06,6.1768e-06,6.1587e-06,6.1648e-06
3.5415e-07,3.0705e-07,2.4385e-07,1.6884e-07,8.4599e-08,-6.3635e-09,-1.0153e-07,-1.9848e-07,-2.9492e-07,-3.8873e-07,-4.7802e-07,-5.611e-07,-6.3652e-07,-7.0301e-07,-7.5953e-07,-8.0517e-07,-8.3922e-07,-8.6107e-07,-8.7025e-07,-8.6637e-07,-8.4914e-07,-8.1833e-07,-7.738e-07,-7.1542e-07,-6.4313e-07,-5.5693e-07,-4.5681e-07,-3.4285e-07,-2.1513e-07,-7.3786e-08,8.1004e-08,2.4902e-07,4.2999e-07,6.2359e-07,8.2944e-07,1.0471e-06,1.276e-06,1.5156e-06,1.7653e-06,2.0242e-06,2.2915e-06,2.5663e-06,2.8476e-06,3.1343e-06,3.4252e-06,3.719e-06,4.0143e-06,4.3097e-06,4.6038e-06,4.8949e-06,5.1814e-06,5.4619e-06,5.7346e-06,5.9979e-06,6.2502e-06,6.49e-06,6.7158e-06,6.9261e-06,7.1196e-06,7.2952e-06,7.4518e-06,7.5884e-06,7.7045e-06,7.7993e-06,7.8727e-06,7.9245e-06,7.9549e-06,7.9642e-06,7.9529e-06,7.9221e-06,7.8726e-06,7.8058e-06,7.7233e-06,7.6266e-06,7.5179e-06,7.3991e-06,7.2724e-06,7.1404e-06,7.0054e-06,6.87e-06,6.7369e-06,6.6088e-06,6.4882e-06,6.3777e-06,6.28e-06,6.1973e-06,6.1319e-06,6.086e-06,6.0616e-06,6.0596e-06
4.9702e-07,4.3208e-07,3.5453e-07,2.6939e-07,1.7865e-07,8.4198e-08,-1.2032e-08,-1.0813e-07,-2.0228e-07,-2.9277e-07,-3.7806e-07,-4.5674e-07,-5.2761e-07,-5.8962e-07,-6.4185e-07,-6.8355e-07,-7.1409e-07,-7.3296e-07,-7.3973e-07,-7.3406e-07,-7.1569e-07,-6.8442e-07,-6.401e-07,-5.8261e-07,-5.119e-07,-4.2793e-07,-3.3072e-07,-2.2031e-07,-9.6762e-08,3.9801e-08,1.8923e-07,3.5132e-07,5.2585e-07,7.125e-07,9.1093e-07,1.1207e-06,1.3414e-06,1.5724e-06,1.8131e-06,2.0628e-06,2.3207e-06,2.5859e-06,2.8574e-06,3.1342e-06,3.4152e-06,3.6991e-06,3.9845e-06,4.2702e-06,4.5547e-06,4.8364e-06,5.1138e-06,5.3854e-06,5.6497e-06,5.9049e-06,6.1496e-06,6.3822e-06,6.6014e-06,6.8056e-06,6.9936e-06,7.1643e-06,7.3166e-06,7.4496e-06,7.5627e-06,7.6552e-06,7.727e-06,7.7779e-06,7.808e-06,7.8177e-06,7.8075e-06,7.7782e-06,7.731e-06,7.667e-06,7.5877e-06,7.4947e-06,7.39e-06,7.2754e-06,7.1531e-06,7.0254e-06,6.8946e-06,6.7631e-06,6.6334e-06,6.5079e-06,6.3891e-06,6.2792e-06,6.1806e-06,6.0954e-06,6.0258e-06,5.9735e-06,5.9405e-06,5.9279e-06
6.4959e-07,5.6585e-07,4.7247e-07,3.7544e-07,2.7626e-07,1.763e-07,7.6969e-08,-2.0279e-08,-1.1404e-07,-2.0299e-07,-2.859e-07,-3.6167e-07,-4.2932e-07,-4.88e-07,-5.3697e-07,-5.7561e-07,-6.0342e-07,-6.1995e-07,-6.2485e-07,-6.1785e-07,-5.9871e-07,-5.6726e-07,-5.2337e-07,-4.6694e-07,-3.979e-07,-3.1623e-07,-2.2192e-07,-1.1499e-07,4.4838e-09,1.3642e-07,2.807e-07,4.3715e-07,6.0554e-07,7.8563e-07,9.771e-07,1.1796e-06,1.3926e-06,1.6156e-06,1.8481e-06,2.0894e-06,2.3387e-06,2.5952e-06,2.858e-06,3.1261e-06,3.3983e-06,3.6735e-06,3.9504e-06,4.2277e-06,4.5039e-06,4.7777e-06,5.0474e-06,5.3117e-06,5.5689e-06,5.8174e-06,6.0559e-06,6.2827e-06,6.4965e-06,6.6958e-06,6.8795e-06,7.0462e-06,7.1951e-06,7.3253e-06,7.4359e-06,7.5266e-06,7.5971e-06,7.6471e-06,7.6768e-06,7.6866e-06,7.6769e-06,7.6486e-06,7.6027e-06,7.5404e-06,7.4631e-06,7.3723e-06,7.2699e-06,7.1578e-06,7.038e-06,6.9126e-06,6.7838e-06,6.654e-06,6.5254e-06,6.4003e-06,6.2809e-06,6.1694e-06,6.0678e-06,5.9782e-06,5.9022e-06,5.8417e-06,5.7982e-06,5.7735e-06
8.0662e-07,7.0368e-07,5.936e-07,4.8346e-07,3.7441e-07,2.6738e-07,1.6333e-07,6.3322e-08,-3.1634e-08,-1.2055e-07,-2.0249e-07,-2.7664e-07,-3.4225e-07,-3.9867e-07,-4.4532e-07,-4.8175e-07,-5.0754e-07,-5.2236e-07,-5.2594e-07,-5.1805e-07,-4.9852e-07,-4.6721e-07,-4.2399e-07,-3.688e-07,-3.0157e-07,-2.2226e-07,-1.3087e-07,-2.7406e-08,8.8087e-08,2.1554e-07,3.5486e-07,5.0589e-07,6.6847e-07,8.4236e-07,1.0273e-06,1.2229e-06,1.4288e-06,1.6445e-06,1.8695e-06,2.1032e-06,2.3448e-06,2.5935e-06,2.8485e-06,3.1088e-06,3.3734e-06,3.6411e-06,3.9107e-06,4.1809e-06,4.4502e-06,4.7173e-06,4.9808e-06,5.239e-06,5.4905e-06,5.7338e-06,5.9674e-06,6.1897e-06,6.3993e-06,6.5949e-06,6.7753e-06,6.9391e-06,7.0855e-06,7.2135e-06,7.3224e-06,7.4117e-06,7.4811e-06,7.5304e-06,7.5597e-06,7.5693e-06,7.5598e-06,7.5319e-06,7.4865e-06,7.4249e-06,7.3485e-06,7.2586e-06,7.1571e-06,7.0458e-06,6.9267e-06,6.8018e-06,6.6732e-06,6.543e-06,6.4135e-06,6.2867e-06,6.1647e-06,6.0495e-06,5.9431e-06,5.8471e-06,5.7633e-06,5.693e-06,5.6377e-06,5.5997e-06
9.6358e-07,8.414e-07,7.1415e-07,5.9012e-07,4.7019e-07,3.5491e-07,2.4489e-07,1.4082e-07,4.3374e-08,-4.676e-08,-1.2895e-07,-2.0261e-07,-2.6722e-07,-3.2233e-07,-3.6754e-07,-4.0251e-07,-4.2698e-07,-4.407e-07,-4.4348e-07,-4.3517e-07,-4.1563e-07,-3.8476e-07,-3.4249e-07,-2.8873e-07,-2.2345e-07,-1.466e-07,-5.8175e-08,4.1833e-08,1.534e-07,2.7648e-07,4.11e-07,5.5685e-07,7.1388e-07,8.819e-07,1.0607e-06,1.2499e-06,1.4492e-06,1.6582e-06,1.8763e-06,2.1031e-06,2.3377e-06,2.5796e-06,2.8277e-06,3.0813e-06,3.3394e-06,3.6007e-06,3.8641e-06,4.1283e-06,4.392e-06,4.6538e-06,4.9122e-06,5.1658e-06,5.413e-06,5.6523e-06,5.8822e-06,6.1013e-06,6.308e-06,6.5011e-06,6.6791e-06,6.8411e-06,6.9858e-06,7.1124e-06,7.2202e-06,7.3086e-06,7.3773e-06,7.4261e-06,7.455e-06,7.4644e-06,7.4547e-06,7.4267e-06,7.3812e-06,7.3196e-06,7.2429e-06,7.1529e-06,7.051e-06,6.9391e-06,6.8191e-06,6.693e-06,6.5628e-06,6.4304e-06,6.2981e-06,6.1678e-06,6.0414e-06,5.9208e-06,5.8078e-06,5.704e-06,5.6107e-06,5.5294e-06,5.4612e-06,5.4093e-06
1.1165e-06,9.7526e-07,8.3069e-07,6.9229e-07,5.6079e-07,4.3641e-07,3.1946e-07,2.103e-07,1.0932e-07,1.6924e-08,-6.6519e-08,-1.4066e-07,-2.0519e-07,-2.5984e-07,-3.0439e-07,-3.3863e-07,-3.6242e-07,-3.7561e-07,-3.781e-07,-3.6981e-07,-3.5065e-07,-3.2056e-07,-2.795e-07,-2.274e-07,-1.6423e-07,-8.996e-08,-4.5615e-09,9.1977e-08,1.9965e-07,3.1844e-07,4.483e-07,5.8915e-07,7.4088e-07,9.0334e-07,1.0763e-06,1.2596e-06,1.4528e-06,1.6556e-06,1.8675e-06,2.088e-06,2.3165e-06,2.5522e-06,2.7944e-06,3.0422e-06,3.2947e-06,3.5507e-06,3.809e-06,4.0685e-06,4.3277e-06,4.5854e-06,4.8401e-06,5.0903e-06,5.3344e-06,5.5711e-06,5.7986e-06,6.0157e-06,6.2207e-06,6.4123e-06,6.5892e-06,6.7502e-06,6.8942e-06,7.0203e-06,7.1276e-06,7.2157e-06,7.2841e-06,7.3326e-06,7.3613e-06,7.3704e-06,7.3603e-06,7.3318e-06,7.2858e-06,7.2233e-06,7.1457e-06,7.0544e-06,6.951e-06,6.8373e-06,6.715e-06,6.5862e-06,6.4528e-06,6.3167e-06,6.1799e-06,6.0443e-06,5.9119e-06,5.7843e-06,5.6632e-06,5.5501e-06,5.4463e-06,5.3529e-06,5.2711e-06,5.2049e-06
1.2619e-06,1.1019e-06,9.4006e-07,7.8707e-07,6.4354e-07,5.0947e-07,3.8486e-07,2.6983e-07,1.6449e-07,6.8975e-08,-1.6569e-08,-9.2019e-08,-1.5726e-07,-2.1221e-07,-2.568e-07,-2.9096e-07,-3.1466e-07,-3.2787e-07,-3.3057e-07,-3.2272e-07,-3.0433e-07,-2.7535e-07,-2.3578e-07,-1.8557e-07,-1.247e-07,-5.3143e-08,2.9139e-08,1.2217e-07,2.2596e-07,3.4052e-07,4.6582e-07,6.0183e-07,7.4848e-07,9.0564e-07,1.0732e-06,1.2508e-06,1.4384e-06,1.6355e-06,1.8417e-06,2.0566e-06,2.2796e-06,2.51e-06,2.7471e-06,2.99e-06,3.2378e-06,3.4895e-06,3.7439e-06,3.9997e-06,4.2557e-06,4.5104e-06,4.7626e-06,5.0106e-06,5.2529e-06,5.4881e-06,5.7146e-06,5.9308e-06,6.1353e-06,6.3267e-06,6.5035e-06,6.6646e-06,6.8088e-06,6.9351e-06,7.0428e-06,7.1312e-06,7.1998e-06,7.2484e-06,7.2771e-06,7.2859e-06,7.2754e-06,7.2462e-06,7.1992e-06,7.1354e-06,7.056e-06,6.9626e-06,6.8567e-06,6.74e-06,6.6142e-06,6.4814e-06,6.3433e-06,6.2019e-06,6.0592e-06,5.9169e-06,5.7769e-06,5.6409e-06,5.5104e-06,5.3868e-06,5.2713e-06,5.1651e-06,5.0691e-06,4.9884e-06
1.3967e-06,1.2184e-06,1.0394e-06,8.7173e-07,7.1593e-07,5.7175e-07,4.3899e-07,3.1748e-07,2.0711e-07,1.078e-07,1.9453e-08,-5.8003e-08,-1.2465e-07,-1.8055e-07,-2.258e-07,-2.6048e-07,-2.8465e-07,-2.9839e-07,-3.0175e-07,-2.9479e-07,-2.7753e-07,-2.5e-07,-2.122e-07,-1.6413e-07,-1.0577e-07,-3.7075e-08,4.1977e-08,1.3143e-07,2.3132e-07,3.4167e-07,4.625e-07,5.938e-07,7.3553e-07,8.8763e-07,1.05e-06,1.2224e-06,1.4047e-06,1.5966e-06,1.7977e-06,2.0076e-06,2.2257e-06,2.4515e-06,2.6842e-06,2.9231e-06,3.1672e-06,3.4155e-06,3.6669e-06,3.9201e-06,4.1739e-06,4.4269e-06,4.6777e-06,4.9248e-06,5.1666e-06,5.4015e-06,5.6281e-06,5.8448e-06,6.05e-06,6.2422e-06,6.4201e-06,6.5823e-06,6.7277e-06,6.8552e-06,6.964e-06,7.0534e-06,7.1228e-06,7.172e-06,7.2009e-06,7.2097e-06,7.1988e-06,7.1687e-06,7.1204e-06,7.0548e-06,6.9732e-06,6.8769e-06,6.7676e-06,6.6469e-06,6.5166e-06,6.3785e-06,6.2345e-06,6.0865e-06,5.9364e-06,5.7861e-06,5.6372e-06,5.4914e-06,5.3502e-06,5.2151e-06,5.087e-06,4.9672e-06,4.8566e-06,4.7614e-06
1.5181e-06,1.3218e-06,1.126e-06,9.4373e-07,7.7555e-07,6.2102e-07,4.7974e-07,3.5131e-07,2.3542e-07,1.3176e-07,4.0038e-08,-4.0009e-08,-1.0863e-07,-1.6608e-07,-2.1256e-07,-2.4828e-07,-2.7343e-07,-2.8817e-07,-2.9265e-07,-2.8697e-07,-2.7123e-07,-2.4548e-07,-2.0976e-07,-1.6408e-07,-1.0843e-07,-4.2787e-08,3.2899e-08,1.1868e-07,2.1461e-07,3.2075e-07,4.3715e-07,5.6382e-07,7.0079e-07,8.4801e-07,1.0054e-06,1.1729e-06,1.3503e-06,1.5374e-06,1.7338e-06,1.9392e-06,2.1531e-06,2.375e-06,2.6041e-06,2.8396e-06,3.0808e-06,3.3267e-06,3.576e-06,3.8277e-06,4.0804e-06,4.3328e-06,4.5834e-06,4.8307e-06,5.0731e-06,5.3091e-06,5.5371e-06,5.7554e-06,5.9625e-06,6.1568e-06,6.3368e-06,6.5013e-06,6.649e-06,6.7786e-06,6.8894e-06,6.9805e-06,7.0514e-06,7.1018e-06,7.1314e-06,7.1404e-06,7.1292e-06,7.0983e-06,7.0485e-06,6.9809e-06,6.8965e-06,6.7968e-06,6.6834e-06,6.5578e-06,6.4219e-06,6.2775e-06,6.1264e-06,5.9706e-06,5.812e-06,5.6523e-06,5.4932e-06,5.3365e-06,5.1836e-06,5.0358e-06,4.8944e-06,4.7603e-06,4.6348e-06,4.5248e-06
1.6236e-06,1.4098e-06,1.1974e-06,1.0007e-06,8.2011e-07,6.5511e-07,5.0507e-07,3.6942e-07,2.4763e-07,1.3919e-07,4.3625e-08,-3.9499e-08,-1.1061e-07,-1.7008e-07,-2.1828e-07,-2.5554e-07,-2.8214e-07,-2.9834e-07,-3.0435e-07,-3.0035e-07,-2.8649e-07,-2.6286e-07,-2.2952e-07,-1.8651e-07,-1.3382e-07,-7.1416e-08,7.4256e-10,8.273e-08,1.7463e-07,2.7652e-07,3.8847e-07,5.1057e-07,6.4286e-07,7.8535e-07,9.3804e-07,1.1008e-06,1.2736e-06,1.4563e-06,1.6485e-06,1.8499e-06,2.0601e-06,2.2785e-06,2.5046e-06,2.7377e-06,2.9768e-06,3.221e-06,3.4693e-06,3.7204e-06,3.973e-06,4.2258e-06,4.4773e-06,4.726e-06,4.9703e-06,5.2086e-06,5.4391e-06,5.6604e-06,5.8706e-06,6.0682e-06,6.2517e-06,6.4195e-06,6.5705e-06,6.7034e-06,6.8171e-06,6.9109e-06,6.9841e-06,7.0362e-06,7.0671e-06,7.0768e-06,7.0655e-06,7.0339e-06,6.9827e-06,6.9127e-06,6.8253e-06,6.7217e-06,6.6035e-06,6.4724e-06,6.33e-06,6.1783e-06,6.0192e-06,5.8545e-06,5.6861e-06,5.5159e-06,5.3455e-06,5.1768e-06,5.0111e-06,4.8498e-06,4.6942e-06,4.5453e-06,4.4044e-06,4.2796e-06
1.7107e-06,1.4799e-06,1.2512e-06,1.0403e-06,8.4743e-07,6.7193e-07,5.1301e-07,3.6992e-07,2.4194e-07,1.284e-07,2.8625e-08,-5.7979e-08,-1.3199e-07,-1.9393e-07,-2.443e-07,-2.8353e-07,-3.1201e-07,-3.3008e-07,-3.3803e-07,-3.3611e-07,-3.2449e-07,-3.0331e-07,-2.7267e-07,-2.3261e-07,-1.8313e-07,-1.242e-07,-5.5759e-08,2.228e-08,1.1002e-07,2.0757e-07,3.1506e-07,4.3259e-07,5.6024e-07,6.981e-07,8.4619e-07,1.0045e-06,1.1729e-06,1.3514e-06,1.5397e-06,1.7375e-06,1.9445e-06,2.1602e-06,2.3839e-06,2.6151e-06,2.8528e-06,3.0963e-06,3.3443e-06,3.5958e-06,3.8493e-06,4.1036e-06,4.3571e-06,4.6084e-06,4.8557e-06,5.0974e-06,5.3319e-06,5.5573e-06,5.7719e-06,5.9741e-06,6.1622e-06,6.3348e-06,6.4903e-06,6.6275e-06,6.7453e-06,6.8427e-06,6.919e-06,6.9737e-06,7.0065e-06,7.0174e-06,7.0065e-06,6.9744e-06,6.9218e-06,6.8496e-06,6.7589e-06,6.6511e-06,6.5277e-06,6.3903e-06,6.2408e-06,6.081e-06,5.9128e-06,5.7382e-06,5.559e-06,5.3772e-06,5.1945e-06,5.0127e-06,4.8332e-06,4.6576e-06,4.487e-06,4.3227e-06,4.166e-06,4.0262e-06
1.7773e-06,1.5299e-06,1.2854e-06,1.0604e-06,8.5542e-07,6.6945e-07,5.016e-07,3.5095e-07,2.166e-07,9.7698e-08,-6.5771e-09,-9.6991e-08,-1.7426e-07,-2.3906e-07,-2.9198e-07,-3.3357e-07,-3.6433e-07,-3.8467e-07,-3.9496e-07,-3.9548e-07,-3.8647e-07,-3.681e-07,-3.4048e-07,-3.0367e-07,-2.5768e-07,-2.0247e-07,-1.3797e-07,-6.4074e-08,1.935e-08,1.1245e-07,2.1537e-07,3.2827e-07,4.5129e-07,5.8455e-07,7.2812e-07,8.8206e-07,1.0463e-06,1.2209e-06,1.4056e-06,1.6002e-06,1.8044e-06,2.0177e-06,2.2396e-06,2.4695e-06,2.7066e-06,2.9499e-06,3.1986e-06,3.4513e-06,3.7067e-06,3.9635e-06,4.2201e-06,4.4751e-06,4.7266e-06,4.9731e-06,5.2126e-06,5.4435e-06,5.6639e-06,5.872e-06,6.0661e-06,6.2446e-06,6.4059e-06,6.5487e-06,6.6717e-06,6.7739e-06,6.8544e-06,6.9125e-06,6.9481e-06,6.9608e-06,6.9509e-06,6.9188e-06,6.865e-06,6.7906e-06,6.6966e-06,6.5843e-06,6.4554e-06,6.3113e-06,6.154e-06,5.9854e-06,5.8074e-06,5.6219e-06,5.431e-06,5.2365e-06,5.0405e-06,4.8445e-06,4.6504e-06,4.4595e-06,4.2732e-06,4.0928e-06,3.9199e-06,3.7648e-06
1.8213e-06,1.5577e-06,1.2977e-06,1.0591e-06,8.4207e-07,6.4574e-07,4.6897e-07,3.107e-07,1.6985e-07,4.5404e-08,-6.3607e-08,-1.581e-07,-2.3894e-07,-3.0691e-07,-3.6274e-07,-4.0707e-07,-4.4048e-07,-4.6347e-07,-4.7646e-07,-4.798e-07,-4.7377e-07,-4.5855e-07,-4.3429e-07,-4.0106e-07,-3.5886e-07,-3.0766e-07,-2.4736e-07,-1.7784e-07,-9.8931e-08,-1.0464e-08,8.7758e-08,1.9593e-07,3.1425e-07,4.4287e-07,5.8195e-07,7.3158e-07,8.9181e-07,1.0626e-06,1.2439e-06,1.4356e-06,1.6373e-06,1.8486e-06,2.0692e-06,2.2984e-06,2.5354e-06,2.7794e-06,3.0294e-06,3.2841e-06,3.5423e-06,3.8026e-06,4.0634e-06,4.3232e-06,4.5801e-06,4.8325e-06,5.0785e-06,5.3162e-06,5.5437e-06,5.7591e-06,5.9607e-06,6.1465e-06,6.3151e-06,6.4648e-06,6.5943e-06,6.7024e-06,6.7883e-06,6.851e-06,6.8902e-06,6.9057e-06,6.8974e-06,6.8658e-06,6.8113e-06,6.7349e-06,6.6377e-06,6.5209e-06,6.3862e-06,6.2351e-06,6.0695e-06,5.8914e-06,5.7027e-06,5.5056e-06,5.302e-06,5.0941e-06,4.8836e-06,4.6726e-06,4.4628e-06,4.2558e-06,4.0531e-06,3.8559e-06,3.6662e-06,3.4954e-06
1.8407e-06,1.5614e-06,1.2863e-06,1.0342e-06,8.0547e-07,5.989e-07,4.1328e-07,2.4736e-07,9.9942e-08,-3.017e-08,-1.441e-07,-2.429e-07,-3.2756e-07,-3.99e-07,-4.5806e-07,-5.0546e-07,-5.4188e-07,-5.6788e-07,-5.8395e-07,-5.9048e-07,-5.8778e-07,-5.7609e-07,-5.5555e-07,-5.2624e-07,-4.8816e-07,-4.4128e-07,-3.8548e-07,-3.2061e-07,-2.4648e-07,-1.6287e-07,-6.9546e-08,3.3731e-08,1.4721e-07,2.711e-07,4.0563e-07,5.5093e-07,7.0714e-07,8.7429e-07,1.0524e-06,1.2412e-06,1.4407e-06,1.6505e-06,1.8701e-06,2.0989e-06,2.3364e-06,2.5816e-06,2.8337e-06,3.0913e-06,3.3531e-06,3.6178e-06,3.8839e-06,4.1495e-06,4.4131e-06,4.6728e-06,4.9265e-06,5.1724e-06,5.4084e-06,5.6326e-06,5.843e-06,6.0378e-06,6.215e-06,6.3731e-06,6.5106e-06,6.6261e-06,6.7186e-06,6.7871e-06,6.8312e-06,6.8503e-06,6.8446e-06,6.8142e-06,6.7596e-06,6.6817e-06,6.5815e-06,6.4603e-06,6.3196e-06,6.1613e-06,5.987e-06,5.7989e-06,5.5989e-06,5.3894e-06,5.1723e-06,4.9499e-06,4.7242e-06,4.4972e-06,4.2707e-06,4.0467e-06,3.8266e-06,3.612e-06,3.4048e-06,3.2179e-06
1.8336e-06,1.539e-06,1.2492e-06,9.8402e-07,7.4374e-07,5.271e-07,3.3272e-07,1.592e-07,5.1762e-09,-1.3069e-07,-2.4967e-07,-3.5296e-07,-4.4168e-07,-5.1686e-07,-5.7942e-07,-6.3022e-07,-6.6998e-07,-6.9935e-07,-7.1886e-07,-7.2895e-07,-7.2998e-07,-7.2219e-07,-7.0574e-07,-6.8073e-07,-6.4715e-07,-6.0494e-07,-5.5398e-07,-4.9409e-07,-4.2504e-07,-3.4657e-07,-2.5842e-07,-1.6027e-07,-5.1846e-08,6.7151e-08,1.9698e-07,3.3787e-07,4.8999e-07,6.5346e-07,8.2833e-07,1.0145e-06,1.212e-06,1.4203e-06,1.6393e-06,1.8683e-06,2.1066e-06,2.3536e-06,2.6084e-06,2.8695e-06,3.1358e-06,3.4059e-06,3.6781e-06,3.9508e-06,4.2222e-06,4.4903e-06,4.7531e-06,5.0086e-06,5.2547e-06,5.4892e-06,5.7101e-06,5.9153e-06,6.1029e-06,6.2711e-06,6.4181e-06,6.5425e-06,6.6431e-06,6.7189e-06,6.769e-06,6.7931e-06,6.7909e-06,6.7626e-06,6.7087e-06,6.6298e-06,6.5271e-06,6.4017e-06,6.2552e-06,6.0894e-06,5.9062e-06,5.7077e-06,5.4959e-06,5.2732e-06,5.0419e-06,4.8041e-06,4.5622e-06,4.3182e-06,4.0743e-06,3.8323e-06,3.5939e-06,3.361e-06,3.1357e-06,2.9319e-06
1.7982e-06,1.4888e-06,1.1846e-06,9.0662e-07,6.5508e-07,4.2856e-07,2.2555e-07,4.4492e-08,-1.1614e-07,-2.5782e-07,-3.8196e-07,-4.899e-07,-5.8287e-07,-6.6202e-07,-7.2837e-07,-7.8286e-07,-8.2629e-07,-8.5938e-07,-8.827e-07,-8.9674e-07,-9.0189e-07,-8.984e-07,-8.8645e-07,-8.6614e-07,-8.3746e-07,-8.0032e-07,-7.5459e-07,-7.0006e-07,-6.3646e-07,-5.635e-07,-4.8084e-07,-3.8814e-07,-2.8505e-07,-1.7122e-07,-4.6313e-08,8.996e-08,2.3785e-07,3.9754e-07,5.6915e-07,7.5271e-07,9.4813e-07,1.1552e-06,1.3737e-06,1.6031e-06,1.8427e-06,2.0919e-06,2.3499e-06,2.6153e-06,2.8868e-06,3.163e-06,3.4424e-06,3.7232e-06,4.0035e-06,4.2814e-06,4.5547e-06,4.8214e-06,5.079e-06,5.3255e-06,5.5585e-06,5.7759e-06,5.9756e-06,6.1556e-06,6.3139e-06,6.449e-06,6.5594e-06,6.644e-06,6.7017e-06,6.7321e-06,6.7348e-06,6.7097e-06,6.6574e-06,6.5784e-06,6.4736e-06,6.3445e-06,6.1924e-06,6.0193e-06,5.8269e-06,5.6176e-06,5.3936e-06,5.1572e-06,4.9108e-06,4.6569e-06,4.3979e-06,4.136e-06,3.8735e-06,3.6125e-06,3.355e-06,3.1028e-06,2.8584e-06,2.6371e-06
1.7327e-06,1.4088e-06,1.0907e-06,8.0028e-07,5.3774e-07,3.0156e-07,9.0066e-08,-9.8447e-08,-2.6565e-07,-4.1317e-07,-5.4256e-07,-6.5528e-07,-7.5269e-07,-8.3603e-07,-9.0643e-07,-9.6491e-07,-1.0123e-06,-1.0495e-06,-1.077e-06,-1.0954e-06,-1.1051e-06,-1.1063e-06,-1.0993e-06,-1.0841e-06,-1.0608e-06,-1.0292e-06,-9.8912e-07,-9.4039e-07,-8.8267e-07,-8.1564e-07,-7.389e-07,-6.5205e-07,-5.5467e-07,-4.4636e-07,-3.267e-07,-1.9534e-07,-5.194e-08,1.0375e-07,2.7194e-07,4.5272e-07,6.4609e-07,8.5195e-07,1.07e-06,1.2999e-06,1.5411e-06,1.7929e-06,2.0545e-06,2.3247e-06,2.6021e-06,2.8853e-06,3.1728e-06,3.4627e-06,3.7532e-06,4.0421e-06,4.3273e-06,4.6065e-06,4.8774e-06,5.1375e-06,5.3845e-06,5.616e-06,5.8297e-06,6.0233e-06,6.1949e-06,6.3426e-06,6.4647e-06,6.5599e-06,6.627e-06,6.6653e-06,6.6743e-06,6.6539e-06,6.6043e-06,6.5261e-06,6.4202e-06,6.2878e-06,6.1306e-06,5.9502e-06,5.7488e-06,5.5285e-06,5.2918e-06,5.0412e-06,4.7791e-06,4.5083e-06,4.2312e-06,3.9505e-06,3.6684e-06,3.3874e-06,3.1096e-06,2.8371e-06,2.5727e-06,2.3329e-06
1.6354e-06,1.2974e-06,9.6578e-07,6.6329e-07,3.9005e-07,1.4443e-07,-7.5392e-08,-2.7126e-07,-4.4499e-07,-5.9837e-07,-7.3307e-07,-8.5069e-07,-9.527e-07,-1.0404e-06,-1.1152e-06,-1.1779e-06,-1.2297e-06,-1.2713e-06,-1.3033e-06,-1.3265e-06,-1.3411e-06,-1.3475e-06,-1.3459e-06,-1.3364e-06,-1.3189e-06,-1.2933e-06,-1.2594e-06,-1.217e-06,-1.1657e-06,-1.1051e-06,-1.0348e-06,-9.5425e-07,-8.6307e-07,-7.6073e-07,-6.4676e-07,-5.2071e-07,-3.8218e-07,-2.3083e-07,-6.6358e-08,1.1141e-07,3.0255e-07,5.0704e-07,7.247e-07,9.5521e-07,1.1981e-06,1.4527e-06,1.7182e-06,1.9937e-06,2.2776e-06,2.5685e-06,2.8649e-06,3.165e-06,3.4667e-06,3.768e-06,4.0665e-06,4.3599e-06,4.6456e-06,4.9212e-06,5.184e-06,5.4315e-06,5.6612e-06,5.8707e-06,6.0577e-06,6.2201e-06,6.356e-06,6.4638e-06,6.5423e-06,6.5904e-06,6.6075e-06,6.5932e-06,6.5478e-06,6.4716e-06,6.3656e-06,6.2309e-06,6.069e-06,5.8818e-06,5.6715e-06,5.4402e-06,5.1905e-06,4.9251e-06,4.6468e-06,4.3583e-06,4.0623e-06,3.7617e-06,3.459e-06,3.1569e-06,2.8578e-06,2.5638e-06,2.2782e-06,2.0189e-06
1.5046e-06,1.153e-06,8.0822e-07,4.9399e-07,2.1035e-07,-4.4474e-08,-2.7244e-07,-4.7554e-07,-6.5575e-07,-8.1498e-07,-9.5505e-07,-1.0777e-06,-1.1844e-06,-1.2768e-06,-1.3561e-06,-1.4234e-06,-1.4798e-06,-1.5262e-06,-1.5633e-06,-1.5916e-06,-1.6117e-06,-1.6238e-06,-1.6281e-06,-1.6247e-06,-1.6136e-06,-1.5946e-06,-1.5675e-06,-1.5319e-06,-1.4876e-06,-1.434e-06,-1.3707e-06,-1.2971e-06,-1.2127e-06,-1.1169e-06,-1.0092e-06,-8.8898e-07,-7.5583e-07,-6.0927e-07,-4.4895e-07,-2.7458e-07,-8.5992e-08,1.1688e-07,3.3394e-07,5.6496e-07,8.0952e-07,1.0671e-06,1.3368e-06,1.6178e-06,1.9087e-06,2.208e-06,2.5142e-06,2.8253e-06,3.1394e-06,3.4542e-06,3.7675e-06,4.0766e-06,4.379e-06,4.6719e-06,4.9525e-06,5.2182e-06,5.4662e-06,5.6937e-06,5.8984e-06,6.0779e-06,6.2299e-06,6.3528e-06,6.4448e-06,6.5048e-06,6.532e-06,6.5258e-06,6.4863e-06,6.4136e-06,6.3087e-06,6.1727e-06,6.007e-06,5.8136e-06,5.5945e-06,5.3523e-06,5.0895e-06,4.8091e-06,4.5139e-06,4.2069e-06,3.8912e-06,3.5697e-06,3.2454e-06,2.921e-06,2.5992e-06,2.2825e-06,1.9744e-06,1.6944e-06
1.3386e-06,9.7388e-07,6.1641e-07,2.908e-07,-2.9392e-09,-2.6672e-07,-5.0264e-07,-7.1285e-07,-8.9946e-07,-1.0645e-06,-1.21e-06,-1.3378e-06,-1.4495e-06,-1.5467e-06,-1.6307e-06,-1.703e-06,-1.7644e-06,-1.816e-06,-1.8584e-06,-1.8924e-06,-1.9184e-06,-1.9367e-06,-1.9475e-06,-1.9508e-06,-1.9467e-06,-1.9349e-06,-1.9152e-06,-1.8872e-06,-1.8505e-06,-1.8046e-06,-1.749e-06,-1.683e-06,-1.6061e-06,-1.5176e-06,-1.4167e-06,-1.3031e-06,-1.1759e-06,-1.0348e-06,-8.792e-07,-7.0875e-07,-5.2319e-07,-3.2235e-07,-1.0622e-07,1.2506e-07,3.7115e-07,6.3157e-07,9.0561e-07,1.1925e-06,1.4907e-06,1.7989e-06,2.1155e-06,2.4385e-06,2.766e-06,3.0957e-06,3.4251e-06,3.7516e-06,4.0724e-06,4.3845e-06,4.6852e-06,4.9713e-06,5.2398e-06,5.488e-06,5.7129e-06,5.912e-06,6.0828e-06,6.2233e-06,6.3314e-06,6.4058e-06,6.4454e-06,6.4494e-06,6.4177e-06,6.3504e-06,6.2482e-06,6.1121e-06,5.9436e-06,5.7447e-06,5.5175e-06,5.2646e-06,4.9887e-06,4.693e-06,4.3804e-06,4.0543e-06,3.718e-06,3.3746e-06,3.0275e-06,2.6795e-06,2.3338e-06,1.993e-06,1.6609e-06,1.3589e-06
1.136e-06,7.5852e-07,3.8878e-07,5.2175e-08,-2.5135e-07,-5.2382e-07,-7.6751e-07,-9.8469e-07,-1.1776e-06,-1.3486e-06,-1.4995e-06,-1.6325e-06,-1.7493e-06,-1.8515e-06,-1.9406e-06,-2.0181e-06,-2.0849e-06,-2.142e-06,-2.1904e-06,-2.2305e-06,-2.2629e-06,-2.288e-06,-2.3058e-06,-2.3165e-06,-2.32e-06,-2.3161e-06,-2.3045e-06,-2.2849e-06,-2.2566e-06,-2.2192e-06,-2.1721e-06,-2.1146e-06,-2.0459e-06,-1.9654e-06,-1.8723e-06,-1.766e-06,-1.6457e-06,-1.5107e-06,-1.3606e-06,-1.1948e-06,-1.0129e-06,-8.1463e-07,-5.9993e-07,-3.6882e-07,-1.2151e-07,1.4159e-07,4.1985e-07,7.1262e-07,1.0184e-06,1.3359e-06,1.6635e-06,1.9993e-06,2.3412e-06,2.687e-06,3.0339e-06,3.3793e-06,3.7203e-06,4.0538e-06,4.3766e-06,4.6855e-06,4.9772e-06,5.2486e-06,5.4966e-06,5.7182e-06,5.9106e-06,6.0715e-06,6.1986e-06,6.2902e-06,6.3448e-06,6.3616e-06,6.34e-06,6.2801e-06,6.1824e-06,6.0479e-06,5.878e-06,5.6745e-06,5.4399e-06,5.1767e-06,4.8879e-06,4.5767e-06,4.2464e-06,3.9006e-06,3.5428e-06,3.1765e-06,2.8053e-06,2.4325e-06,2.0614e-06,1.695e-06,1.3375e-06,1.0118e-06
8.9514e-07,5.0541e-07,1.2383e-07,-2.2338e-07,-5.3636e-07,-8.1727e-07,-1.0685e-06,-1.2925e-06,-1.4918e-06,-1.6685e-06,-1.825e-06,-1.9633e-06,-2.0853e-06,-2.1928e-06,-2.2873e-06,-2.3702e-06,-2.4428e-06,-2.506e-06,-2.5607e-06,-2.6075e-06,-2.6469e-06,-2.6793e-06,-2.7049e-06,-2.7236e-06,-2.7355e-06,-2.7403e-06,-2.7376e-06,-2.727e-06,-2.7081e-06,-2.6801e-06,-2.6423e-06,-2.5941e-06,-2.5347e-06,-2.4632e-06,-2.3789e-06,-2.2808e-06,-2.1682e-06,-2.0404e-06,-1.8967e-06,-1.7363e-06,-1.5589e-06,-1.3641e-06,-1.1515e-06,-9.2118e-07,-6.7315e-07,-4.0776e-07,-1.2552e-07,1.7307e-07,4.8655e-07,8.136e-07,1.1527e-06,1.5019e-06,1.8591e-06,2.222e-06,2.5878e-06,2.9538e-06,3.3169e-06,3.6737e-06,4.021e-06,4.3552e-06,4.6728e-06,4.9703e-06,5.2443e-06,5.4914e-06,5.7087e-06,5.8932e-06,6.0425e-06,6.1543e-06,6.227e-06,6.2594e-06,6.2507e-06,6.2007e-06,6.1097e-06,5.9787e-06,5.8089e-06,5.6023e-06,5.3612e-06,5.0883e-06,4.7869e-06,4.4602e-06,4.1119e-06,3.7458e-06,3.3657e-06,2.9755e-06,2.5791e-06,2.1801e-06,1.782e-06,1.3884e-06,1.0037e-06,6.5273e-07
6.1458e-07,2.1308e-07,-1.7987e-07,-5.3729e-07,-8.5938e-07,-1.1485e-06,-1.4071e-06,-1.6378e-06,-1.8432e-06,-2.0257e-06,-2.1878e-06,-2.3315e-06,-2.459e-06,-2.5719e-06,-2.6721e-06,-2.761e-06,-2.8397e-06,-2.9093e-06,-2.9709e-06,-3.0249e-06,-3.0719e-06,-3.1124e-06,-3.1463e-06,-3.1739e-06,-3.1949e-06,-3.2092e-06,-3.2163e-06,-3.2158e-06,-3.2071e-06,-3.1894e-06,-3.1621e-06,-3.1244e-06,-3.0752e-06,-3.0139e-06,-2.9393e-06,-2.8507e-06,-2.747e-06,-2.6274e-06,-2.4911e-06,-2.3374e-06,-2.1655e-06,-1.975e-06,-1.7654e-06,-1.5367e-06,-1.2886e-06,-1.0215e-06,-7.3577e-07,-4.3169e-07,-1.1065e-07,2.2605e-07,5.7689e-07,9.4003e-07,1.3133e-06,1.6944e-06,2.0805e-06,2.4686e-06,2.8556e-06,3.2379e-06,3.6121e-06,3.9742e-06,4.3205e-06,4.6472e-06,4.9504e-06,5.2266e-06,5.4721e-06,5.6838e-06,5.8587e-06,5.9943e-06,6.0885e-06,6.1398e-06,6.147e-06,6.1098e-06,6.0281e-06,5.9028e-06,5.7351e-06,5.527e-06,5.2806e-06,4.999e-06,4.6855e-06,4.3435e-06,3.977e-06,3.5901e-06,3.187e-06,2.7719e-06,2.349e-06,1.9223e-06,1.4957e-06,1.073e-06,6.5921e-07,2.8115e-07
2.9292e-07,-1.1986e-07,-5.237e-07,-8.9092e-07,-1.2218e-06,-1.5187e-06,-1.7845e-06,-2.0218e-06,-2.2333e-06,-2.4216e-06,-2.5893e-06,-2.7386e-06,-2.8717e-06,-2.9904e-06,-3.0965e-06,-3.1916e-06,-3.2769e-06,-3.3535e-06,-3.4224e-06,-3.4843e-06,-3.5396e-06,-3.5888e-06,-3.6319e-06,-3.6691e-06,-3.7001e-06,-3.7248e-06,-3.7427e-06,-3.7532e-06,-3.7558e-06,-3.7496e-06,-3.7339e-06,-3.7077e-06,-3.6701e-06,-3.6201e-06,-3.5566e-06,-3.4787e-06,-3.3852e-06,-3.2752e-06,-3.1476e-06,-3.0017e-06,-2.8366e-06,-2.6516e-06,-2.4462e-06,-2.2201e-06,-1.973e-06,-1.705e-06,-1.4163e-06,-1.1073e-06,-7.7905e-07,-4.328e-07,-7.0051e-08,3.074e-07,6.9744e-07,1.0976e-06,1.5052e-06,1.917e-06,2.3297e-06,2.7396e-06,3.143e-06,3.5358e-06,3.9139e-06,4.273e-06,4.6089e-06,4.9177e-06,5.1953e-06,5.438e-06,5.6425e-06,5.8058e-06,5.9254e-06,5.9992e-06,6.0259e-06,6.0047e-06,5.9354e-06,5.8185e-06,5.6553e-06,5.4475e-06,5.1975e-06,4.9084e-06,4.5834e-06,4.2265e-06,3.8418e-06,3.4338e-06,3.007e-06,2.5659e-06,2.1152e-06,1.6593e-06,1.2025e-06,7.4892e-07,3.04e-07,-1.0321e-07
-7.1208e-08,-4.9474e-07,-9.0897e-07,-1.2856e-06,-1.6249e-06,-1.9294e-06,-2.2021e-06,-2.4458e-06,-2.6634e-06,-2.8575e-06,-3.0309e-06,-3.1859e-06,-3.3247e-06,-3.4495e-06,-3.5619e-06,-3.6636e-06,-3.7559e-06,-3.84e-06,-3.9168e-06,-3.9871e-06,-4.0514e-06,-4.11e-06,-4.1632e-06,-4.2108e-06,-4.2528e-06,-4.2889e-06,-4.3186e-06,-4.3412e-06,-4.3562e-06,-4.3627e-06,-4.3598e-06,-4.3466e-06,-4.3219e-06,-4.2846e-06,-4.2337e-06,-4.1679e-06,-4.0861e-06,-3.9872e-06,-3.8699e-06,-3.7333e-06,-3.5764e-06,-3.3984e-06,-3.1985e-06,-2.9762e-06,-2.7312e-06,-2.4634e-06,-2.1727e-06,-1.8597e-06,-1.5247e-06,-1.1692e-06,-7.9465e-07,-4.0271e-07,4.5181e-09,4.2458e-07,8.5465e-07,1.2916e-06,1.7318e-06,2.1715e-06,2.6067e-06,3.0329e-06,3.4458e-06,3.8407e-06,4.2131e-06,4.5584e-06,4.8722e-06,5.1502e-06,5.3886e-06,5.5839e-06,5.7331e-06,5.8337e-06,5.8838e-06,5.8824e-06,5.829e-06,5.7237e-06,5.5678e-06,5.3627e-06,5.111e-06,4.8158e-06,4.4805e-06,4.1092e-06,3.7065e-06,3.2771e-06,2.8259e-06,2.3579e-06,1.8782e-06,1.3916e-06,9.0273e-07,4.1622e-07,-6.1994e-08,-5.0055e-07
-4.7908e-07,-9.1282e-07,-1.3369e-06,-1.7225e-06,-2.0698e-06,-2.3817e-06,-2.6611e-06,-2.9111e-06,-3.1346e-06,-3.3346e-06,-3.5137e-06,-3.6745e-06,-3.8194e-06,-3.9504e-06,-4.0694e-06,-4.1781e-06,-4.278e-06,-4.3701e-06,-4.4555e-06,-4.5349e-06,-4.6088e-06,-4.6777e-06,-4.7417e-06,-4.8008e-06,-4.8547e-06,-4.9032e-06,-4.9458e-06,-4.9818e-06,-5.0105e-06,-5.031e-06,-5.0423e-06,-5.0434e-06,-5.0331e-06,-5.0102e-06,-4.9734e-06,-4.9215e-06,-4.853e-06,-4.7668e-06,-4.6615e-06,-4.5359e-06,-4.389e-06,-4.2196e-06,-4.0268e-06,-3.81e-06,-3.5685e-06,-3.3022e-06,-3.0108e-06,-2.6946e-06,-2.3537e-06,-1.9896e-06,-1.6036e-06,-1.1972e-06,-7.7255e-07,-3.3202e-07,1.2153e-07,5.8485e-07,1.0543e-06,1.5259e-06,1.9952e-06,2.4578e-06,2.9088e-06,3.3432e-06,3.7559e-06,4.1419e-06,4.4962e-06,4.8141e-06,5.0912e-06,5.3232e-06,5.5068e-06,5.6388e-06,5.717e-06,5.7397e-06,5.7061e-06,5.6162e-06,5.4707e-06,5.2712e-06,5.0202e-06,4.7206e-06,4.3764e-06,3.9917e-06,3.5713e-06,3.1204e-06,2.6443e-06,2.1485e-06,1.6384e-06,1.1195e-06,5.9674e-07,7.5191e-08,-4.3866e-07,-9.109e-07
-9.3191e-07,-1.3753e-06,-1.8088e-06,-2.2028e-06,-2.5578e-06,-2.8767e-06,-3.1626e-06,-3.4187e-06,-3.6481e-06,-3.8539e-06,-4.0389e-06,-4.2057e-06,-4.3568e-06,-4.4943e-06,-4.6204e-06,-4.7365e-06,-4.8443e-06,-4.945e-06,-5.0396e-06,-5.1288e-06,-5.2132e-06,-5.2932e-06,-5.3689e-06,-5.4403e-06,-5.5073e-06,-5.5694e-06,-5.6261e-06,-5.6767e-06,-5.7204e-06,-5.7564e-06,-5.7834e-06,-5.8005e-06,-5.8062e-06,-5.7993e-06,-5.7784e-06,-5.7421e-06,-5.6889e-06,-5.6173e-06,-5.526e-06,-5.4134e-06,-5.2783e-06,-5.1194e-06,-4.9356e-06,-4.7261e-06,-4.4899e-06,-4.2266e-06,-3.936e-06,-3.618e-06,-3.2724e-06,-2.9006e-06,-2.5037e-06,-2.0832e-06,-1.6411e-06,-1.1797e-06,-7.0193e-07,-2.1105e-07,2.8917e-07,7.9459e-07,1.3006e-06,1.8024e-06,2.2948e-06,2.7723e-06,3.2294e-06,3.6606e-06,4.0602e-06,4.423e-06,4.7438e-06,5.0179e-06,5.2412e-06,5.4099e-06,5.5211e-06,5.5728e-06,5.5636e-06,5.4932e-06,5.362e-06,5.1714e-06,4.9238e-06,4.6223e-06,4.2708e-06,3.8738e-06,3.4364e-06,2.9641e-06,2.4627e-06,1.9382e-06,1.3966e-06,8.4369e-07,2.8511e-07,-2.7372e-07,-8.2567e-07,-1.3341e-06
-1.4308e-06,-1.8832e-06,-2.3255e-06,-2.7275e-06,-3.0899e-06,-3.4155e-06,-3.7077e-06,-3.9698e-06,-4.2051e-06,-4.4166e-06,-4.6075e-06,-4.7805e-06,-4.938e-06,-5.0824e-06,-5.2158e-06,-5.3399e-06,-5.4562e-06,-5.566e-06,-5.6703e-06,-5.7701e-06,-5.8657e-06,-5.9577e-06,-6.0461e-06,-6.1309e-06,-6.212e-06,-6.2888e-06,-6.3609e-06,-6.4275e-06,-6.4878e-06,-6.5407e-06,-6.5851e-06,-6.6197e-06,-6.6433e-06,-6.6543e-06,-6.6513e-06,-6.6326e-06,-6.5967e-06,-6.5419e-06,-6.4666e-06,-6.3692e-06,-6.2481e-06,-6.102e-06,-5.9294e-06,-5.7291e-06,-5.5003e-06,-5.2421e-06,-4.9539e-06,-4.6357e-06,-4.2868e-06,-3.9085e-06,-3.5017e-06,-3.0677e-06,-2.6084e-06,-2.1261e-06,-1.6236e-06,-1.1043e-06,-5.7184e-07,-3.0694e-08,5.1441e-07,1.0583e-06,1.5954e-06,2.1198e-06,2.6256e-06,3.1066e-06,3.5566e-06,3.9696e-06,4.3397e-06,4.6616e-06,4.9302e-06,5.1414e-06,5.2914e-06,5.3775e-06,5.398e-06,5.3519e-06,5.2394e-06,5.0616e-06,4.8208e-06,4.5201e-06,4.1634e-06,3.7556e-06,3.3021e-06,2.8088e-06,2.2819e-06,1.728e-06,1.1536e-06,5.6506e-07,-3.1396e-08,-6.2983e-07,-1.2225e-06,-1.7699e-06
-1.9768e-06,-2.4377e-06,-2.8882e-06,-3.2978e-06,-3.667e-06,-3.9991e-06,-4.2973e-06,-4.5653e-06,-4.8063e-06,-5.0237e-06,-5.2206e-06,-5.3998e-06,-5.5641e-06,-5.7156e-06,-5.8567e-06,-5.9891e-06,-6.1144e-06,-6.234e-06,-6.3488e-06,-6.4598e-06,-6.5675e-06,-6.6723e-06,-6.7744e-06,-6.8738e-06,-6.9701e-06,-7.0629e-06,-7.1518e-06,-7.2358e-06,-7.3141e-06,-7.3855e-06,-7.449e-06,-7.5031e-06,-7.5464e-06,-7.5773e-06,-7.5942e-06,-7.5954e-06,-7.579e-06,-7.5433e-06,-7.4864e-06,-7.4066e-06,-7.302e-06,-7.171e-06,-7.012e-06,-6.8236e-06,-6.6044e-06,-6.3534e-06,-6.0699e-06,-5.7534e-06,-5.4032e-06,-5.0199e-06,-4.6044e-06,-4.1579e-06,-3.682e-06,-3.179e-06,-2.6515e-06,-2.103e-06,-1.5372e-06,-9.5863e-07,-3.7224e-07,2.1648e-07,8.0163e-07,1.3769e-06,1.9358e-06,2.4714e-06,2.9771e-06,3.4459e-06,3.8713e-06,4.2471e-06,4.5676e-06,4.8275e-06,5.0226e-06,5.1493e-06,5.2053e-06,5.189e-06,5.1002e-06,4.9398e-06,4.7097e-06,4.413e-06,4.0539e-06,3.6372e-06,3.1688e-06,2.655e-06,2.1026e-06,1.5187e-06,9.1036e-07,2.8462e-07,-3.5176e-07,-9.9225e-07,-1.6284e-06,-2.2175e-06
-2.5709e-06,-3.0396e-06,-3.4977e-06,-3.9144e-06,-4.2901e-06,-4.6283e-06,-4.9324e-06,-5.206e-06,-5.4528e-06,-5.676e-06,-5.879e-06,-6.0647e-06,-6.2358e-06,-6.3949e-06,-6.544e-06,-6.6852e-06,-6.82e-06,-6.9499e-06,-7.0759e-06,-7.1989e-06,-7.3195e-06,-7.4381e-06,-7.5549e-06,-7.6698e-06,-7.7826e-06,-7.8927e-06,-7.9997e-06,-8.1026e-06,-8.2005e-06,-8.2923e-06,-8.3767e-06,-8.4522e-06,-8.5172e-06,-8.5702e-06,-8.6092e-06,-8.6326e-06,-8.6382e-06,-8.6241e-06,-8.5882e-06,-8.5286e-06,-8.4432e-06,-8.3301e-06,-8.1874e-06,-8.0134e-06,-7.8066e-06,-7.5654e-06,-7.289e-06,-6.9764e-06,-6.6272e-06,-6.2408e-06,-5.8183e-06,-5.3606e-06,-4.8691e-06,-4.3459e-06,-3.7936e-06,-3.2155e-06,-2.6154e-06,-1.998e-06,-1.3682e-06,-7.3199e-07,-9.5512e-08,5.3447e-07,1.1508e-06,1.7462e-06,2.313e-06,2.8436e-06,3.3308e-06,3.7672e-06,4.1463e-06,4.462e-06,4.7091e-06,4.8832e-06,4.9812e-06,5.001e-06,4.9417e-06,4.8038e-06,4.5889e-06,4.3002e-06,3.9417e-06,3.5186e-06,3.037e-06,2.5037e-06,1.926e-06,1.3116e-06,6.6825e-07,3.6793e-09,-6.7471e-07,-1.3598e-06,-2.0424e-06,-2.6762e-06
-3.2139e-06,-3.6897e-06,-4.1549e-06,-4.5781e-06,-4.96e-06,-5.3039e-06,-5.6136e-06,-5.8929e-06,-6.1453e-06,-6.3744e-06,-6.5835e-06,-6.7758e-06,-6.9541e-06,-7.1209e-06,-7.2785e-06,-7.4289e-06,-7.5737e-06,-7.7145e-06,-7.8523e-06,-7.9881e-06,-8.1225e-06,-8.2558e-06,-8.3883e-06,-8.5199e-06,-8.6503e-06,-8.7791e-06,-8.9056e-06,-9.029e-06,-9.1482e-06,-9.2621e-06,-9.3692e-06,-9.4681e-06,-9.5571e-06,-9.6343e-06,-9.6979e-06,-9.7459e-06,-9.7761e-06,-9.7863e-06,-9.7743e-06,-9.7378e-06,-9.6745e-06,-9.5823e-06,-9.4589e-06,-9.3023e-06,-9.1107e-06,-8.8824e-06,-8.6159e-06,-8.31e-06,-7.9641e-06,-7.577e-06,-7.1495e-06,-6.6823e-06,-6.1766e-06,-5.6342e-06,-5.0576e-06,-4.4499e-06,-3.8149e-06,-3.1574e-06,-2.4825e-06,-1.7963e-06,-1.1054e-06,-4.1688e-07,2.6148e-07,9.2165e-07,1.5553e-06,2.1541e-06,2.7096e-06,3.2137e-06,3.6589e-06,4.0379e-06,4.3446e-06,4.5737e-06,4.7211e-06,4.7838e-06,4.7605e-06,4.6511e-06,4.4568e-06,4.1806e-06,3.8265e-06,3.3999e-06,2.9072e-06,2.3557e-06,1.7531e-06,1.108e-06,4.2878e-07,-2.7616e-07,-9.9866e-07,-1.7309e-06,-2.4629e-06,-3.1447e-06
-3.9064e-06,-4.3887e-06,-4.8604e-06,-5.2897e-06,-5.6772e-06,-6.0267e-06,-6.3418e-06,-6.6264e-06,-6.8844e-06,-7.1194e-06,-7.3348e-06,-7.5338e-06,-7.7194e-06,-7.8943e-06,-8.0607e-06,-8.2207e-06,-8.3761e-06,-8.5284e-06,-8.6787e-06,-8.828e-06,-8.977e-06,-9.1259e-06,-9.2752e-06,-9.4246e-06,-9.5739e-06,-9.7227e-06,-9.8702e-06,-1.0016e-05,-1.0158e-05,-1.0296e-05,-1.0427e-05,-1.0552e-05,-1.0667e-05,-1.0771e-05,-1.0861e-05,-1.0937e-05,-1.0994e-05,-1.1032e-05,-1.1046e-05,-1.1036e-05,-1.0998e-05,-1.093e-05,-1.0829e-05,-1.0693e-05,-1.052e-05,-1.0308e-05,-1.0055e-05,-9.7585e-06,-9.4187e-06,-9.0336e-06,-8.6037e-06,-8.1293e-06,-7.6111e-06,-7.0509e-06,-6.4509e-06,-5.8139e-06,-5.144e-06,-4.4455e-06,-3.724e-06,-2.9856e-06,-2.2373e-06,-1.4866e-06,-7.4182e-07,-1.169e-08,6.947e-07,1.368e-06,1.999e-06,2.5784e-06,3.0975e-06,3.548e-06,3.9226e-06,4.2149e-06,4.4197e-06,4.5333e-06,4.5533e-06,4.4791e-06,4.3115e-06,4.0531e-06,3.7078e-06,3.2813e-06,2.7801e-06,2.212e-06,1.5855e-06,9.0972e-07,1.9381e-07,-5.5297e-07,-1.3217e-06,-2.1038e-06,-2.8884e-06,-3.6214e-06
-4.6491e-06,-5.1373e-06,-5.6149e-06,-6.0497e-06,-6.4426e-06,-6.7972e-06,-7.1175e-06,-7.4074e-06,-7.6709e-06,-7.9117e-06,-8.1334e-06,-8.3393e-06,-8.5325e-06,-8.7156e-06,-8.8912e-06,-9.0612e-06,-9.2277e-06,-9.392e-06,-9.5554e-06,-9.719e-06,-9.8833e-06,-1.0049e-05,-1.0216e-05,-1.0384e-05,-1.0554e-05,-1.0724e-05,-1.0894e-05,-1.1063e-05,-1.123e-05,-1.1393e-05,-1.1552e-05,-1.1704e-05,-1.1847e-05,-1.198e-05,-1.2101e-05,-1.2206e-05,-1.2294e-05,-1.2361e-05,-1.2406e-05,-1.2425e-05,-1.2416e-05,-1.2375e-05,-1.23e-05,-1.2189e-05,-1.2038e-05,-1.1845e-05,-1.1608e-05,-1.1326e-05,-1.0995e-05,-1.0615e-05,-1.0186e-05,-9.7068e-06,-9.1786e-06,-8.6024e-06,-7.9803e-06,-7.315e-06,-6.6102e-06,-5.8705e-06,-5.1012e-06,-4.3088e-06,-3.5004e-06,-2.684e-06,-1.8686e-06,-1.0634e-06,-2.7839e-07,4.7617e-07,1.1899e-06,1.8524e-06,2.4538e-06,2.9846e-06,3.436e-06,3.8005e-06,4.0717e-06,4.2447e-06,4.3163e-06,4.2849e-06,4.1508e-06,3.9163e-06,3.5851e-06,3.1628e-06,2.6564e-06,2.074e-06,1.4248e-06,7.1863e-07,-3.4505e-08,-8.2447e-07,-1.6415e-06,-2.4761e-06,-3.3165e-06,-4.1044e-06
-5.4426e-06,-5.9359e-06,-6.4188e-06,-6.8586e-06,-7.2564e-06,-7.6159e-06,-7.9411e-06,-8.2361e-06,-8.505e-06,-8.7517e-06,-8.9797e-06,-9.1926e-06,-9.3935e-06,-9.5852e-06,-9.7702e-06,-9.9507e-06,-1.0129e-05,-1.0305e-05,-1.0483e-05,-1.0661e-05,-1.0842e-05,-1.1024e-05,-1.121e-05,-1.1398e-05,-1.1589e-05,-1.1782e-05,-1.1976e-05,-1.217e-05,-1.2363e-05,-1.2555e-05,-1.2742e-05,-1.2924e-05,-1.3098e-05,-1.3263e-05,-1.3415e-05,-1.3553e-05,-1.3674e-05,-1.3775e-05,-1.3853e-05,-1.3905e-05,-1.3928e-05,-1.3918e-05,-1.3874e-05,-1.379e-05,-1.3665e-05,-1.3496e-05,-1.328e-05,-1.3014e-05,-1.2697e-05,-1.2326e-05,-1.19e-05,-1.142e-05,-1.0884e-05,-1.0294e-05,-9.652e-06,-8.9597e-06,-8.2209e-06,-7.4399e-06,-6.6222e-06,-5.7743e-06,-4.9035e-06,-4.0184e-06,-3.1281e-06,-2.2429e-06,-1.3735e-06,-5.3099e-07,2.7297e-07,1.0269e-06,1.7194e-06,2.3396e-06,2.8775e-06,3.3239e-06,3.6712e-06,3.9131e-06,4.0453e-06,4.0653e-06,3.9727e-06,3.769e-06,3.4579e-06,3.0449e-06,2.5371e-06,1.9432e-06,1.273e-06,5.3707e-07,-2.536e-07,-1.088e-06,-1.9552e-06,-2.8451e-06,-3.7447e-06,-4.591e-06
-6.287e-06,-6.7849e-06,-7.2724e-06,-7.7168e-06,-8.1191e-06,-8.4832e-06,-8.8131e-06,-9.113e-06,-9.3873e-06,-9.6397e-06,-9.8741e-06,-1.0094e-05,-1.0303e-05,-1.0503e-05,-1.0698e-05,-1.0889e-05,-1.1079e-05,-1.1269e-05,-1.146e-05,-1.1654e-05,-1.1852e-05,-1.2053e-05,-1.2258e-05,-1.2467e-05,-1.2681e-05,-1.2897e-05,-1.3116e-05,-1.3337e-05,-1.3559e-05,-1.3779e-05,-1.3997e-05,-1.4211e-05,-1.4419e-05,-1.4617e-05,-1.4805e-05,-1.4979e-05,-1.5136e-05,-1.5273e-05,-1.5388e-05,-1.5476e-05,-1.5535e-05,-1.5561e-05,-1.555e-05,-1.5499e-05,-1.5404e-05,-1.5262e-05,-1.5071e-05,-1.4826e-05,-1.4526e-05,-1.4168e-05,-1.375e-05,-1.3271e-05,-1.2731e-05,-1.2131e-05,-1.1471e-05,-1.0754e-05,-9.9821e-06,-9.1605e-06,-8.2943e-06,-7.3899e-06,-6.4549e-06,-5.4982e-06,-4.5295e-06,-3.5595e-06,-2.5998e-06,-1.6628e-06,-7.61e-07,9.2675e-08,8.8543e-07,1.6049e-06,2.2393e-06,2.7781e-06,3.212e-06,3.5333e-06,3.7362e-06,3.8171e-06,3.7747e-06,3.6099e-06,3.3257e-06,2.9277e-06,2.4232e-06,1.8213e-06,1.1323e-06,3.6772e-07,-4.6049e-07,-1.3402e-06,-2.2597e-06,-3.2076e-06,-4.1698e-06,-5.0783e-06
-7.1827e-06,-7.6845e-06,-8.1761e-06,-8.6246e-06,-9.031e-06,-9.3993e-06,-9.7337e-06,-1.0038e-05,-1.0318e-05,-1.0576e-05,-1.0817e-05,-1.1044e-05,-1.1261e-05,-1.147e-05,-1.1674e-05,-1.1877e-05,-1.2079e-05,-1.2282e-05,-1.2488e-05,-1.2698e-05,-1.2913e-05,-1.3133e-05,-1.3359e-05,-1.359e-05,-1.3827e-05,-1.4068e-05,-1.4314e-05,-1.4563e-05,-1.4815e-05,-1.5066e-05,-1.5317e-05,-1.5565e-05,-1.5808e-05,-1.6043e-05,-1.6268e-05,-1.6481e-05,-1.6677e-05,-1.6855e-05,-1.7009e-05,-1.7138e-05,-1.7236e-05,-1.7301e-05,-1.7328e-05,-1.7313e-05,-1.7253e-05,-1.7143e-05,-1.6981e-05,-1.6762e-05,-1.6483e-05,-1.6143e-05,-1.5737e-05,-1.5264e-05,-1.4724e-05,-1.4116e-05,-1.3441e-05,-1.2701e-05,-1.1899e-05,-1.1038e-05,-1.0124e-05,-9.1625e-06,-8.162e-06,-7.1314e-06,-6.0809e-06,-5.0217e-06,-3.9665e-06,-2.9283e-06,-1.9211e-06,-9.5913e-07,-5.6712e-08,7.721e-07,1.5139e-06,2.1562e-06,2.6879e-06,3.0998e-06,3.3844e-06,3.5369e-06,3.5545e-06,3.4374e-06,3.1881e-06,2.8119e-06,2.3162e-06,1.7103e-06,1.0054e-06,2.1369e-07,-6.5171e-07,-1.5776e-06,-2.5511e-06,-3.5597e-06,-4.588e-06,-5.5626e-06
-8.1298e-06,-8.6348e-06,-9.13e-06,-9.5821e-06,-9.9923e-06,-1.0365e-05,-1.0703e-05,-1.1012e-05,-1.1297e-05,-1.1561e-05,-1.1808e-05,-1.2042e-05,-1.2267e-05,-1.2485e-05,-1.2699e-05,-1.2913e-05,-1.3127e-05,-1.3344e-05,-1.3565e-05,-1.3792e-05,-1.4025e-05,-1.4264e-05,-1.4511e-05,-1.4765e-05,-1.5026e-05,-1.5294e-05,-1.5568e-05,-1.5847e-05,-1.6129e-05,-1.6414e-05,-1.6699e-05,-1.6983e-05,-1.7264e-05,-1.7538e-05,-1.7804e-05,-1.8058e-05,-1.8296e-05,-1.8517e-05,-1.8715e-05,-1.8887e-05,-1.9029e-05,-1.9137e-05,-1.9206e-05,-1.9232e-05,-1.9211e-05,-1.9138e-05,-1.901e-05,-1.8821e-05,-1.8569e-05,-1.825e-05,-1.7861e-05,-1.7399e-05,-1.6862e-05,-1.6251e-05,-1.5566e-05,-1.4806e-05,-1.3975e-05,-1.3077e-05,-1.2116e-05,-1.1098e-05,-1.0031e-05,-8.9249e-06,-7.7897e-06,-6.6376e-06,-5.4815e-06,-4.336e-06,-3.216e-06,-2.1372e-06,-1.1155e-06,-1.6694e-07,6.9332e-07,1.4508e-06,2.0925e-06,2.6071e-06,2.9855e-06,3.2209e-06,3.3095e-06,3.2502e-06,3.0448e-06,2.6981e-06,2.2174e-06,1.6126e-06,8.9522e-07,7.858e-08,-8.2324e-07,-1.7958e-06,-2.8249e-06,-3.8968e-06,-4.9947e-06,-6.0396e-06
-9.1282e-06,-9.6359e-06,-1.0134e-05,-1.0589e-05,-1.1003e-05,-1.1379e-05,-1.1721e-05,-1.2035e-05,-1.2325e-05,-1.2594e-05,-1.2847e-05,-1.3088e-05,-1.3321e-05,-1.3548e-05,-1.3773e-05,-1.3997e-05,-1.4224e-05,-1.4455e-05,-1.4691e-05,-1.4935e-05,-1.5186e-05,-1.5445e-05,-1.5714e-05,-1.5992e-05,-1.6278e-05,-1.6573e-05,-1.6876e-05,-1.7185e-05,-1.7501e-05,-1.782e-05,-1.8142e-05,-1.8464e-05,-1.8784e-05,-1.91e-05,-1.9408e-05,-1.9706e-05,-1.999e-05,-2.0257e-05,-2.0502e-05,-2.0722e-05,-2.0911e-05,-2.1066e-05,-2.1182e-05,-2.1254e-05,-2.1276e-05,-2.1245e-05,-2.1155e-05,-2.1002e-05,-2.0781e-05,-2.0489e-05,-2.0121e-05,-1.9675e-05,-1.9147e-05,-1.8537e-05,-1.7844e-05,-1.7069e-05,-1.6213e-05,-1.528e-05,-1.4273e-05,-1.32e-05,-1.2067e-05,-1.0884e-05,-9.6622e-06,-8.4136e-06,-7.1523e-06,-5.8935e-06,-4.6535e-06,-3.4495e-06,-2.2991e-06,-1.2201e-06,-2.2982e-07,6.5513e-07,1.4195e-06,2.0498e-06,2.5348e-06,2.8659e-06,3.0374e-06,3.047e-06,2.8956e-06,2.5871e-06,2.1289e-06,1.5309e-06,8.0539e-07,-3.3479e-08,-9.7047e-07,-1.9898e-06,-3.0759e-06,-4.2137e-06,-5.3849e-06,-6.5041e-06
-1.0178e-05,-1.0688e-05,-1.1188e-05,-1.1646e-05,-1.2063e-05,-1.2442e-05,-1.2789e-05,-1.3107e-05,-1.3401e-05,-1.3675e-05,-1.3935e-05,-1.4183e-05,-1.4423e-05,-1.4659e-05,-1.4893e-05,-1.5129e-05,-1.5368e-05,-1.5613e-05,-1.5865e-05,-1.6125e-05,-1.6395e-05,-1.6675e-05,-1.6966e-05,-1.7267e-05,-1.758e-05,-1.7903e-05,-1.8235e-05,-1.8577e-05,-1.8926e-05,-1.9281e-05,-1.9641e-05,-2.0003e-05,-2.0365e-05,-2.0724e-05,-2.1078e-05,-2.1423e-05,-2.1755e-05,-2.2071e-05,-2.2367e-05,-2.2638e-05,-2.2878e-05,-2.3085e-05,-2.3251e-05,-2.3372e-05,-2.3443e-05,-2.3459e-05,-2.3412e-05,-2.33e-05,-2.3116e-05,-2.2856e-05,-2.2515e-05,-2.2089e-05,-2.1575e-05,-2.0972e-05,-2.0277e-05,-1.949e-05,-1.8612e-05,-1.7647e-05,-1.6598e-05,-1.5471e-05,-1.4273e-05,-1.3013e-05,-1.1703e-05,-1.0355e-05,-8.9847e-06,-7.6072e-06,-6.2406e-06,-4.9033e-06,-3.6147e-06,-2.3947e-06,-1.2626e-06,-2.3762e-07,6.6271e-07,1.4224e-06,2.0279e-06,2.4682e-06,2.7359e-06,2.8267e-06,2.7404e-06,2.4801e-06,2.0528e-06,1.4685e-06,7.3995e-07,-1.1772e-07,-1.0881e-06,-2.1539e-06,-3.2982e-06,-4.5043e-06,-5.7522e-06,-6.95e-06
-1.1278e-05,-1.179e-05,-1.2293e-05,-1.2753e-05,-1.3173e-05,-1.3555e-05,-1.3905e-05,-1.4227e-05,-1.4525e-05,-1.4805e-05,-1.507e-05,-1.5325e-05,-1.5572e-05,-1.5817e-05,-1.6061e-05,-1.6307e-05,-1.6559e-05,-1.6817e-05,-1.7084e-05,-1.7362e-05,-1.765e-05,-1.7951e-05,-1.8264e-05,-1.859e-05,-1.8928e-05,-1.928e-05,-1.9643e-05,-2.0017e-05,-2.0401e-05,-2.0794e-05,-2.1193e-05,-2.1596e-05,-2.2002e-05,-2.2407e-05,-2.2809e-05,-2.3203e-05,-2.3586e-05,-2.3955e-05,-2.4304e-05,-2.4629e-05,-2.4925e-05,-2.5186e-05,-2.5408e-05,-2.5584e-05,-2.5708e-05,-2.5774e-05,-2.5777e-05,-2.571e-05,-2.5568e-05,-2.5346e-05,-2.5037e-05,-2.4638e-05,-2.4143e-05,-2.3551e-05,-2.2859e-05,-2.2065e-05,-2.1171e-05,-2.0178e-05,-1.909e-05,-1.7911e-05,-1.6649e-05,-1.5313e-05,-1.3914e-05,-1.2466e-05,-1.0983e-05,-9.4822e-06,-7.9828e-06,-6.5045e-06,-5.0687e-06,-3.697e-06,-2.4115e-06,-1.2335e-06,-1.8344e-07,7.2003e-07,1.4606e-06,2.0248e-06,2.4028e-06,2.5884e-06,2.5797e-06,2.3787e-06,1.9919e-06,1.429e-06,7.0355e-07,-1.6869e-07,-1.17e-06,-2.2816e-06,-3.4849e-06,-4.7616e-06,-6.0898e-06,-7.3705e-06
-1.2429e-05,-1.2942e-05,-1.3447e-05,-1.3909e-05,-1.4331e-05,-1.4717e-05,-1.507e-05,-1.5395e-05,-1.5698e-05,-1.5982e-05,-1.6253e-05,-1.6514e-05,-1.6768e-05,-1.7021e-05,-1.7274e-05,-1.7531e-05,-1.7795e-05,-1.8066e-05,-1.8348e-05,-1.8642e-05,-1.8949e-05,-1.927e-05,-1.9606e-05,-1.9956e-05,-2.0321e-05,-2.0701e-05,-2.1096e-05,-2.1503e-05,-2.1923e-05,-2.2354e-05,-2.2794e-05,-2.324e-05,-2.3691e-05,-2.4144e-05,-2.4595e-05,-2.504e-05,-2.5477e-05,-2.5901e-05,-2.6307e-05,-2.669e-05,-2.7044e-05,-2.7365e-05,-2.7645e-05,-2.788e-05,-2.8062e-05,-2.8184e-05,-2.8241e-05,-2.8225e-05,-2.8131e-05,-2.7952e-05,-2.7681e-05,-2.7314e-05,-2.6845e-05,-2.627e-05,-2.5586e-05,-2.4791e-05,-2.3885e-05,-2.2869e-05,-2.1745e-05,-2.0518e-05,-1.9195e-05,-1.7784e-05,-1.6297e-05,-1.4747e-05,-1.3149e-05,-1.1521e-05,-9.8838e-06,-8.2577e-06,-6.6659e-06,-5.1325e-06,-3.6818e-06,-2.3378e-06,-1.1239e-06,-6.177e-08,8.293e-07,1.533e-06,2.0366e-06,2.3316e-06,2.4142e-06,2.2849e-06,1.9493e-06,1.417e-06,7.0158e-07,-1.8013e-07,-1.2092e-06,-2.3653e-06,-3.628e-06,-4.9774e-06,-6.3893e-06,-7.7573e-06
-1.363e-05,-1.4144e-05,-1.465e-05,-1.5115e-05,-1.5539e-05,-1.5927e-05,-1.6283e-05,-1.6612e-05,-1.6918e-05,-1.7207e-05,-1.7483e-05,-1.7749e-05,-1.8011e-05,-1.8271e-05,-1.8533e-05,-1.88e-05,-1.9074e-05,-1.9359e-05,-1.9655e-05,-1.9965e-05,-2.029e-05,-2.0631e-05,-2.0988e-05,-2.1363e-05,-2.1755e-05,-2.2164e-05,-2.2589e-05,-2.3031e-05,-2.3487e-05,-2.3957e-05,-2.4438e-05,-2.4928e-05,-2.5426e-05,-2.5927e-05,-2.643e-05,-2.6929e-05,-2.7422e-05,-2.7903e-05,-2.8368e-05,-2.8812e-05,-2.9228e-05,-2.9612e-05,-2.9955e-05,-3.0252e-05,-3.0496e-05,-3.068e-05,-3.0796e-05,-3.0837e-05,-3.0795e-05,-3.0664e-05,-3.0438e-05,-3.0108e-05,-2.9671e-05,-2.9119e-05,-2.845e-05,-2.766e-05,-2.6747e-05,-2.5713e-05,-2.4558e-05,-2.3288e-05,-2.1907e-05,-2.0423e-05,-1.8849e-05,-1.7197e-05,-1.5483e-05,-1.3726e-05,-1.1945e-05,-1.0165e-05,-8.4096e-06,-6.7047e-06,-5.0774e-06,-3.5546e-06,-2.1627e-06,-9.2657e-07,1.3103e-07,9.905e-07,1.636e-06,2.0564e-06,2.2451e-06,2.2013e-06,1.9289e-06,1.4373e-06,7.4025e-07,-1.4489e-07,-1.1978e-06,-2.3965e-06,-3.7187e-06,-5.1425e-06,-6.6415e-06,-8.1013e-06
-1.488e-05,-1.5395e-05,-1.5903e-05,-1.6369e-05,-1.6796e-05,-1.7186e-05,-1.7545e-05,-1.7877e-05,-1.8187e-05,-1.8479e-05,-1.8759e-05,-1.9031e-05,-1.9298e-05,-1.9565e-05,-1.9834e-05,-2.011e-05,-2.0395e-05,-2.0692e-05,-2.1002e-05,-2.1327e-05,-2.1669e-05,-2.2029e-05,-2.2408e-05,-2.2807e-05,-2.3225e-05,-2.3662e-05,-2.4119e-05,-2.4594e-05,-2.5087e-05,-2.5596e-05,-2.6119e-05,-2.6654e-05,-2.7199e-05,-2.7751e-05,-2.8306e-05,-2.8861e-05,-2.9412e-05,-2.9953e-05,-3.048e-05,-3.0987e-05,-3.1469e-05,-3.1918e-05,-3.2328e-05,-3.2692e-05,-3.3002e-05,-3.3251e-05,-3.3431e-05,-3.3533e-05,-3.355e-05,-3.3473e-05,-3.3296e-05,-3.3011e-05,-3.261e-05,-3.2088e-05,-3.144e-05,-3.066e-05,-2.9748e-05,-2.8701e-05,-2.7521e-05,-2.6211e-05,-2.4776e-05,-2.3224e-05,-2.1565e-05,-1.9813e-05,-1.7983e-05,-1.6093e-05,-1.4167e-05,-1.2227e-05,-1.0301e-05,-8.4155e-06,-6.6008e-06,-4.8865e-06,-3.3024e-06,-1.8768e-06,-6.362e-07,3.9615e-07,1.2009e-06,1.7634e-06,2.0746e-06,2.1311e-06,1.9355e-06,1.4961e-06,8.2665e-07,-5.48e-08,-1.1267e-06,-2.3655e-06,-3.7467e-06,-5.2464e-06,-6.8358e-06,-8.3916e-06
-1.6179e-05,-1.6695e-05,-1.7204e-05,-1.7672e-05,-1.8101e-05,-1.8493e-05,-1.8855e-05,-1.9189e-05,-1.9502e-05,-1.9798e-05,-2.0081e-05,-2.0357e-05,-2.0629e-05,-2.0902e-05,-2.1178e-05,-2.1462e-05,-2.1756e-05,-2.2063e-05,-2.2386e-05,-2.2725e-05,-2.3083e-05,-2.3462e-05,-2.3861e-05,-2.4283e-05,-2.4726e-05,-2.5192e-05,-2.568e-05,-2.6188e-05,-2.6718e-05,-2.7266e-05,-2.7831e-05,-2.8412e-05,-2.9005e-05,-2.9608e-05,-3.0217e-05,-3.0828e-05,-3.1438e-05,-3.2041e-05,-3.2632e-05,-3.3205e-05,-3.3754e-05,-3.4272e-05,-3.4752e-05,-3.5187e-05,-3.5567e-05,-3.5886e-05,-3.6133e-05,-3.6302e-05,-3.6382e-05,-3.6365e-05,-3.6243e-05,-3.6007e-05,-3.565e-05,-3.5164e-05,-3.4542e-05,-3.378e-05,-3.2874e-05,-3.1821e-05,-3.0622e-05,-2.9279e-05,-2.7795e-05,-2.6178e-05,-2.4437e-05,-2.2586e-05,-2.0641e-05,-1.8619e-05,-1.6545e-05,-1.4442e-05,-1.2338e-05,-1.0264e-05,-8.252e-06,-6.3342e-06,-4.544e-06,-2.9135e-06,-1.4731e-06,-2.5024e-07,7.3174e-07,1.4545e-06,1.9055e-06,2.0786e-06,1.9745e-06,1.6002e-06,9.6899e-07,9.9442e-08,-9.8575e-07,-2.2612e-06,-3.7004e-06,-5.277e-06,-6.9598e-06,-8.6162e-06
-1.7526e-05,-1.8043e-05,-1.8553e-05,-1.9024e-05,-1.9454e-05,-1.9849e-05,-2.0213e-05,-2.0549e-05,-2.0865e-05,-2.1163e-05,-2.1449e-05,-2.1728e-05,-2.2004e-05,-2.2281e-05,-2.2562e-05,-2.2853e-05,-2.3155e-05,-2.3471e-05,-2.3804e-05,-2.4156e-05,-2.4529e-05,-2.4925e-05,-2.5344e-05,-2.5787e-05,-2.6255e-05,-2.6747e-05,-2.7265e-05,-2.7807e-05,-2.8372e-05,-2.8959e-05,-2.9566e-05,-3.0192e-05,-3.0834e-05,-3.1488e-05,-3.2152e-05,-3.2821e-05,-3.3491e-05,-3.4157e-05,-3.4814e-05,-3.5455e-05,-3.6074e-05,-3.6663e-05,-3.7216e-05,-3.7724e-05,-3.8178e-05,-3.857e-05,-3.889e-05,-3.9129e-05,-3.9277e-05,-3.9325e-05,-3.9263e-05,-3.9083e-05,-3.8775e-05,-3.8331e-05,-3.7743e-05,-3.7004e-05,-3.6111e-05,-3.5058e-05,-3.3846e-05,-3.2475e-05,-3.0948e-05,-2.9271e-05,-2.7454e-05,-2.5508e-05,-2.3449e-05,-2.1296e-05,-1.9072e-05,-1.6802e-05,-1.4517e-05,-1.2248e-05,-1.0029e-05,-7.8961e-06,-5.8864e-06,-4.0357e-06,-2.3788e-06,-9.474e-07,2.3055e-07,1.1324e-06,1.7418e-06,2.0492e-06,2.0527e-06,1.7576e-06,1.1766e-06,3.2844e-07,-7.6321e-07,-2.0712e-06,-3.5667e-06,-5.221e-06,-6.9998e-06,-8.7611e-06
-1.8921e-05,-1.9439e-05,-1.9951e-05,-2.0423e-05,-2.0856e-05,-2.1253e-05,-2.1618e-05,-2.1957e-05,-2.2274e-05,-2.2573e-05,-2.2861e-05,-2.3142e-05,-2.342e-05,-2.37e-05,-2.3985e-05,-2.428e-05,-2.4588e-05,-2.4912e-05,-2.5254e-05,-2.5617e-05,-2.6003e-05,-2.6413e-05,-2.685e-05,-2.7313e-05,-2.7804e-05,-2.8322e-05,-2.8869e-05,-2.9442e-05,-3.0042e-05,-3.0668e-05,-3.1317e-05,-3.1987e-05,-3.2677e-05,-3.3383e-05,-3.4102e-05,-3.4829e-05,-3.556e-05,-3.6291e-05,-3.7014e-05,-3.7724e-05,-3.8415e-05,-3.9078e-05,-3.9706e-05,-4.0289e-05,-4.082e-05,-4.1289e-05,-4.1685e-05,-4.1998e-05,-4.2219e-05,-4.2336e-05,-4.234e-05,-4.222e-05,-4.1967e-05,-4.1571e-05,-4.1022e-05,-4.0314e-05,-3.944e-05,-3.8395e-05,-3.7176e-05,-3.5784e-05,-3.422e-05,-3.2489e-05,-3.06e-05,-2.8563e-05,-2.6394e-05,-2.4111e-05,-2.1738e-05,-1.93e-05,-1.683e-05,-1.4359e-05,-1.1926e-05,-9.568e-06,-7.3262e-06,-5.2406e-06,-3.3504e-06,-1.6923e-06,-2.9921e-07,8.0147e-07,1.5888e-06,2.0493e-06,2.1779e-06,1.9778e-06,1.4604e-06,6.4424e-07,-4.4591e-07,-1.7812e-06,-3.3307e-06,-5.0628e-06,-6.9403e-06,-8.8107e-06
-2.0361e-05,-2.0881e-05,-2.1396e-05,-2.1871e-05,-2.2306e-05,-2.2705e-05,-2.3072e-05,-2.3412e-05,-2.3729e-05,-2.4029e-05,-2.4318e-05,-2.4599e-05,-2.4877e-05,-2.5158e-05,-2.5445e-05,-2.5742e-05,-2.6054e-05,-2.6382e-05,-2.6731e-05,-2.7103e-05,-2.75e-05,-2.7923e-05,-2.8375e-05,-2.8856e-05,-2.9368e-05,-2.991e-05,-3.0484e-05,-3.1088e-05,-3.1721e-05,-3.2384e-05,-3.3073e-05,-3.3788e-05,-3.4526e-05,-3.5283e-05,-3.6056e-05,-3.6842e-05,-3.7634e-05,-3.8429e-05,-3.922e-05,-4.0001e-05,-4.0764e-05,-4.1502e-05,-4.2207e-05,-4.2869e-05,-4.3478e-05,-4.4026e-05,-4.4501e-05,-4.4893e-05,-4.5189e-05,-4.538e-05,-4.5454e-05,-4.54e-05,-4.5206e-05,-4.4864e-05,-4.4361e-05,-4.3689e-05,-4.284e-05,-4.1809e-05,-4.0591e-05,-3.9185e-05,-3.7591e-05,-3.5812e-05,-3.3857e-05,-3.1734e-05,-2.9459e-05,-2.7049e-05,-2.4529e-05,-2.1923e-05,-1.9265e-05,-1.6589e-05,-1.3935e-05,-1.1343e-05,-8.857e-06,-6.5224e-06,-4.3827e-06,-2.4799e-06,-8.5215e-07,4.6766e-07,1.4534e-06,2.0871e-06,2.3597e-06,2.2716e-06,1.8325e-06,1.0605e-06,-1.8962e-08,-1.3755e-06,-2.9757e-06,-4.7852e-06,-6.7636e-06,-8.7473e-06
-2.1848e-05,-2.2371e-05,-2.2889e-05,-2.3367e-05,-2.3805e-05,-2.4205e-05,-2.4574e-05,-2.4914e-05,-2.5231e-05,-2.5531e-05,-2.5817e-05,-2.6097e-05,-2.6374e-05,-2.6653e-05,-2.6939e-05,-2.7236e-05,-2.7549e-05,-2.788e-05,-2.8232e-05,-2.861e-05,-2.9015e-05,-2.9448e-05,-2.9913e-05,-3.041e-05,-3.094e-05,-3.1505e-05,-3.2103e-05,-3.2735e-05,-3.3401e-05,-3.4099e-05,-3.4828e-05,-3.5585e-05,-3.6369e-05,-3.7177e-05,-3.8004e-05,-3.8847e-05,-3.9701e-05,-4.056e-05,-4.1419e-05,-4.2271e-05,-4.3108e-05,-4.3922e-05,-4.4704e-05,-4.5446e-05,-4.6136e-05,-4.6765e-05,-4.7322e-05,-4.7794e-05,-4.817e-05,-4.8438e-05,-4.8586e-05,-4.8601e-05,-4.8472e-05,-4.8188e-05,-4.7736e-05,-4.7106e-05,-4.629e-05,-4.5279e-05,-4.4068e-05,-4.2655e-05,-4.1037e-05,-3.9218e-05,-3.7202e-05,-3.5e-05,-3.2624e-05,-3.0092e-05,-2.7427e-05,-2.4655e-05,-2.1809e-05,-1.8924e-05,-1.6043e-05,-1.3209e-05,-1.0469e-05,-7.8726e-06,-5.468e-06,-3.3026e-06,-1.4207e-06,1.3902e-07,1.3445e-06,2.1724e-06,2.6091e-06,2.6516e-06,2.3071e-06,1.5928e-06,5.3443e-07,-8.3607e-07,-2.4829e-06,-4.3689e-06,-6.4499e-06,-8.5508e-06
-2.3381e-05,-2.3907e-05,-2.443e-05,-2.4911e-05,-2.5352e-05,-2.5755e-05,-2.6124e-05,-2.6464e-05,-2.678e-05,-2.7077e-05,-2.736e-05,-2.7636e-05,-2.7908e-05,-2.8184e-05,-2.8466e-05,-2.876e-05,-2.907e-05,-2.94e-05,-2.9753e-05,-3.0133e-05,-3.0543e-05,-3.0984e-05,-3.1458e-05,-3.1968e-05,-3.2514e-05,-3.3097e-05,-3.3718e-05,-3.4376e-05,-3.5072e-05,-3.5803e-05,-3.6569e-05,-3.7368e-05,-3.8197e-05,-3.9054e-05,-3.9934e-05,-4.0834e-05,-4.1748e-05,-4.2671e-05,-4.3598e-05,-4.452e-05,-4.543e-05,-4.632e-05,-4.7181e-05,-4.8003e-05,-4.8776e-05,-4.9488e-05,-5.0127e-05,-5.0682e-05,-5.114e-05,-5.1488e-05,-5.1713e-05,-5.1801e-05,-5.174e-05,-5.1519e-05,-5.1123e-05,-5.0541e-05,-4.9763e-05,-4.8778e-05,-4.7582e-05,-4.6167e-05,-4.4533e-05,-4.268e-05,-4.0612e-05,-3.8336e-05,-3.5865e-05,-3.3216e-05,-3.041e-05,-2.7474e-05,-2.444e-05,-2.1347e-05,-1.8235e-05,-1.5153e-05,-1.215e-05,-9.2794e-06,-6.595e-06,-4.15e-06,-1.9945e-06,-1.7403e-07,1.273e-06,2.3172e-06,2.9395e-06,3.1324e-06,2.9002e-06,2.2587e-06,1.2332e-06,-1.4284e-07,-1.8313e-06,-3.7921e-06,-5.9771e-06,-8.199e-06
-2.4958e-05,-2.549e-05,-2.6018e-05,-2.6504e-05,-2.6948e-05,-2.7353e-05,-2.7723e-05,-2.8062e-05,-2.8375e-05,-2.8668e-05,-2.8946e-05,-2.9215e-05,-2.948e-05,-2.9748e-05,-3.0023e-05,-3.031e-05,-3.0614e-05,-3.0939e-05,-3.129e-05,-3.1668e-05,-3.2079e-05,-3.2523e-05,-3.3004e-05,-3.3523e-05,-3.4081e-05,-3.468e-05,-3.5321e-05,-3.6002e-05,-3.6725e-05,-3.7487e-05,-3.8288e-05,-3.9126e-05,-3.9998e-05,-4.0902e-05,-4.1834e-05,-4.2789e-05,-4.3762e-05,-4.4748e-05,-4.5741e-05,-4.6733e-05,-4.7717e-05,-4.8683e-05,-4.9623e-05,-5.0525e-05,-5.138e-05,-5.2175e-05,-5.2899e-05,-5.3538e-05,-5.4079e-05,-5.4509e-05,-5.4813e-05,-5.4978e-05,-5.4989e-05,-5.4833e-05,-5.4498e-05,-5.3968e-05,-5.3232e-05,-5.228e-05,-5.1103e-05,-4.9694e-05,-4.8051e-05,-4.617e-05,-4.4056e-05,-4.1714e-05,-3.9155e-05,-3.6394e-05,-3.3452e-05,-3.0356e-05,-2.7137e-05,-2.3834e-05,-2.0491e-05,-1.7155e-05,-1.3882e-05,-1.0727e-05,-7.7495e-06,-5.0084e-06,-2.5605e-06,-4.5834e-07,1.2526e-06,2.5359e-06,3.3662e-06,3.7308e-06,3.6303e-06,3.0779e-06,2.0986e-06,7.2673e-07,-9.9739e-07,-3.0304e-06,-5.3203e-06,-7.6667e-06
-2.658e-05,-2.712e-05,-2.7655e-05,-2.8147e-05,-2.8595e-05,-2.9003e-05,-2.9372e-05,-2.9709e-05,-3.0017e-05,-3.0304e-05,-3.0574e-05,-3.0833e-05,-3.1088e-05,-3.1344e-05,-3.1608e-05,-3.1884e-05,-3.2178e-05,-3.2494e-05,-3.2836e-05,-3.3209e-05,-3.3616e-05,-3.406e-05,-3.4543e-05,-3.5067e-05,-3.5634e-05,-3.6246e-05,-3.6902e-05,-3.7604e-05,-3.835e-05,-3.914e-05,-3.9974e-05,-4.0848e-05,-4.1761e-05,-4.271e-05,-4.3691e-05,-4.4699e-05,-4.573e-05,-4.6778e-05,-4.7836e-05,-4.8897e-05,-4.9952e-05,-5.0994e-05,-5.2011e-05,-5.2994e-05,-5.3931e-05,-5.481e-05,-5.5618e-05,-5.6341e-05,-5.6967e-05,-5.7479e-05,-5.7864e-05,-5.8107e-05,-5.8192e-05,-5.8105e-05,-5.7833e-05,-5.7359e-05,-5.667e-05,-5.5755e-05,-5.4603e-05,-5.3206e-05,-5.1558e-05,-4.9658e-05,-4.7504e-05,-4.5102e-05,-4.2462e-05,-3.9596e-05,-3.6524e-05,-3.3273e-05,-2.9872e-05,-2.6362e-05,-2.2786e-05,-1.9194e-05,-1.5644e-05,-1.2196e-05,-8.9132e-06,-5.8607e-06,-3.1023e-06,-6.9769e-07,1.2996e-06,2.8454e-06,3.9072e-06,4.4662e-06,4.518e-06,4.0729e-06,3.1546e-06,1.7979e-06,4.5267e-08,-2.0567e-06,-4.4518e-06,-6.9261e-06
-2.8248e-05,-2.8797e-05,-2.9341e-05,-2.984e-05,-3.0294e-05,-3.0704e-05,-3.1073e-05,-3.1406e-05,-3.1708e-05,-3.1985e-05,-3.2244e-05,-3.249e-05,-3.273e-05,-3.2971e-05,-3.3218e-05,-3.3478e-05,-3.3757e-05,-3.4059e-05,-3.4389e-05,-3.4751e-05,-3.515e-05,-3.5588e-05,-3.6068e-05,-3.6594e-05,-3.7165e-05,-3.7785e-05,-3.8453e-05,-3.9171e-05,-3.9938e-05,-4.0753e-05,-4.1616e-05,-4.2524e-05,-4.3475e-05,-4.4466e-05,-4.5494e-05,-4.6553e-05,-4.7639e-05,-4.8746e-05,-4.9868e-05,-5.0995e-05,-5.2121e-05,-5.3236e-05,-5.433e-05,-5.5392e-05,-5.641e-05,-5.7371e-05,-5.8263e-05,-5.9071e-05,-5.978e-05,-6.0376e-05,-6.0843e-05,-6.1164e-05,-6.1324e-05,-6.1308e-05,-6.1101e-05,-6.0686e-05,-6.0048e-05,-5.9173e-05,-5.8051e-05,-5.667e-05,-5.5025e-05,-5.3109e-05,-5.0923e-05,-4.8468e-05,-4.5753e-05,-4.2788e-05,-3.9593e-05,-3.6191e-05,-3.2614e-05,-2.8899e-05,-2.5091e-05,-2.1242e-05,-1.7411e-05,-1.3662e-05,-1.0064e-05,-6.6858e-06,-3.5995e-06,-8.724e-07,1.4336e-06,3.2658e-06,4.5836e-06,5.3607e-06,5.5871e-06,5.2689e-06,4.4278e-06,3.0987e-06,1.326e-06,-8.407e-07,-3.3407e-06,-5.9459e-06
-2.996e-05,-3.0522e-05,-3.1078e-05,-3.1587e-05,-3.2047e-05,-3.2459e-05,-3.2827e-05,-3.3155e-05,-3.3448e-05,-3.3714e-05,-3.3957e-05,-3.4185e-05,-3.4406e-05,-3.4626e-05,-3.4852e-05,-3.509e-05,-3.5348e-05,-3.563e-05,-3.5941e-05,-3.6288e-05,-3.6673e-05,-3.71e-05,-3.7573e-05,-3.8094e-05,-3.8665e-05,-3.9289e-05,-3.9965e-05,-4.0695e-05,-4.1478e-05,-4.2315e-05,-4.3203e-05,-4.4141e-05,-4.5127e-05,-4.6158e-05,-4.7229e-05,-4.8337e-05,-4.9476e-05,-5.064e-05,-5.1822e-05,-5.3014e-05,-5.4209e-05,-5.5395e-05,-5.6564e-05,-5.7703e-05,-5.88e-05,-5.9843e-05,-6.0817e-05,-6.1708e-05,-6.25e-05,-6.3179e-05,-6.3726e-05,-6.4126e-05,-6.4362e-05,-6.4417e-05,-6.4275e-05,-6.3921e-05,-6.3336e-05,-6.2505e-05,-6.1415e-05,-6.0055e-05,-5.8416e-05,-5.6491e-05,-5.4277e-05,-5.1776e-05,-4.8992e-05,-4.5935e-05,-4.2623e-05,-3.9077e-05,-3.5327e-05,-3.1411e-05,-2.7374e-05,-2.3268e-05,-1.9154e-05,-1.5098e-05,-1.1174e-05,-7.4585e-06,-4.0281e-06,-9.5905e-07,1.6779e-06,3.8206e-06,5.4194e-06,6.4397e-06,6.8642e-06,6.6941e-06,5.9482e-06,4.6608e-06,2.8775e-06,6.5125e-07,-1.9527e-06,-4.6915e-06
-3.1719e-05,-3.2298e-05,-3.2868e-05,-3.3389e-05,-3.3856e-05,-3.4271e-05,-3.4637e-05,-3.4958e-05,-3.524e-05,-3.5489e-05,-3.5713e-05,-3.5919e-05,-3.6114e-05,-3.6308e-05,-3.6506e-05,-3.6717e-05,-3.6947e-05,-3.7202e-05,-3.7489e-05,-3.7813e-05,-3.8178e-05,-3.8589e-05,-3.9048e-05,-3.956e-05,-4.0126e-05,-4.0748e-05,-4.1428e-05,-4.2165e-05,-4.2961e-05,-4.3814e-05,-4.4724e-05,-4.5689e-05,-4.6707e-05,-4.7773e-05,-4.8885e-05,-5.0038e-05,-5.1227e-05,-5.2445e-05,-5.3685e-05,-5.494e-05,-5.62e-05,-5.7455e-05,-5.8696e-05,-5.9909e-05,-6.1084e-05,-6.2205e-05,-6.326e-05,-6.4232e-05,-6.5106e-05,-6.5865e-05,-6.6492e-05,-6.697e-05,-6.7281e-05,-6.7407e-05,-6.7331e-05,-6.7037e-05,-6.6505e-05,-6.5719e-05,-6.4664e-05,-6.3327e-05,-6.1697e-05,-5.9767e-05,-5.7531e-05,-5.4988e-05,-5.2141e-05,-4.8998e-05,-4.5575e-05,-4.1891e-05,-3.7974e-05,-3.3862e-05,-2.9598e-05,-2.5236e-05,-2.0837e-05,-1.6471e-05,-1.2214e-05,-8.1492e-06,-4.3597e-06,-9.3014e-07,2.0594e-06,4.5369e-06,6.4424e-06,7.7317e-06,8.3795e-06,8.3804e-06,7.7493e-06,6.519e-06,4.7362e-06,2.4566e-06,-2.498e-07,-3.1245e-06
-3.3527e-05,-3.4125e-05,-3.4715e-05,-3.5249e-05,-3.5725e-05,-3.6143e-05,-3.6506e-05,-3.6818e-05,-3.7085e-05,-3.7314e-05,-3.7513e-05,-3.7691e-05,-3.7855e-05,-3.8014e-05,-3.8178e-05,-3.8353e-05,-3.8549e-05,-3.8771e-05,-3.9026e-05,-3.932e-05,-3.9659e-05,-4.0046e-05,-4.0487e-05,-4.0983e-05,-4.1538e-05,-4.2154e-05,-4.2831e-05,-4.3572e-05,-4.4375e-05,-4.5242e-05,-4.6169e-05,-4.7157e-05,-4.8202e-05,-4.9301e-05,-5.045e-05,-5.1645e-05,-5.288e-05,-5.4149e-05,-5.5444e-05,-5.6758e-05,-5.808e-05,-5.9401e-05,-6.0711e-05,-6.1996e-05,-6.3245e-05,-6.4443e-05,-6.5574e-05,-6.6625e-05,-6.7578e-05,-6.8415e-05,-6.912e-05,-6.9673e-05,-7.0057e-05,-7.0252e-05,-7.0241e-05,-7.0006e-05,-6.9527e-05,-6.8786e-05,-6.7766e-05,-6.6454e-05,-6.4836e-05,-6.2903e-05,-6.0648e-05,-5.8067e-05,-5.5162e-05,-5.1938e-05,-4.8409e-05,-4.4592e-05,-4.0514e-05,-3.621e-05,-3.1723e-05,-2.7107e-05,-2.2423e-05,-1.7743e-05,-1.3148e-05,-8.7238e-06,-4.5616e-06,-7.5386e-07,2.6095e-06,5.4459e-06,7.6842e-06,9.2695e-06,1.0167e-05,1.0363e-05,9.8683e-06,8.7123e-06,6.9423e-06,4.6167e-06,1.8103e-06,-1.2023e-06
-3.5385e-05,-3.6009e-05,-3.6621e-05,-3.7173e-05,-3.766e-05,-3.8081e-05,-3.8439e-05,-3.8739e-05,-3.8987e-05,-3.9191e-05,-3.9359e-05,-3.9501e-05,-3.9626e-05,-3.9745e-05,-3.9865e-05,-3.9997e-05,-4.015e-05,-4.033e-05,-4.0546e-05,-4.0803e-05,-4.1108e-05,-4.1465e-05,-4.188e-05,-4.2354e-05,-4.2892e-05,-4.3496e-05,-4.4166e-05,-4.4905e-05,-4.5712e-05,-4.6586e-05,-4.7527e-05,-4.8534e-05,-4.9602e-05,-5.073e-05,-5.1913e-05,-5.3146e-05,-5.4424e-05,-5.574e-05,-5.7087e-05,-5.8455e-05,-5.9837e-05,-6.1221e-05,-6.2596e-05,-6.395e-05,-6.5269e-05,-6.6539e-05,-6.7745e-05,-6.887e-05,-6.9898e-05,-7.0811e-05,-7.1589e-05,-7.2215e-05,-7.2669e-05,-7.2931e-05,-7.2981e-05,-7.2804e-05,-7.2376e-05,-7.1678e-05,-7.0693e-05,-6.9405e-05,-6.7799e-05,-6.5864e-05,-6.3591e-05,-6.0975e-05,-5.8015e-05,-5.4714e-05,-5.1083e-05,-4.7138e-05,-4.2904e-05,-3.8412e-05,-3.3707e-05,-2.8838e-05,-2.387e-05,-1.8875e-05,-1.3936e-05,-9.144e-06,-4.5964e-06,-3.9393e-07,3.3639e-06,6.5831e-06,9.1806e-06,1.109e-05,1.2264e-05,1.2682e-05,1.2347e-05,1.1284e-05,9.5408e-06,7.1777e-06,4.2743e-06,1.122e-06
-3.7297e-05,-3.7953e-05,-3.8594e-05,-3.9166e-05,-3.9664e-05,-4.0088e-05,-4.044e-05,-4.0725e-05,-4.095e-05,-4.1122e-05,-4.1252e-05,-4.1351e-05,-4.1429e-05,-4.1497e-05,-4.1565e-05,-4.1645e-05,-4.1745e-05,-4.1875e-05,-4.2042e-05,-4.2254e-05,-4.2518e-05,-4.2837e-05,-4.3219e-05,-4.3665e-05,-4.418e-05,-4.4765e-05,-4.5423e-05,-4.6154e-05,-4.6959e-05,-4.7838e-05,-4.8788e-05,-4.9809e-05,-5.0897e-05,-5.2049e-05,-5.3262e-05,-5.453e-05,-5.5847e-05,-5.7206e-05,-5.8601e-05,-6.0021e-05,-6.1458e-05,-6.2901e-05,-6.4337e-05,-6.5756e-05,-6.7141e-05,-6.848e-05,-6.9756e-05,-7.0952e-05,-7.2051e-05,-7.3034e-05,-7.3883e-05,-7.4577e-05,-7.5097e-05,-7.5422e-05,-7.5531e-05,-7.5405e-05,-7.5026e-05,-7.4369e-05,-7.3416e-05,-7.215e-05,-7.0554e-05,-6.8617e-05,-6.6326e-05,-6.3676e-05,-6.0662e-05,-5.7286e-05,-5.3556e-05,-4.9486e-05,-4.5099e-05,-4.0424e-05,-3.5502e-05,-3.0384e-05,-2.5133e-05,-1.9821e-05,-1.4534e-05,-9.3668e-06,-4.4225e-06,1.9049e-07,4.3626e-06,7.9884e-06,1.0972e-05,1.3234e-05,1.4715e-05,1.5382e-05,1.5231e-05,1.4282e-05,1.2581e-05,1.019e-05,7.194e-06,3.9006e-06
-3.9268e-05,-3.9964e-05,-4.0638e-05,-4.1235e-05,-4.1748e-05,-4.2174e-05,-4.2518e-05,-4.2783e-05,-4.2978e-05,-4.3111e-05,-4.3195e-05,-4.3241e-05,-4.3262e-05,-4.3269e-05,-4.3275e-05,-4.3292e-05,-4.333e-05,-4.3399e-05,-4.3509e-05,-4.3667e-05,-4.388e-05,-4.4154e-05,-4.4495e-05,-4.4906e-05,-4.5391e-05,-4.5953e-05,-4.6592e-05,-4.7311e-05,-4.8109e-05,-4.8986e-05,-4.9941e-05,-5.0972e-05,-5.2076e-05,-5.3249e-05,-5.4488e-05,-5.5786e-05,-5.7139e-05,-5.8538e-05,-5.9976e-05,-6.1444e-05,-6.2932e-05,-6.443e-05,-6.5924e-05,-6.7402e-05,-6.885e-05,-7.0253e-05,-7.1594e-05,-7.2856e-05,-7.4021e-05,-7.5071e-05,-7.5984e-05,-7.6742e-05,-7.7323e-05,-7.7705e-05,-7.7868e-05,-7.779e-05,-7.7454e-05,-7.6833e-05,-7.5909e-05,-7.4661e-05,-7.3073e-05,-7.113e-05,-6.882e-05,-6.6133e-05,-6.3065e-05,-5.9614e-05,-5.5787e-05,-5.1594e-05,-4.7055e-05,-4.2199e-05,-3.7063e-05,-3.1698e-05,-2.6163e-05,-2.0534e-05,-1.4895e-05,-9.3457e-06,-3.9938e-06,1.0448e-06,5.6508e-06,9.7068e-06,1.3104e-05,1.5748e-05,1.7565e-05,1.8512e-05,1.8572e-05,1.776e-05,1.6119e-05,1.3711e-05,1.0626e-05,7.1909e-06
-4.1305e-05,-4.2048e-05,-4.2763e-05,-4.339e-05,-4.3918e-05,-4.4347e-05,-4.4679e-05,-4.4919e-05,-4.5077e-05,-4.5163e-05,-4.5191e-05,-4.5173e-05,-4.5125e-05,-4.506e-05,-4.4992e-05,-4.4934e-05,-4.4899e-05,-4.4897e-05,-4.4939e-05,-4.5033e-05,-4.5187e-05,-4.5407e-05,-4.57e-05,-4.6068e-05,-4.6517e-05,-4.7048e-05,-4.7664e-05,-4.8365e-05,-4.9151e-05,-5.0023e-05,-5.0978e-05,-5.2015e-05,-5.313e-05,-5.432e-05,-5.5581e-05,-5.6906e-05,-5.829e-05,-5.9725e-05,-6.1203e-05,-6.2715e-05,-6.4251e-05,-6.5798e-05,-6.7346e-05,-6.8879e-05,-7.0385e-05,-7.1847e-05,-7.3248e-05,-7.4571e-05,-7.5797e-05,-7.6907e-05,-7.788e-05,-7.8695e-05,-7.9331e-05,-7.9765e-05,-7.9975e-05,-7.994e-05,-7.9641e-05,-7.905e-05,-7.8148e-05,-7.6913e-05,-7.5328e-05,-7.3375e-05,-7.1041e-05,-6.8315e-05,-6.519e-05,-6.1662e-05,-5.7736e-05,-5.3419e-05,-4.8729e-05,-4.3692e-05,-3.8343e-05,-3.273e-05,-2.6912e-05,-2.0963e-05,-1.4969e-05,-9.0302e-06,-3.2602e-06,2.2187e-06,7.2778e-06,1.1788e-05,1.5626e-05,1.8682e-05,2.0869e-05,2.2126e-05,2.2426e-05,2.1776e-05,2.0214e-05,1.7803e-05,1.4635e-05,1.1056e-05
-4.3415e-05,-4.4216e-05,-4.4981e-05,-4.5642e-05,-4.6188e-05,-4.6618e-05,-4.6934e-05,-4.7143e-05,-4.7255e-05,-4.7283e-05,-4.7243e-05,-4.7149e-05,-4.7019e-05,-4.6868e-05,-4.6713e-05,-4.6568e-05,-4.6447e-05,-4.6362e-05,-4.6325e-05,-4.6345e-05,-4.643e-05,-4.6588e-05,-4.6824e-05,-4.7143e-05,-4.7548e-05,-4.8043e-05,-4.8629e-05,-4.9307e-05,-5.0077e-05,-5.0938e-05,-5.1889e-05,-5.2928e-05,-5.4051e-05,-5.5254e-05,-5.6533e-05,-5.7881e-05,-5.9293e-05,-6.076e-05,-6.2274e-05,-6.3826e-05,-6.5404e-05,-6.6998e-05,-6.8594e-05,-7.0178e-05,-7.1737e-05,-7.3252e-05,-7.4708e-05,-7.6086e-05,-7.7367e-05,-7.8531e-05,-7.9557e-05,-8.0423e-05,-8.1107e-05,-8.1586e-05,-8.1838e-05,-8.1838e-05,-8.1568e-05,-8.1001e-05,-8.0114e-05,-7.8885e-05,-7.7295e-05,-7.5326e-05,-7.2963e-05,-7.0191e-05,-6.7004e-05,-6.3395e-05,-5.9365e-05,-5.4921e-05,-5.0078e-05,-4.4858e-05,-3.9294e-05,-3.3432e-05,-2.7329e-05,-2.1057e-05,-1.4702e-05,-8.3671e-06,-2.1681e-06,3.766e-06,9.2978e-06,1.4286e-05,1.8594e-05,2.2095e-05,2.4684e-05,2.6286e-05,2.6858e-05,2.6397e-05,2.4936e-05,2.2535e-05,1.929e-05,1.5567e-05
-4.561e-05,-4.648e-05,-4.7304e-05,-4.8005e-05,-4.8572e-05,-4.9001e-05,-4.9296e-05,-4.9465e-05,-4.9521e-05,-4.9478e-05,-4.9355e-05,-4.917e-05,-4.8943e-05,-4.8691e-05,-4.8434e-05,-4.8188e-05,-4.7968e-05,-4.7788e-05,-4.766e-05,-4.7595e-05,-4.7601e-05,-4.7687e-05,-4.7859e-05,-4.812e-05,-4.8476e-05,-4.8928e-05,-4.9479e-05,-5.0129e-05,-5.0877e-05,-5.1724e-05,-5.2667e-05,-5.3704e-05,-5.4831e-05,-5.6043e-05,-5.7337e-05,-5.8705e-05,-6.014e-05,-6.1636e-05,-6.3182e-05,-6.477e-05,-6.6387e-05,-6.8022e-05,-6.9662e-05,-7.1292e-05,-7.2898e-05,-7.4462e-05,-7.5967e-05,-7.7394e-05,-7.8723e-05,-7.9935e-05,-8.1007e-05,-8.1917e-05,-8.2642e-05,-8.3159e-05,-8.3443e-05,-8.3471e-05,-8.3221e-05,-8.2669e-05,-8.1789e-05,-8.0557e-05,-7.8955e-05,-7.6961e-05,-7.4559e-05,-7.1735e-05,-6.8478e-05,-6.478e-05,-6.0641e-05,-5.6064e-05,-5.1062e-05,-4.5655e-05,-3.9872e-05,-3.3757e-05,-2.7364e-05,-2.0764e-05,-1.4042e-05,-7.3013e-06,-6.6133e-07,5.744e-06,1.1769e-05,1.7261e-05,2.2068e-05,2.6047e-05,2.9075e-05,3.1057e-05,3.1937e-05,3.1695e-05,3.0358e-05,2.7983e-05,2.467e-05,2.0801e-05
-4.7903e-05,-4.8858e-05,-4.9752e-05,-5.0499e-05,-5.1087e-05,-5.1512e-05,-5.1779e-05,-5.1898e-05,-5.1884e-05,-5.1756e-05,-5.1534e-05,-5.124e-05,-5.0898e-05,-5.0529e-05,-5.0153e-05,-4.9789e-05,-4.9455e-05,-4.9165e-05,-4.8934e-05,-4.8773e-05,-4.8691e-05,-4.8696e-05,-4.8795e-05,-4.8992e-05,-4.9291e-05,-4.9695e-05,-5.0205e-05,-5.0822e-05,-5.1545e-05,-5.2374e-05,-5.3305e-05,-5.4336e-05,-5.5463e-05,-5.6682e-05,-5.7987e-05,-5.9371e-05,-6.0827e-05,-6.2347e-05,-6.3922e-05,-6.5542e-05,-6.7194e-05,-6.8866e-05,-7.0545e-05,-7.2216e-05,-7.3864e-05,-7.5471e-05,-7.7019e-05,-7.8489e-05,-7.986e-05,-8.1112e-05,-8.2223e-05,-8.3169e-05,-8.3927e-05,-8.4473e-05,-8.4782e-05,-8.4829e-05,-8.459e-05,-8.4043e-05,-8.316e-05,-8.1916e-05,-8.029e-05,-7.8262e-05,-7.5812e-05,-7.2925e-05,-6.9588e-05,-6.5792e-05,-6.1534e-05,-5.6816e-05,-5.1647e-05,-4.6044e-05,-4.0035e-05,-3.3659e-05,-2.6969e-05,-2.0032e-05,-1.2934e-05,-5.7768e-06,1.3182e-06,8.2126e-06,1.4753e-05,2.0775e-05,2.6113e-05,3.0607e-05,3.4113e-05,3.6516e-05,3.774e-05,3.7752e-05,3.6566e-05,3.4235e-05,3.086e-05,2.6845e-05
-5.0313e-05,-5.1369e-05,-5.2345e-05,-5.3146e-05,-5.3756e-05,-5.4173e-05,-5.4402e-05,-5.4458e-05,-5.4358e-05,-5.4125e-05,-5.3784e-05,-5.3362e-05,-5.2885e-05,-5.2378e-05,-5.1864e-05,-5.1365e-05,-5.0901e-05,-5.0488e-05,-5.0141e-05,-4.9871e-05,-4.969e-05,-4.9605e-05,-4.9623e-05,-4.9748e-05,-4.9985e-05,-5.0335e-05,-5.08e-05,-5.1379e-05,-5.2073e-05,-5.288e-05,-5.3796e-05,-5.4818e-05,-5.5943e-05,-5.7165e-05,-5.8478e-05,-5.9875e-05,-6.1349e-05,-6.2891e-05,-6.4491e-05,-6.6138e-05,-6.7821e-05,-6.9526e-05,-7.124e-05,-7.2947e-05,-7.4631e-05,-7.6275e-05,-7.786e-05,-7.9367e-05,-8.0773e-05,-8.2059e-05,-8.3201e-05,-8.4175e-05,-8.4958e-05,-8.5523e-05,-8.5847e-05,-8.5903e-05,-8.5666e-05,-8.5114e-05,-8.4216e-05,-8.2949e-05,-8.1289e-05,-7.9214e-05,-7.6704e-05,-7.3742e-05,-7.0314e-05,-6.6408e-05,-6.2019e-05,-5.7148e-05,-5.18e-05,-4.599e-05,-3.9744e-05,-3.3096e-05,-2.6098e-05,-1.8814e-05,-1.1327e-05,-3.7382e-06,3.8291e-06,1.1233e-05,1.8314e-05,2.4897e-05,3.0802e-05,3.5849e-05,3.9875e-05,4.2743e-05,4.4353e-05,4.4656e-05,4.3651e-05,4.1385e-05,3.7958e-05,3.3795e-05
-5.2863e-05,-5.404e-05,-5.5114e-05,-5.5975e-05,-5.6607e-05,-5.7008e-05,-5.7188e-05,-5.7162e-05,-5.6956e-05,-5.6596e-05,-5.6113e-05,-5.5538e-05,-5.4903e-05,-5.4236e-05,-5.3564e-05,-5.2911e-05,-5.23e-05,-5.1747e-05,-5.127e-05,-5.088e-05,-5.0589e-05,-5.0405e-05,-5.0334e-05,-5.038e-05,-5.0549e-05,-5.084e-05,-5.1255e-05,-5.1794e-05,-5.2455e-05,-5.3236e-05,-5.4135e-05,-5.5146e-05,-5.6266e-05,-5.7488e-05,-5.8807e-05,-6.0215e-05,-6.1704e-05,-6.3264e-05,-6.4885e-05,-6.6557e-05,-6.8267e-05,-7.0001e-05,-7.1746e-05,-7.3484e-05,-7.52e-05,-7.6876e-05,-7.8492e-05,-8.0028e-05,-8.1463e-05,-8.2774e-05,-8.3939e-05,-8.4932e-05,-8.573e-05,-8.6306e-05,-8.6634e-05,-8.6688e-05,-8.6442e-05,-8.5872e-05,-8.495e-05,-8.3648e-05,-8.1942e-05,-7.9807e-05,-7.7225e-05,-7.4175e-05,-7.064e-05,-6.661e-05,-6.2078e-05,-5.7038e-05,-5.1496e-05,-4.5466e-05,-3.8967e-05,-3.2034e-05,-2.4712e-05,-1.7064e-05,-9.1707e-06,-1.1323e-06,6.9287e-06,1.4868e-05,2.2518e-05,2.9696e-05,3.6207e-05,4.1853e-05,4.6447e-05,4.9828e-05,5.1873e-05,5.251e-05,5.1721e-05,4.9542e-05,4.6074e-05,4.1759e-05
-5.5582e-05,-5.6904e-05,-5.8092e-05,-5.9021e-05,-5.9673e-05,-6.005e-05,-6.0162e-05,-6.0034e-05,-5.9696e-05,-5.9181e-05,-5.8527e-05,-5.7772e-05,-5.6952e-05,-5.6099e-05,-5.5246e-05,-5.4419e-05,-5.3641e-05,-5.2933e-05,-5.2311e-05,-5.1789e-05,-5.1378e-05,-5.1085e-05,-5.0918e-05,-5.088e-05,-5.0975e-05,-5.1203e-05,-5.1565e-05,-5.206e-05,-5.2686e-05,-5.3439e-05,-5.4318e-05,-5.5316e-05,-5.6428e-05,-5.7649e-05,-5.8972e-05,-6.0388e-05,-6.1889e-05,-6.3466e-05,-6.5107e-05,-6.68e-05,-6.8533e-05,-7.0293e-05,-7.2063e-05,-7.3828e-05,-7.5571e-05,-7.7272e-05,-7.8913e-05,-8.0473e-05,-8.1929e-05,-8.3258e-05,-8.4438e-05,-8.5443e-05,-8.6247e-05,-8.6824e-05,-8.7146e-05,-8.7188e-05,-8.6921e-05,-8.6322e-05,-8.536e-05,-8.4008e-05,-8.2241e-05,-8.0032e-05,-7.7362e-05,-7.421e-05,-7.0558e-05,-6.6389e-05,-6.1696e-05,-5.6471e-05,-5.0719e-05,-4.445e-05,-3.768e-05,-3.0442e-05,-2.2777e-05,-1.4745e-05,-6.4231e-06,2.0896e-06,1.0671e-05,1.9176e-05,2.7431e-05,3.5245e-05,4.2407e-05,4.8703e-05,5.392e-05,5.7871e-05,6.0406e-05,6.1425e-05,6.0891e-05,5.8828e-05,5.5328e-05,5.0859e-05
-5.8509e-05,-6.0004e-05,-6.1325e-05,-6.2329e-05,-6.2997e-05,-6.3334e-05,-6.3358e-05,-6.3099e-05,-6.2596e-05,-6.1894e-05,-6.1036e-05,-6.0067e-05,-5.903e-05,-5.7965e-05,-5.6904e-05,-5.5879e-05,-5.4916e-05,-5.4035e-05,-5.3254e-05,-5.2587e-05,-5.2046e-05,-5.1637e-05,-5.1367e-05,-5.1239e-05,-5.1255e-05,-5.1417e-05,-5.1723e-05,-5.2171e-05,-5.276e-05,-5.3484e-05,-5.4341e-05,-5.5325e-05,-5.6429e-05,-5.7648e-05,-5.8973e-05,-6.0396e-05,-6.1908e-05,-6.3498e-05,-6.5155e-05,-6.6867e-05,-6.8621e-05,-7.0401e-05,-7.2194e-05,-7.3981e-05,-7.5745e-05,-7.7467e-05,-7.9127e-05,-8.0703e-05,-8.2173e-05,-8.3514e-05,-8.4701e-05,-8.5708e-05,-8.651e-05,-8.7078e-05,-8.7385e-05,-8.7404e-05,-8.7105e-05,-8.6465e-05,-8.5451e-05,-8.4036e-05,-8.2193e-05,-7.9896e-05,-7.7121e-05,-7.3848e-05,-7.0056e-05,-6.5729e-05,-6.0858e-05,-5.5435e-05,-4.9455e-05,-4.2928e-05,-3.5866e-05,-2.83e-05,-2.0267e-05,-1.1826e-05,-3.0479e-06,5.9693e-06,1.5106e-05,2.4213e-05,3.3117e-05,4.1614e-05,4.9483e-05,5.6488e-05,6.2393e-05,6.698e-05,7.0068e-05,7.1528e-05,7.1297e-05,6.938e-05,6.5863e-05,6.1234e-05
-6.1693e-05,-6.3396e-05,-6.4871e-05,-6.5956e-05,-6.6631e-05,-6.6907e-05,-6.6812e-05,-6.6387e-05,-6.5681e-05,-6.4748e-05,-6.3645e-05,-6.2425e-05,-6.1137e-05,-5.9825e-05,-5.8529e-05,-5.7282e-05,-5.6112e-05,-5.504e-05,-5.4086e-05,-5.3263e-05,-5.2582e-05,-5.2049e-05,-5.167e-05,-5.1447e-05,-5.1382e-05,-5.1475e-05,-5.1723e-05,-5.2123e-05,-5.2674e-05,-5.3369e-05,-5.4204e-05,-5.5172e-05,-5.6268e-05,-5.7483e-05,-5.881e-05,-6.0238e-05,-6.1759e-05,-6.3361e-05,-6.5032e-05,-6.676e-05,-6.8531e-05,-7.033e-05,-7.214e-05,-7.3945e-05,-7.5726e-05,-7.7463e-05,-7.9136e-05,-8.0723e-05,-8.2201e-05,-8.3546e-05,-8.4732e-05,-8.5734e-05,-8.6524e-05,-8.7074e-05,-8.7356e-05,-8.7341e-05,-8.7e-05,-8.6306e-05,-8.5228e-05,-8.3737e-05,-8.1805e-05,-7.9404e-05,-7.6509e-05,-7.3098e-05,-6.9149e-05,-6.4645e-05,-5.9573e-05,-5.3924e-05,-4.7694e-05,-4.0887e-05,-3.3515e-05,-2.5598e-05,-1.717e-05,-8.2876e-06,9.8003e-07,1.0539e-05,2.0271e-05,3.0029e-05,3.9633e-05,4.8874e-05,5.7515e-05,6.5302e-05,7.1971e-05,7.7273e-05,8.0992e-05,8.2962e-05,8.3091e-05,8.1358e-05,7.7839e-05,7.3042e-05
-6.5199e-05,-6.7149e-05,-6.8802e-05,-6.9971e-05,-7.064e-05,-7.0826e-05,-7.0572e-05,-6.9933e-05,-6.8973e-05,-6.7761e-05,-6.6364e-05,-6.4846e-05,-6.3265e-05,-6.1672e-05,-6.011e-05,-5.8614e-05,-5.7215e-05,-5.5936e-05,-5.4794e-05,-5.3804e-05,-5.2973e-05,-5.231e-05,-5.1818e-05,-5.1497e-05,-5.1349e-05,-5.137e-05,-5.156e-05,-5.1913e-05,-5.2425e-05,-5.309e-05,-5.3904e-05,-5.4857e-05,-5.5944e-05,-5.7156e-05,-5.8483e-05,-5.9917e-05,-6.1446e-05,-6.3058e-05,-6.4742e-05,-6.6484e-05,-6.8269e-05,-7.0083e-05,-7.1907e-05,-7.3726e-05,-7.5519e-05,-7.7267e-05,-7.8948e-05,-8.0539e-05,-8.2018e-05,-8.336e-05,-8.4538e-05,-8.5526e-05,-8.6295e-05,-8.6819e-05,-8.7066e-05,-8.7008e-05,-8.6614e-05,-8.5854e-05,-8.4701e-05,-8.3121e-05,-8.1085e-05,-7.8566e-05,-7.5537e-05,-7.1972e-05,-6.7849e-05,-6.315e-05,-5.7857e-05,-5.196e-05,-4.5453e-05,-3.8337e-05,-3.0622e-05,-2.2325e-05,-1.3479e-05,-4.1245e-06,5.6732e-06,1.5818e-05,2.6196e-05,3.666e-05,4.7029e-05,5.7086e-05,6.6581e-05,7.5237e-05,8.2765e-05,8.888e-05,9.3323e-05,9.589e-05,9.6447e-05,9.4946e-05,9.1445e-05,8.6469e-05
-6.9109e-05,-7.1355e-05,-7.3212e-05,-7.4465e-05,-7.5103e-05,-7.5159e-05,-7.4691e-05,-7.3777e-05,-7.2499e-05,-7.0945e-05,-6.9196e-05,-6.7328e-05,-6.5408e-05,-6.3493e-05,-6.1631e-05,-5.9859e-05,-5.821e-05,-5.6705e-05,-5.5362e-05,-5.4193e-05,-5.3208e-05,-5.2409e-05,-5.18e-05,-5.1379e-05,-5.1147e-05,-5.1098e-05,-5.1229e-05,-5.1535e-05,-5.2011e-05,-5.2648e-05,-5.3441e-05,-5.4381e-05,-5.546e-05,-5.6669e-05,-5.7997e-05,-5.9435e-05,-6.0971e-05,-6.2593e-05,-6.4288e-05,-6.6042e-05,-6.784e-05,-6.9665e-05,-7.1501e-05,-7.3329e-05,-7.513e-05,-7.6884e-05,-7.8567e-05,-8.0158e-05,-8.1632e-05,-8.2964e-05,-8.4126e-05,-8.5093e-05,-8.5835e-05,-8.6322e-05,-8.6526e-05,-8.6414e-05,-8.5957e-05,-8.5122e-05,-8.3881e-05,-8.2201e-05,-8.005e-05,-7.74e-05,-7.4221e-05,-7.0488e-05,-6.6175e-05,-6.1262e-05,-5.5729e-05,-4.9564e-05,-4.2758e-05,-3.5307e-05,-2.7218e-05,-1.8505e-05,-9.1959e-06,6.6769e-07,1.103e-05,2.1808e-05,3.2891e-05,4.413e-05,5.5341e-05,6.6302e-05,7.675e-05,8.6386e-05,9.4891e-05,0.00010194,0.00010723,0.0001105,0.00011157,0.00011036,0.0001069,0.00010173
-7.3533e-05,-7.6134e-05,-7.8222e-05,-7.9552e-05,-8.0122e-05,-7.9987e-05,-7.9233e-05,-7.7964e-05,-7.6288e-05,-7.4315e-05,-7.2144e-05,-6.9864e-05,-6.7552e-05,-6.5272e-05,-6.3073e-05,-6.0997e-05,-5.9074e-05,-5.7327e-05,-5.5771e-05,-5.4416e-05,-5.3269e-05,-5.2332e-05,-5.1604e-05,-5.1085e-05,-5.0768e-05,-5.0651e-05,-5.0727e-05,-5.0988e-05,-5.1429e-05,-5.2041e-05,-5.2815e-05,-5.3744e-05,-5.4816e-05,-5.6023e-05,-5.7354e-05,-5.8797e-05,-6.0341e-05,-6.1972e-05,-6.3677e-05,-6.5441e-05,-6.7249e-05,-6.9084e-05,-7.0928e-05,-7.2763e-05,-7.4568e-05,-7.6322e-05,-7.8004e-05,-7.9588e-05,-8.1051e-05,-8.2367e-05,-8.3508e-05,-8.4446e-05,-8.5152e-05,-8.5596e-05,-8.5747e-05,-8.5574e-05,-8.5044e-05,-8.4126e-05,-8.2788e-05,-8.0996e-05,-7.8719e-05,-7.5926e-05,-7.2585e-05,-6.867e-05,-6.4153e-05,-5.901e-05,-5.3221e-05,-4.6768e-05,-3.964e-05,-3.183e-05,-2.3339e-05,-1.4178e-05,-4.3678e-06,6.0551e-06,1.7037e-05,2.8501e-05,4.0348e-05,5.244e-05,6.4586e-05,7.6558e-05,8.8081e-05,9.8834e-05,0.00010846,0.0001166,0.00012288,0.00012699,0.0001287,0.00012786,0.00012447,0.00011909
-7.8618e-05,-8.1644e-05,-8.3991e-05,-8.5377e-05,-8.582e-05,-8.541e-05,-8.427e-05,-8.2541e-05,-8.0366e-05,-7.7879e-05,-7.5203e-05,-7.244e-05,-6.9676e-05,-6.6982e-05,-6.441e-05,-6.2e-05,-5.9783e-05,-5.7778e-05,-5.5999e-05,-5.4452e-05,-5.314e-05,-5.2064e-05,-5.122e-05,-5.0602e-05,-5.0206e-05,-5.0024e-05,-5.0047e-05,-5.0269e-05,-5.0679e-05,-5.1268e-05,-5.2028e-05,-5.2947e-05,-5.4016e-05,-5.5224e-05,-5.6558e-05,-5.8007e-05,-5.9559e-05,-6.1199e-05,-6.2914e-05,-6.4687e-05,-6.6504e-05,-6.8346e-05,-7.0196e-05,-7.2034e-05,-7.384e-05,-7.5592e-05,-7.7267e-05,-7.884e-05,-8.0287e-05,-8.1581e-05,-8.2694e-05,-8.3598e-05,-8.4262e-05,-8.4656e-05,-8.4748e-05,-8.4505e-05,-8.3895e-05,-8.2885e-05,-8.1441e-05,-7.953e-05,-7.7117e-05,-7.4171e-05,-7.0659e-05,-6.6551e-05,-6.1818e-05,-5.6433e-05,-5.0372e-05,-4.3616e-05,-3.6147e-05,-2.7955e-05,-1.9037e-05,-9.397e-06,9.5053e-07,1.1976e-05,2.3634e-05,3.5855e-05,4.8542e-05,6.1565e-05,7.4753e-05,8.7864e-05,0.00010061,0.00011265,0.00012359,0.00013301,0.00014048,0.00014563,0.00014812,0.00014776,0.00014448,0.00013887
-8.4559e-05,-8.8096e-05,-9.0725e-05,-9.2125e-05,-9.2353e-05,-9.1546e-05,-8.9884e-05,-8.7558e-05,-8.4753e-05,-8.1638e-05,-7.8357e-05,-7.5029e-05,-7.1748e-05,-6.8589e-05,-6.5605e-05,-6.2834e-05,-6.0303e-05,-5.8029e-05,-5.6019e-05,-5.4277e-05,-5.2802e-05,-5.1589e-05,-5.0632e-05,-4.9921e-05,-4.945e-05,-4.9209e-05,-4.9186e-05,-4.9373e-05,-4.9758e-05,-5.0331e-05,-5.108e-05,-5.1995e-05,-5.3063e-05,-5.4274e-05,-5.5614e-05,-5.7071e-05,-5.8632e-05,-6.0282e-05,-6.2006e-05,-6.3788e-05,-6.5613e-05,-6.7461e-05,-6.9315e-05,-7.1154e-05,-7.2957e-05,-7.4703e-05,-7.6367e-05,-7.7925e-05,-7.9352e-05,-8.0619e-05,-8.17e-05,-8.2564e-05,-8.318e-05,-8.3518e-05,-8.3545e-05,-8.3228e-05,-8.2532e-05,-8.1423e-05,-7.9867e-05,-7.783e-05,-7.5276e-05,-7.217e-05,-6.848e-05,-6.4172e-05,-5.9214e-05,-5.3578e-05,-4.7235e-05,-4.0163e-05,-3.2339e-05,-2.3749e-05,-1.4382e-05,-4.2354e-06,6.6827e-06,1.8353e-05,3.0739e-05,4.3782e-05,5.7397e-05,7.1459e-05,8.5799e-05,0.0001002,0.00011435,0.00012789,0.00014037,0.00015133,0.00016026,0.00016668,0.00017017,0.00017043,0.00016734,0.00016146
-9.1625e-05,-9.5775e-05,-9.8698e-05,-0.00010004,-9.991e-05,-9.8531e-05,-9.616e-05,-9.3056e-05,-8.9459e-05,-8.5575e-05,-8.1573e-05,-7.7588e-05,-7.372e-05,-7.0043e-05,-6.661e-05,-6.3453e-05,-6.0594e-05,-5.8042e-05,-5.5799e-05,-5.3864e-05,-5.2229e-05,-5.0886e-05,-4.9823e-05,-4.9029e-05,-4.8492e-05,-4.8199e-05,-4.8139e-05,-4.8299e-05,-4.8666e-05,-4.9228e-05,-4.9973e-05,-5.0888e-05,-5.1961e-05,-5.3178e-05,-5.4528e-05,-5.5995e-05,-5.7567e-05,-5.9227e-05,-6.0961e-05,-6.2753e-05,-6.4584e-05,-6.6437e-05,-6.8293e-05,-7.0131e-05,-7.193e-05,-7.3667e-05,-7.5317e-05,-7.6857e-05,-7.826e-05,-7.9497e-05,-8.0541e-05,-8.1361e-05,-8.1926e-05,-8.2205e-05,-8.2162e-05,-8.1766e-05,-8.098e-05,-7.9769e-05,-7.8098e-05,-7.5931e-05,-7.3232e-05,-6.9964e-05,-6.6092e-05,-6.158e-05,-5.6395e-05,-5.0503e-05,-4.3874e-05,-3.6478e-05,-2.8291e-05,-1.9291e-05,-9.4599e-06,1.2123e-06,1.2728e-05,2.5079e-05,3.8241e-05,5.217e-05,6.6794e-05,8.2004e-05,9.7643e-05,0.00011349,0.00012925,0.00014454,0.00015888,0.00017171,0.00018244,0.00019047,0.00019526,0.00019636,0.00019355,0.00018738
-0.00010019,-0.00010507,-0.00010828,-0.00010942,-0.00010872,-0.00010652,-0.00010318,-9.9066e-05,-9.447e-05,-8.9648e-05,-8.4793e-05,-8.0049e-05,-7.552e-05,-7.1276e-05,-6.736e-05,-6.3799e-05,-6.0602e-05,-5.7771e-05,-5.53e-05,-5.3181e-05,-5.1395e-05,-4.9932e-05,-4.8776e-05,-4.791e-05,-4.7319e-05,-4.6987e-05,-4.6899e-05,-4.7042e-05,-4.74e-05,-4.796e-05,-4.8707e-05,-4.9629e-05,-5.0712e-05,-5.1941e-05,-5.3303e-05,-5.4784e-05,-5.6369e-05,-5.8042e-05,-5.9788e-05,-6.1589e-05,-6.3427e-05,-6.5285e-05,-6.7142e-05,-6.8978e-05,-7.077e-05,-7.2497e-05,-7.4132e-05,-7.5651e-05,-7.7027e-05,-7.8232e-05,-7.9237e-05,-8.0011e-05,-8.0523e-05,-8.0739e-05,-8.0626e-05,-8.0149e-05,-7.9272e-05,-7.7958e-05,-7.6171e-05,-7.3875e-05,-7.1031e-05,-6.7601e-05,-6.3549e-05,-5.8835e-05,-5.3423e-05,-4.7278e-05,-4.0363e-05,-3.2646e-05,-2.4095e-05,-1.4681e-05,-4.38e-06,6.8291e-06,1.896e-05,3.2018e-05,4.5994e-05,6.0864e-05,7.6575e-05,9.3039e-05,0.00011012,0.00012761,0.00014523,0.00016257,0.00017913,0.00019427,0.00020727,0.00021738,0.00022388,0.00022615,0.00022378,0.00021729
-0.00011078,-0.00011654,-0.00011996,-0.00012068,-0.00011907,-0.00011568,-0.00011102,-0.00010558,-9.9733e-05,-9.3774e-05,-8.7917e-05,-8.231e-05,-7.7049e-05,-7.2193e-05,-6.7772e-05,-6.3796e-05,-6.0263e-05,-5.7162e-05,-5.4476e-05,-5.2185e-05,-5.0267e-05,-4.8703e-05,-4.747e-05,-4.6548e-05,-4.5919e-05,-4.5562e-05,-4.5461e-05,-4.5599e-05,-4.5959e-05,-4.6526e-05,-4.7285e-05,-4.8221e-05,-4.932e-05,-5.0567e-05,-5.1947e-05,-5.3446e-05,-5.5047e-05,-5.6735e-05,-5.8494e-05,-6.0306e-05,-6.2152e-05,-6.4015e-05,-6.5874e-05,-6.7707e-05,-6.9492e-05,-7.1207e-05,-7.2826e-05,-7.4324e-05,-7.5673e-05,-7.6845e-05,-7.781e-05,-7.8537e-05,-7.8995e-05,-7.9149e-05,-7.8966e-05,-7.8409e-05,-7.7442e-05,-7.6029e-05,-7.4129e-05,-7.1707e-05,-6.8723e-05,-6.5138e-05,-6.0911e-05,-5.6003e-05,-5.0374e-05,-4.3983e-05,-3.6792e-05,-2.8762e-05,-1.9855e-05,-1.0036e-05,7.3068e-07,1.2475e-05,2.5226e-05,3.9003e-05,5.3818e-05,6.9669e-05,8.6531e-05,0.00010435,0.00012301,0.00014235,0.00016209,0.00018184,0.00020107,0.00021906,0.00023496,0.00024781,0.00025665,0.00026057,0.00025892,0.0002521
-0.00012418,-0.00013097,-0.00013444,-0.0001343,-0.00013127,-0.00012615,-0.0001197,-0.00011254,-0.00010513,-9.7808e-05,-9.0793e-05,-8.4221e-05,-7.8169e-05,-7.2671e-05,-6.7736e-05,-6.3352e-05,-5.95e-05,-5.6149e-05,-5.327e-05,-5.0834e-05,-4.881e-05,-4.7168e-05,-4.5882e-05,-4.4927e-05,-4.4279e-05,-4.3916e-05,-4.3817e-05,-4.3965e-05,-4.434e-05,-4.4926e-05,-4.5707e-05,-4.6667e-05,-4.779e-05,-4.9061e-05,-5.0464e-05,-5.1985e-05,-5.3607e-05,-5.5314e-05,-5.7088e-05,-5.8913e-05,-6.077e-05,-6.2639e-05,-6.45e-05,-6.6331e-05,-6.8111e-05,-6.9815e-05,-7.1418e-05,-7.2895e-05,-7.4218e-05,-7.5357e-05,-7.6284e-05,-7.6967e-05,-7.7373e-05,-7.7468e-05,-7.7218e-05,-7.6586e-05,-7.5535e-05,-7.4026e-05,-7.2021e-05,-6.9482e-05,-6.6368e-05,-6.2638e-05,-5.825e-05,-5.3161e-05,-4.7328e-05,-4.0709e-05,-3.3259e-05,-2.4935e-05,-1.5692e-05,-5.4864e-06,5.7265e-06,1.799e-05,3.1347e-05,4.5837e-05,6.1494e-05,7.8345e-05,9.6399e-05,0.00011564,0.00013601,0.00015738,0.00017952,0.00020208,0.00022451,0.00024605,0.00026568,0.00028221,0.0002943,0.00030066,0.0003002,0.00029307
-0.00014156,-0.0001495,-0.00015263,-0.00015093,-0.00014564,-0.00013802,-0.00012913,-0.00011976,-0.00011043,-0.00010151,-9.319e-05,-8.557e-05,-7.8692e-05,-7.2548e-05,-6.7119e-05,-6.2355e-05,-5.8216e-05,-5.4655e-05,-5.1623e-05,-4.908e-05,-4.6983e-05,-4.5298e-05,-4.3989e-05,-4.3027e-05,-4.2385e-05,-4.2037e-05,-4.1961e-05,-4.2136e-05,-4.2541e-05,-4.316e-05,-4.3974e-05,-4.4968e-05,-4.6124e-05,-4.7426e-05,-4.886e-05,-5.0409e-05,-5.2057e-05,-5.3786e-05,-5.558e-05,-5.7421e-05,-5.9291e-05,-6.1169e-05,-6.3034e-05,-6.4867e-05,-6.6642e-05,-6.8338e-05,-6.9928e-05,-7.1387e-05,-7.2686e-05,-7.3797e-05,-7.4689e-05,-7.5331e-05,-7.5691e-05,-7.5733e-05,-7.5422e-05,-7.4723e-05,-7.3597e-05,-7.2004e-05,-6.9905e-05,-6.7262e-05,-6.4032e-05,-6.0174e-05,-5.5643e-05,-5.0393e-05,-4.4381e-05,-3.7558e-05,-2.9876e-05,-2.1287e-05,-1.1739e-05,-1.1794e-06,1.0446e-05,2.3194e-05,3.7124e-05,5.2296e-05,6.8772e-05,8.661e-05,0.00010586,0.00012656,0.00014872,0.00017228,0.00019709,0.00022286,0.00024911,0.00027502,0.00029947,0.00032097,0.00033771,0.00034776,0.00034932,0.00034206
-0.0001648,-0.00017388,-0.00017582,-0.0001713,-0.00016247,-0.00015125,-0.00013907,-0.00012689,-0.00011527,-0.00010452,-9.4781e-05,-8.6074e-05,-7.8383e-05,-7.1631e-05,-6.5756e-05,-6.0674e-05,-5.6311e-05,-5.2598e-05,-4.947e-05,-4.687e-05,-4.4749e-05,-4.3061e-05,-4.1767e-05,-4.0831e-05,-4.0224e-05,-3.9917e-05,-3.9886e-05,-4.0107e-05,-4.0561e-05,-4.1227e-05,-4.2088e-05,-4.3126e-05,-4.4325e-05,-4.5669e-05,-4.714e-05,-4.8724e-05,-5.0403e-05,-5.2161e-05,-5.398e-05,-5.5842e-05,-5.7728e-05,-5.9618e-05,-6.1493e-05,-6.3329e-05,-6.5105e-05,-6.6797e-05,-6.8378e-05,-6.9823e-05,-7.1105e-05,-7.2193e-05,-7.3057e-05,-7.3666e-05,-7.3987e-05,-7.3986e-05,-7.3626e-05,-7.2871e-05,-7.1682e-05,-7.0019e-05,-6.7843e-05,-6.5114e-05,-6.179e-05,-5.7826e-05,-5.3176e-05,-4.7794e-05,-4.1632e-05,-3.4638e-05,-2.6761e-05,-1.7946e-05,-8.1369e-06,2.7289e-06,1.4716e-05,2.7894e-05,4.234e-05,5.8137e-05,7.5374e-05,9.4147e-05,0.00011456,0.0001367,0.00016067,0.0001865,0.00021417,0.00024354,0.00027421,0.00030546,0.00033611,0.00036436,0.00038783,0.00040363,0.00040877,0.00040189
-0.00019701,-0.00020675,-0.00020571,-0.00019616,-0.0001818,-0.00016546,-0.00014896,-0.00013332,-0.00011905,-0.00010632,-9.5129e-05,-8.5378e-05,-7.6948e-05,-6.9689e-05,-6.3472e-05,-5.817e-05,-5.3677e-05,-4.9896e-05,-4.6747e-05,-4.4158e-05,-4.207e-05,-4.043e-05,-3.9195e-05,-3.8325e-05,-3.7786e-05,-3.7549e-05,-3.7587e-05,-3.7877e-05,-3.8397e-05,-3.9127e-05,-4.0049e-05,-4.1145e-05,-4.2398e-05,-4.3792e-05,-4.531e-05,-4.6937e-05,-4.8655e-05,-5.0447e-05,-5.2296e-05,-5.4185e-05,-5.6093e-05,-5.8002e-05,-5.9891e-05,-6.1738e-05,-6.352e-05,-6.5214e-05,-6.6794e-05,-6.8233e-05,-6.9504e-05,-7.0578e-05,-7.1425e-05,-7.2012e-05,-7.2307e-05,-7.2274e-05,-7.1879e-05,-7.1084e-05,-6.9851e-05,-6.8136e-05,-6.5905e-05,-6.3115e-05,-5.9721e-05,-5.568e-05,-5.0943e-05,-4.5463e-05,-3.9188e-05,-3.2065e-05,-2.4039e-05,-1.5049e-05,-5.0339e-06,6.0767e-06,1.8357e-05,3.1892e-05,4.6772e-05,6.3104e-05,8.1006e-05,0.00010061,0.00012208,0.00014558,0.00017128,0.00019937,0.00022999,0.0002632,0.00029883,0.00033642,0.00037487,0.00041226,0.00044555,0.00047053,0.0004822,0.00047704
-0.00024361,-0.00025223,-0.00024445,-0.00022603,-0.00020314,-0.00017969,-0.0001577,-0.00013803,-0.00012091,-0.0001062,-9.3673e-05,-8.3051e-05,-7.4066e-05,-6.6478e-05,-6.0083e-05,-5.471e-05,-5.0214e-05,-4.6477e-05,-4.3401e-05,-4.0904e-05,-3.8918e-05,-3.7386e-05,-3.626e-05,-3.5497e-05,-3.5063e-05,-3.4928e-05,-3.5063e-05,-3.5444e-05,-3.6051e-05,-3.6863e-05,-3.7861e-05,-3.9028e-05,-4.0347e-05,-4.1802e-05,-4.3376e-05,-4.5054e-05,-4.6818e-05,-4.8653e-05,-5.0541e-05,-5.2463e-05,-5.4401e-05,-5.6336e-05,-5.8247e-05,-6.0112e-05,-6.1909e-05,-6.3614e-05,-6.5201e-05,-6.6645e-05,-6.7918e-05,-6.899e-05,-6.9832e-05,-7.0411e-05,-7.0695e-05,-7.065e-05,-7.0238e-05,-6.9423e-05,-6.8166e-05,-6.6426e-05,-6.4166e-05,-6.1342e-05,-5.7911e-05,-5.3826e-05,-4.9039e-05,-4.3501e-05,-3.7158e-05,-2.9956e-05,-2.1834e-05,-1.2731e-05,-2.5767e-06,8.7038e-06,2.1194e-05,3.499e-05,5.0198e-05,6.6945e-05,8.5377e-05,0.00010567,0.00012802,0.00015269,0.00017995,0.00021013,0.00024358,0.00028065,0.00032158,0.00036632,0.00041426,0.00046372,0.00051128,0.00055113,0.00057502,0.00057499
-0.00031466,-0.00031662,-0.00029421,-0.00026043,-0.00022482,-0.00019196,-0.00016349,-0.00013954,-0.00011968,-0.00010329,-8.9789e-05,-7.8641e-05,-6.9419e-05,-6.1776e-05,-5.5438e-05,-5.0187e-05,-4.585e-05,-4.2292e-05,-3.9401e-05,-3.7088e-05,-3.5281e-05,-3.3921e-05,-3.2957e-05,-3.2347e-05,-3.2057e-05,-3.2054e-05,-3.2314e-05,-3.2811e-05,-3.3525e-05,-3.4436e-05,-3.5525e-05,-3.6777e-05,-3.8175e-05,-3.9702e-05,-4.1343e-05,-4.3082e-05,-4.4903e-05,-4.6789e-05,-4.8723e-05,-5.0689e-05,-5.2666e-05,-5.4636e-05,-5.6579e-05,-5.8473e-05,-6.0296e-05,-6.2023e-05,-6.3631e-05,-6.5093e-05,-6.6382e-05,-6.7468e-05,-6.8322e-05,-6.8911e-05,-6.9204e-05,-6.9166e-05,-6.876e-05,-6.795e-05,-6.6696e-05,-6.4959e-05,-6.27e-05,-5.9877e-05,-5.6444e-05,-5.2355e-05,-4.7561e-05,-4.2011e-05,-3.5651e-05,-2.8425e-05,-2.027e-05,-1.1121e-05,-9.0456e-07,1.0459e-05,2.3062e-05,3.7006e-05,5.2413e-05,6.9425e-05,8.8211e-05,0.00010898,0.00013198,0.00015754,0.00018603,0.00021794,0.00025385,0.00029447,0.00034054,0.00039279,0.00045156,0.00051622,0.00058393,0.0006478,0.00069499,0.00070865
-0.00042954,-0.00040877,-0.00035567,-0.0002963,-0.00024288,-0.00019876,-0.00016356,-0.00013583,-0.00011398,-9.6679e-05,-8.287e-05,-7.1762e-05,-6.2762e-05,-5.5433e-05,-4.9445e-05,-4.455e-05,-4.056e-05,-3.7329e-05,-3.4744e-05,-3.2713e-05,-3.1165e-05,-3.0041e-05,-2.9294e-05,-2.8882e-05,-2.8772e-05,-2.8935e-05,-2.9346e-05,-2.9981e-05,-3.0822e-05,-3.185e-05,-3.3047e-05,-3.4398e-05,-3.5887e-05,-3.7498e-05,-3.9217e-05,-4.1028e-05,-4.2915e-05,-4.4863e-05,-4.6855e-05,-4.8874e-05,-5.0902e-05,-5.2919e-05,-5.4906e-05,-5.6841e-05,-5.8704e-05,-6.0469e-05,-6.2113e-05,-6.3609e-05,-6.4932e-05,-6.6051e-05,-6.6937e-05,-6.7559e-05,-6.7884e-05,-6.7878e-05,-6.7505e-05,-6.6728e-05,-6.5508e-05,-6.3807e-05,-6.1585e-05,-5.8799e-05,-5.5405e-05,-5.1354e-05,-4.66e-05,-4.1089e-05,-3.4768e-05,-2.7578e-05,-1.9456e-05,-1.0336e-05,-1.4141e-07,1.1211e-05,2.3816e-05,3.7784e-05,5.3243e-05,7.0345e-05,8.9279e-05,0.00011027,0.00013362,0.00015968,0.00018893,0.00022199,0.00025966,0.00030302,0.00035343,0.00041259,0.00048243,0.0005646,0.00065904,0.0007605,0.00085215,0.00090079
-0.00062627,-0.00053764,-0.00042324,-0.00032474,-0.0002496,-0.00019449,-0.00015429,-0.00012468,-0.00010251,-8.5618e-05,-7.252e-05,-6.2215e-05,-5.4013e-05,-4.743e-05,-4.2119e-05,-3.7831e-05,-3.4381e-05,-3.1628e-05,-2.9466e-05,-2.7812e-05,-2.6598e-05,-2.5773e-05,-2.5292e-05,-2.5119e-05,-2.5224e-05,-2.5582e-05,-2.6168e-05,-2.6964e-05,-2.7951e-05,-2.9112e-05,-3.0431e-05,-3.1895e-05,-3.3487e-05,-3.5195e-05,-3.7003e-05,-3.8898e-05,-4.0864e-05,-4.2886e-05,-4.4947e-05,-4.7032e-05,-4.9123e-05,-5.1201e-05,-5.3247e-05,-5.5239e-05,-5.7157e-05,-5.8977e-05,-6.0676e-05,-6.2227e-05,-6.3604e-05,-6.4778e-05,-6.5721e-05,-6.64e-05,-6.6784e-05,-6.6839e-05,-6.6529e-05,-6.5816e-05,-6.4665e-05,-6.3036e-05,-6.0889e-05,-5.8181e-05,-5.4868e-05,-5.0903e-05,-4.6237e-05,-4.0819e-05,-3.4594e-05,-2.7504e-05,-1.9486e-05,-1.0472e-05,-3.866e-07,1.0855e-05,2.3349e-05,3.7207e-05,5.2559e-05,6.9563e-05,8.8412e-05,0.00010934,0.00013267,0.00015877,0.00018819,0.00022161,0.00026002,0.00030476,0.00035776,0.00042178,0.00050074,0.00059994,0.00072556,0.00088109,0.0010548,0.0011913
-0.00097298,-0.00069735,-0.0004735,-0.00032625,-0.00023273,-0.00017245,-0.0001323,-0.00010456,-8.4677e-05,-6.9978e-05,-5.8821e-05,-5.0173e-05,-4.3368e-05,-3.7958e-05,-3.3636e-05,-3.0185e-05,-2.7447e-05,-2.5303e-05,-2.3667e-05,-2.2467e-05,-2.1651e-05,-2.1174e-05,-2.1001e-05,-2.1101e-05,-2.145e-05,-2.2026e-05,-2.2809e-05,-2.3783e-05,-2.4931e-05,-2.624e-05,-2.7695e-05,-2.9284e-05,-3.0993e-05,-3.2809e-05,-3.4718e-05,-3.6708e-05,-3.8764e-05,-4.0872e-05,-4.3017e-05,-4.5182e-05,-4.735e-05,-4.9504e-05,-5.1624e-05,-5.3691e-05,-5.5683e-05,-5.7578e-05,-5.9352e-05,-6.0979e-05,-6.2434e-05,-6.3688e-05,-6.4713e-05,-6.5477e-05,-6.5949e-05,-6.6095e-05,-6.588e-05,-6.5267e-05,-6.422e-05,-6.2701e-05,-6.0668e-05,-5.808e-05,-5.4892e-05,-5.1059e-05,-4.6532e-05,-4.126e-05,-3.5189e-05,-2.8261e-05,-2.0416e-05,-1.1585e-05,-1.6947e-06,9.3384e-06,2.1608e-05,3.5223e-05,5.0311e-05,6.7024e-05,8.5551e-05,0.00010612,0.00012904,0.00015469,0.00018359,0.00021646,0.00025429,0.00029856,0.00035148,0.00041653,0.00049937,0.00060942,0.00076237,0.00098206,0.0012916,0.0016441
-0.0015296,-0.0008149,-0.0004525,-0.0002764,-0.00018418,-0.00013156,-9.9095e-05,-7.7646e-05,-6.2657e-05,-5.1708e-05,-4.3438e-05,-3.704e-05,-3.2009e-05,-2.8021e-05,-2.4852e-05,-2.2348e-05,-2.0397e-05,-1.8916e-05,-1.7841e-05,-1.7123e-05,-1.6722e-05,-1.6606e-05,-1.675e-05,-1.713e-05,-1.7727e-05,-1.8525e-05,-1.9507e-05,-2.0662e-05,-2.1974e-05,-2.3433e-05,-2.5027e-05,-2.6743e-05,-2.8571e-05,-3.0499e-05,-3.2514e-05,-3.4604e-05,-3.6756e-05,-3.8957e-05,-4.1191e-05,-4.3444e-05,-4.5699e-05,-4.7939e-05,-5.0145e-05,-5.2298e-05,-5.4377e-05,-5.636e-05,-5.8224e-05,-5.9945e-05,-6.1495e-05,-6.2847e-05,-6.3974e-05,-6.4844e-05,-6.5425e-05,-6.5685e-05,-6.5589e-05,-6.5102e-05,-6.4186e-05,-6.2802e-05,-6.0912e-05,-5.8474e-05,-5.5443e-05,-5.1775e-05,-4.7422e-05,-4.2333e-05,-3.6457e-05,-2.9737e-05,-2.2113e-05,-1.3519e-05,-3.8845e-06,6.8697e-06,1.8833e-05,3.2108e-05,4.6813e-05,6.3091e-05,8.1112e-05,0.00010109,0.00012329,0.00014807,0.00017588,0.00020737,0.00024342,0.00028537,0.00033527,0.00039653,0.00047515,0.00058268,0.00074295,0.001007,0.0014792,0.0022926
