1.1241e-17,-6.1322e-09,-4.7e-08,-1.2314e-07,-2.2855e-07,-3.5574e-07,-4.9747e-07,-6.4737e-07,-8.0001e-07,-9.509e-07,-1.0963e-06,-1.2333e-06,-1.3594e-06,-1.4727e-06,-1.5718e-06,-1.6553e-06,-1.7225e-06,-1.7728e-06,-1.8055e-06,-1.8203e-06,-1.8171e-06,-1.7957e-06,-1.7561e-06,-1.6981e-06,-1.6218e-06,-1.5274e-06,-1.4149e-06,-1.2844e-06,-1.1361e-06,-9.7019e-07,-7.8694e-07,-5.8661e-07,-3.6955e-07,-1.3615e-07,1.1309e-07,3.7765e-07,6.5687e-07,9.5003e-07,1.2563e-06,1.5747e-06,1.9042e-06,2.2437e-06,2.5918e-06,2.9472e-06,3.3082e-06,3.6734e-06,4.0408e-06,4.4087e-06,4.7751e-06,5.1381e-06,5.4955e-06,5.8452e-06,6.1851e-06,6.5131e-06,6.827e-06,7.1248e-06,7.4044e-06,7.6641e-06,7.902e-06,8.1164e-06,8.306e-06,8.4695e-06,8.6059e-06,8.7144e-06,8.7945e-06,8.846e-06,8.869e-06,8.8637e-06,8.831e-06,8.7718e-06,8.6874e-06,8.5796e-06,8.4501e-06,8.3014e-06,8.1358e-06,7.9563e-06,7.766e-06,7.5682e-06,7.3666e-06,7.165e-06,6.9676e-06,6.7786e-06,6.6027e-06,6.4446e-06,6.3089e-06,6.2004e-06,6.1231e-06,6.0794e-06,6.0678e-06,6.0785e-06
6.1393e-09,7.353e-12,-3.7768e-08,-1.0556e-07,-1.9835e-07,-3.1024e-07,-4.3535e-07,-5.683e-07,-7.0434e-07,-8.394e-07,-9.7006e-07,-1.0935e-06,-1.2074e-06,-1.3098e-06,-1.3992e-06,-1.4746e-06,-1.5348e-06,-1.5793e-06,-1.6074e-06,-1.6187e-06,-1.6131e-06,-1.5903e-06,-1.5501e-06,-1.4926e-06,-1.4177e-06,-1.3255e-06,-1.2161e-06,-1.0895e-06,-9.4588e-07,-7.8551e-07,-6.0857e-07,-4.1535e-07,-2.0619e-07,1.8513e-08,2.583e-07,5.1262e-07,7.8085e-07,1.0623e-06,1.3561e-06,1.6614e-06,1.9771e-06,2.3022e-06,2.6354e-06,2.9752e-06,3.3204e-06,3.6693e-06,4.0202e-06,4.3713e-06,4.7209e-06,5.067e-06,5.4077e-06,5.7409e-06,6.0647e-06,6.3771e-06,6.6761e-06,6.9596e-06,7.2259e-06,7.4733e-06,7.6999e-06,7.9044e-06,8.0854e-06,8.2417e-06,8.3725e-06,8.477e-06,8.5548e-06,8.6057e-06,8.6298e-06,8.6274e-06,8.5994e-06,8.5467e-06,8.4705e-06,8.3724e-06,8.2543e-06,8.1183e-06,7.9669e-06,7.8027e-06,7.6287e-06,7.4479e-06,7.264e-06,7.0803e-06,6.9007e-06,6.7292e-06,6.5698e-06,6.4267e-06,6.3039e-06,6.2052e-06,6.1338e-06,6.0917e-06,6.0785e-06,6.0893e-06
4.7127e-08,3.7798e-08,-1.5505e-10,-6.377e-08,-1.4846e-07,-2.4935e-07,-3.6164e-07,-4.8084e-07,-6.0287e-07,-7.2418e-07,-8.4169e-07,-9.5281e-07,-1.0554e-06,-1.1475e-06,-1.2279e-06,-1.2953e-06,-1.3488e-06,-1.3876e-06,-1.4111e-06,-1.4191e-06,-1.411e-06,-1.3868e-06,-1.3462e-06,-1.2892e-06,-1.2157e-06,-1.1258e-06,-1.0195e-06,-8.9697e-07,-7.5826e-07,-6.0358e-07,-4.3314e-07,-2.4722e-07,-4.6144e-08,1.697e-07,3.9987e-07,6.4382e-07,9.0097e-07,1.1706e-06,1.452e-06,1.7441e-06,2.0462e-06,2.357e-06,2.6754e-06,3.0001e-06,3.3296e-06,3.6626e-06,3.9974e-06,4.3324e-06,4.6657e-06,4.9956e-06,5.3202e-06,5.6377e-06,5.9461e-06,6.2436e-06,6.5283e-06,6.7984e-06,7.0521e-06,7.2877e-06,7.5037e-06,7.6988e-06,7.8716e-06,8.0211e-06,8.1465e-06,8.2472e-06,8.3226e-06,8.3728e-06,8.3978e-06,8.398e-06,8.3741e-06,8.3271e-06,8.2582e-06,8.1689e-06,8.061e-06,7.9365e-06,7.7977e-06,7.6472e-06,7.4877e-06,7.3222e-06,7.1537e-06,6.9857e-06,6.8216e-06,6.665e-06,6.5195e-06,6.3887e-06,6.2762e-06,6.1851e-06,6.1184e-06,6.078e-06,6.0651e-06,6.078e-06
1.2384e-07,1.0588e-07,6.3124e-08,-9.4887e-10,-8.2309e-08,-1.7691e-07,-2.808e-07,-3.9023e-07,-5.0177e-07,-6.1235e-07,-7.1928e-07,-8.2023e-07,-9.1324e-07,-9.9666e-07,-1.0691e-06,-1.1295e-06,-1.1769e-06,-1.2107e-06,-1.2302e-06,-1.235e-06,-1.2247e-06,-1.1992e-06,-1.1583e-06,-1.1019e-06,-1.0299e-06,-9.4224e-07,-8.3907e-07,-7.2043e-07,-5.8643e-07,-4.3724e-07,-2.7306e-07,-9.415e-08,9.919e-08,3.0659e-07,5.2762e-07,7.6177e-07,1.0085e-06,1.267e-06,1.5367e-06,1.8167e-06,2.1061e-06,2.4037e-06,2.7085e-06,3.0193e-06,3.3347e-06,3.6533e-06,3.9736e-06,4.2939e-06,4.6126e-06,4.9281e-06,5.2384e-06,5.5419e-06,5.8368e-06,6.1211e-06,6.3933e-06,6.6515e-06,6.8941e-06,7.1195e-06,7.3262e-06,7.513e-06,7.6787e-06,7.8222e-06,7.9429e-06,8.04e-06,8.1133e-06,8.1627e-06,8.1883e-06,8.1904e-06,8.1698e-06,8.1275e-06,8.0645e-06,7.9823e-06,7.8827e-06,7.7675e-06,7.6391e-06,7.4996e-06,7.3518e-06,7.1985e-06,7.0425e-06,6.8868e-06,6.7348e-06,6.5896e-06,6.4544e-06,6.3326e-06,6.2271e-06,6.141e-06,6.0768e-06,6.0368e-06,6.0229e-06,6.035e-06
2.3073e-07,1.9957e-07,1.4777e-07,7.9162e-08,-2.9278e-09,-9.5211e-08,-1.9447e-07,-2.9762e-07,-4.0181e-07,-5.0443e-07,-6.0318e-07,-6.9603e-07,-7.8125e-07,-8.5736e-07,-9.2313e-07,-9.7753e-07,-1.0197e-06,-1.0491e-06,-1.065e-06,-1.067e-06,-1.0549e-06,-1.0284e-06,-9.8732e-07,-9.3153e-07,-8.6096e-07,-7.7561e-07,-6.7549e-07,-5.6067e-07,-4.3123e-07,-2.8733e-07,-1.2916e-07,4.3067e-08,2.2905e-07,4.2844e-07,6.4084e-07,8.6577e-07,1.1027e-06,1.3509e-06,1.6098e-06,1.8786e-06,2.1562e-06,2.4419e-06,2.7344e-06,3.0325e-06,3.3352e-06,3.6408e-06,3.9481e-06,4.2554e-06,4.5612e-06,4.8639e-06,5.1617e-06,5.453e-06,5.7359e-06,6.0089e-06,6.2702e-06,6.5181e-06,6.7511e-06,6.9677e-06,7.1665e-06,7.3461e-06,7.5056e-06,7.644e-06,7.7605e-06,7.8546e-06,7.9259e-06,7.9744e-06,8.0002e-06,8.0038e-06,7.9857e-06,7.9469e-06,7.8885e-06,7.8119e-06,7.7188e-06,7.611e-06,7.4905e-06,7.3598e-06,7.2211e-06,7.0771e-06,6.9305e-06,6.7842e-06,6.641e-06,6.504e-06,6.376e-06,6.26e-06,6.1588e-06,6.0749e-06,6.0109e-06,5.9692e-06,5.9518e-06,5.9592e-06
3.608e-07,3.1333e-07,2.4919e-07,1.7274e-07,8.6614e-08,-6.6143e-09,-1.0438e-07,-2.0421e-07,-3.0375e-07,-4.0086e-07,-4.9359e-07,-5.8024e-07,-6.593e-07,-7.2949e-07,-7.8974e-07,-8.3914e-07,-8.7694e-07,-9.0252e-07,-9.1539e-07,-9.1516e-07,-9.0153e-07,-8.7425e-07,-8.3316e-07,-7.7814e-07,-7.091e-07,-6.2603e-07,-5.2892e-07,-4.1782e-07,-2.9281e-07,-1.5401e-07,-1.5931e-09,1.6424e-07,3.4322e-07,5.3503e-07,7.393e-07,9.5558e-07,1.1834e-06,1.422e-06,1.6709e-06,1.9293e-06,2.1963e-06,2.471e-06,2.7523e-06,3.0391e-06,3.3303e-06,3.6244e-06,3.9201e-06,4.216e-06,4.5105e-06,4.802e-06,5.0889e-06,5.3695e-06,5.6423e-06,5.9055e-06,6.1575e-06,6.3967e-06,6.6215e-06,6.8306e-06,7.0226e-06,7.1963e-06,7.3505e-06,7.4845e-06,7.5974e-06,7.6888e-06,7.7584e-06,7.806e-06,7.8318e-06,7.8362e-06,7.8199e-06,7.7837e-06,7.7287e-06,7.6563e-06,7.5681e-06,7.4657e-06,7.3513e-06,7.227e-06,7.095e-06,6.9578e-06,6.818e-06,6.6781e-06,6.541e-06,6.4093e-06,6.2856e-06,6.1727e-06,6.073e-06,5.989e-06,5.9229e-06,5.877e-06,5.8533e-06,5.8526e-06
5.0723e-07,4.4155e-07,3.6275e-07,2.7595e-07,1.8318e-07,8.6376e-08,-1.2483e-08,-1.1145e-07,-2.0866e-07,-3.0237e-07,-3.91e-07,-4.7314e-07,-5.4754e-07,-6.1312e-07,-6.6898e-07,-7.1433e-07,-7.4852e-07,-7.7104e-07,-7.8144e-07,-7.7937e-07,-7.6457e-07,-7.3682e-07,-6.9595e-07,-6.4184e-07,-5.7443e-07,-4.9367e-07,-3.9956e-07,-2.9212e-07,-1.7142e-07,-3.7561e-08,1.0932e-07,2.6904e-07,4.4136e-07,6.26e-07,8.2261e-07,1.0308e-06,1.25e-06,1.4798e-06,1.7195e-06,1.9684e-06,2.2256e-06,2.4904e-06,2.7616e-06,3.0383e-06,3.3192e-06,3.6031e-06,3.8888e-06,4.1746e-06,4.4592e-06,4.7411e-06,5.0186e-06,5.2902e-06,5.5543e-06,5.8092e-06,6.0534e-06,6.2853e-06,6.5034e-06,6.7063e-06,6.8927e-06,7.0613e-06,7.2113e-06,7.3416e-06,7.4515e-06,7.5407e-06,7.6086e-06,7.6554e-06,7.681e-06,7.6859e-06,7.6707e-06,7.6363e-06,7.5837e-06,7.5142e-06,7.4293e-06,7.3308e-06,7.2205e-06,7.1006e-06,6.9731e-06,6.8404e-06,6.7049e-06,6.5691e-06,6.4354e-06,6.3064e-06,6.1845e-06,6.0722e-06,5.9716e-06,5.8851e-06,5.8147e-06,5.7624e-06,5.7301e-06,5.7188e-06
6.6389e-07,5.7899e-07,4.8401e-07,3.8504e-07,2.8363e-07,1.8117e-07,7.9138e-08,-2.1005e-08,-1.1782e-07,-2.0995e-07,-2.9616e-07,-3.753e-07,-4.464e-07,-5.0857e-07,-5.6108e-07,-6.0329e-07,-6.3467e-07,-6.5479e-07,-6.6328e-07,-6.5985e-07,-6.4427e-07,-6.1634e-07,-5.7593e-07,-5.2293e-07,-4.5727e-07,-3.7889e-07,-2.8779e-07,-1.8397e-07,-6.7488e-08,6.1584e-08,2.0313e-07,3.5699e-07,5.2297e-07,7.0082e-07,8.9022e-07,1.0908e-06,1.3021e-06,1.5237e-06,1.7549e-06,1.9951e-06,2.2435e-06,2.4992e-06,2.7614e-06,3.029e-06,3.301e-06,3.576e-06,3.8528e-06,4.13e-06,4.4061e-06,4.6798e-06,4.9494e-06,5.2135e-06,5.4703e-06,5.7184e-06,5.9562e-06,6.1822e-06,6.3948e-06,6.5927e-06,6.7746e-06,6.9394e-06,7.0859e-06,7.2133e-06,7.3209e-06,7.4081e-06,7.4748e-06,7.5207e-06,7.546e-06,7.5511e-06,7.5365e-06,7.5031e-06,7.4519e-06,7.3842e-06,7.3014e-06,7.2053e-06,7.0975e-06,6.98e-06,6.8551e-06,6.7248e-06,6.5914e-06,6.4573e-06,6.3248e-06,6.1962e-06,6.0738e-06,5.9598e-06,5.8563e-06,5.7652e-06,5.6885e-06,5.6279e-06,5.5849e-06,5.5613e-06
8.2544e-07,7.2087e-07,6.0878e-07,4.9638e-07,3.8487e-07,2.7516e-07,1.683e-07,6.5317e-08,-3.2722e-08,-1.2482e-07,-2.1003e-07,-2.8751e-07,-3.5651e-07,-4.1637e-07,-4.665e-07,-5.0643e-07,-5.3576e-07,-5.5413e-07,-5.6127e-07,-5.5695e-07,-5.4099e-07,-5.1322e-07,-4.7354e-07,-4.2184e-07,-3.5806e-07,-2.8216e-07,-1.941e-07,-9.3892e-08,1.8442e-08,1.4285e-07,2.7923e-07,4.2747e-07,5.8741e-07,7.5881e-07,9.4141e-07,1.1349e-06,1.3388e-06,1.5528e-06,1.7762e-06,2.0085e-06,2.2489e-06,2.4966e-06,2.7507e-06,3.0104e-06,3.2744e-06,3.5417e-06,3.8109e-06,4.0807e-06,4.3498e-06,4.6166e-06,4.8798e-06,5.1376e-06,5.3887e-06,5.6314e-06,5.8641e-06,6.0855e-06,6.2939e-06,6.488e-06,6.6666e-06,6.8284e-06,6.9723e-06,7.0976e-06,7.2034e-06,7.2893e-06,7.3549e-06,7.4002e-06,7.4251e-06,7.4301e-06,7.4157e-06,7.3828e-06,7.3322e-06,7.2653e-06,7.1835e-06,7.0883e-06,6.9814e-06,6.8649e-06,6.7407e-06,6.611e-06,6.4778e-06,6.3433e-06,6.2099e-06,6.0796e-06,5.9546e-06,5.8369e-06,5.7284e-06,5.6309e-06,5.5462e-06,5.4756e-06,5.4207e-06,5.3837e-06
9.8721e-07,8.6291e-07,7.3322e-07,6.0658e-07,4.839e-07,3.6575e-07,2.5276e-07,1.4562e-07,4.5029e-08,-4.8316e-08,-1.3377e-07,-2.1075e-07,-2.7873e-07,-3.3725e-07,-3.859e-07,-4.2435e-07,-4.5233e-07,-4.6958e-07,-4.7592e-07,-4.7119e-07,-4.5525e-07,-4.2798e-07,-3.893e-07,-3.3913e-07,-2.7741e-07,-2.0409e-07,-1.1914e-07,-2.2547e-08,8.568e-08,2.0551e-07,3.3689e-07,4.7972e-07,6.3386e-07,7.9915e-07,9.7534e-07,1.1622e-06,1.3593e-06,1.5662e-06,1.7825e-06,2.0076e-06,2.2407e-06,2.4813e-06,2.7283e-06,2.981e-06,3.2382e-06,3.4988e-06,3.7617e-06,4.0254e-06,4.2886e-06,4.55e-06,4.8079e-06,5.061e-06,5.3076e-06,5.5462e-06,5.7753e-06,5.9933e-06,6.1987e-06,6.3902e-06,6.5665e-06,6.7264e-06,6.8687e-06,6.9926e-06,7.0973e-06,7.1823e-06,7.2473e-06,7.292e-06,7.3167e-06,7.3215e-06,7.307e-06,7.274e-06,7.2234e-06,7.1564e-06,7.0745e-06,6.9791e-06,6.8719e-06,6.7548e-06,6.6298e-06,6.4989e-06,6.364e-06,6.2274e-06,6.0912e-06,5.9573e-06,5.8278e-06,5.7046e-06,5.5894e-06,5.4839e-06,5.3897e-06,5.3079e-06,5.2399e-06,5.1888e-06
1.1452e-06,1.0013e-06,8.538e-07,7.1243e-07,5.7787e-07,4.5039e-07,3.3028e-07,2.1793e-07,1.1372e-07,1.806e-08,-6.8682e-08,-1.4615e-07,-2.1405e-07,-2.721e-07,-3.2008e-07,-3.5779e-07,-3.8509e-07,-4.0182e-07,-4.079e-07,-4.0322e-07,-3.8771e-07,-3.6129e-07,-3.2391e-07,-2.755e-07,-2.1602e-07,-1.4542e-07,-6.3663e-08,2.9278e-08,1.3342e-07,2.4874e-07,3.7523e-07,5.1282e-07,6.6141e-07,8.2087e-07,9.9101e-07,1.1716e-06,1.3623e-06,1.5628e-06,1.7725e-06,1.9911e-06,2.2178e-06,2.452e-06,2.6929e-06,2.9395e-06,3.1909e-06,3.446e-06,3.7035e-06,3.9623e-06,4.221e-06,4.478e-06,4.7321e-06,4.9817e-06,5.2251e-06,5.461e-06,5.6876e-06,5.9036e-06,6.1073e-06,6.2974e-06,6.4725e-06,6.6314e-06,6.773e-06,6.8963e-06,7.0007e-06,7.0854e-06,7.1501e-06,7.1947e-06,7.2191e-06,7.2237e-06,7.2088e-06,7.1754e-06,7.1243e-06,7.0565e-06,6.9736e-06,6.877e-06,6.7683e-06,6.6494e-06,6.5221e-06,6.3884e-06,6.2504e-06,6.1099e-06,5.9692e-06,5.83e-06,5.6943e-06,5.5639e-06,5.4406e-06,5.3257e-06,5.2206e-06,5.1266e-06,5.0447e-06,4.979e-06
1.2957e-06,1.1325e-06,9.6729e-07,8.1092e-07,6.6403e-07,5.2659e-07,3.9864e-07,2.8027e-07,1.7159e-07,7.2731e-08,-1.6164e-08,-9.4978e-08,-1.6361e-07,-2.2197e-07,-2.7e-07,-3.0765e-07,-3.3488e-07,-3.5167e-07,-3.5799e-07,-3.5382e-07,-3.3914e-07,-3.1393e-07,-2.7815e-07,-2.3176e-07,-1.7473e-07,-1.0701e-07,-2.8553e-08,6.0677e-08,1.6071e-07,2.7157e-07,3.9326e-07,5.2576e-07,6.6899e-07,8.2288e-07,9.8728e-07,1.162e-06,1.3468e-06,1.5413e-06,1.7451e-06,1.9578e-06,2.1787e-06,2.4073e-06,2.6428e-06,2.8843e-06,3.1308e-06,3.3814e-06,3.6348e-06,3.8898e-06,4.145e-06,4.399e-06,4.6504e-06,4.8977e-06,5.1393e-06,5.3737e-06,5.5992e-06,5.8143e-06,6.0175e-06,6.2073e-06,6.3824e-06,6.5414e-06,6.6833e-06,6.8069e-06,6.9116e-06,6.9967e-06,7.0617e-06,7.1064e-06,7.1309e-06,7.1353e-06,7.12e-06,7.0859e-06,7.0338e-06,6.9648e-06,6.8802e-06,6.7814e-06,6.6702e-06,6.5483e-06,6.4175e-06,6.2797e-06,6.1369e-06,5.9912e-06,5.8443e-06,5.6983e-06,5.5549e-06,5.416e-06,5.283e-06,5.1574e-06,5.0405e-06,4.9333e-06,4.837e-06,4.7565e-06
1.4356e-06,1.2535e-06,1.0707e-06,8.9927e-07,7.3978e-07,5.9197e-07,4.5565e-07,3.3063e-07,2.168e-07,1.1405e-07,2.2285e-08,-5.8588e-08,-1.2866e-07,-1.8801e-07,-2.3675e-07,-2.7495e-07,-3.0269e-07,-3.2006e-07,-3.2712e-07,-3.2391e-07,-3.1047e-07,-2.8682e-07,-2.5295e-07,-2.0885e-07,-1.5449e-07,-8.9824e-08,-1.4804e-08,7.0625e-08,1.6652e-07,2.7292e-07,3.8987e-07,5.1737e-07,6.5542e-07,8.0395e-07,9.6288e-07,1.1321e-06,1.3113e-06,1.5003e-06,1.6987e-06,1.9061e-06,2.1219e-06,2.3456e-06,2.5765e-06,2.8137e-06,3.0563e-06,3.3033e-06,3.5535e-06,3.8058e-06,4.0587e-06,4.3109e-06,4.5608e-06,4.8071e-06,5.0481e-06,5.2822e-06,5.5079e-06,5.7234e-06,5.9273e-06,6.118e-06,6.2942e-06,6.4544e-06,6.5975e-06,6.7225e-06,6.8283e-06,6.9145e-06,6.9804e-06,7.0257e-06,7.0505e-06,7.0549e-06,7.0393e-06,7.0044e-06,6.951e-06,6.8802e-06,6.7933e-06,6.6918e-06,6.5771e-06,6.4512e-06,6.3157e-06,6.1726e-06,6.0239e-06,5.8714e-06,5.7171e-06,5.5628e-06,5.4104e-06,5.2615e-06,5.1176e-06,4.9802e-06,4.8505e-06,4.7294e-06,4.6182e-06,4.5228e-06
1.562e-06,1.3615e-06,1.1613e-06,9.7484e-07,8.0263e-07,6.442e-07,4.9914e-07,3.6703e-07,2.4754e-07,1.4033e-07,4.5101e-08,-3.8434e-08,-1.1055e-07,-1.7149e-07,-2.2151e-07,-2.6081e-07,-2.8961e-07,-3.0806e-07,-3.1632e-07,-3.145e-07,-3.027e-07,-2.8096e-07,-2.4933e-07,-2.078e-07,-1.5636e-07,-9.495e-08,-2.3527e-08,5.7986e-08,1.4966e-07,2.5158e-07,3.6381e-07,4.8639e-07,6.1936e-07,7.6272e-07,9.164e-07,1.0803e-06,1.2543e-06,1.4382e-06,1.6317e-06,1.8343e-06,2.0456e-06,2.2651e-06,2.4921e-06,2.7258e-06,2.9653e-06,3.2097e-06,3.4577e-06,3.7083e-06,3.9599e-06,4.2114e-06,4.4611e-06,4.7076e-06,4.9492e-06,5.1843e-06,5.4113e-06,5.6286e-06,5.8344e-06,6.0273e-06,6.2057e-06,6.3683e-06,6.5137e-06,6.6409e-06,6.7489e-06,6.8369e-06,6.9044e-06,6.9509e-06,6.9765e-06,6.9812e-06,6.9654e-06,6.9297e-06,6.8749e-06,6.8021e-06,6.7124e-06,6.6074e-06,6.4886e-06,6.3577e-06,6.2166e-06,6.0671e-06,5.9112e-06,5.7508e-06,5.5877e-06,5.4239e-06,5.2612e-06,5.1011e-06,4.9453e-06,4.7951e-06,4.6516e-06,4.5161e-06,4.3895e-06,4.2791e-06
1.6722e-06,1.4537e-06,1.2364e-06,1.0352e-06,8.5023e-07,6.8106e-07,5.2701e-07,3.8749e-07,2.6194e-07,1.4984e-07,5.0671e-08,-3.6026e-08,-1.107e-07,-1.7375e-07,-2.2556e-07,-2.6648e-07,-2.9681e-07,-3.1682e-07,-3.2673e-07,-3.2673e-07,-3.1695e-07,-2.975e-07,-2.6843e-07,-2.2977e-07,-1.815e-07,-1.2358e-07,-5.5937e-08,2.151e-08,1.0887e-07,2.0623e-07,3.1372e-07,4.3141e-07,5.5938e-07,6.9767e-07,8.4629e-07,1.0052e-06,1.1743e-06,1.3534e-06,1.5423e-06,1.7406e-06,1.948e-06,2.1638e-06,2.3876e-06,2.6185e-06,2.8558e-06,3.0983e-06,3.3452e-06,3.595e-06,3.8465e-06,4.0983e-06,4.3489e-06,4.5967e-06,4.8402e-06,5.0776e-06,5.3072e-06,5.5274e-06,5.7365e-06,5.9328e-06,6.1147e-06,6.2808e-06,6.4297e-06,6.5602e-06,6.6713e-06,6.7621e-06,6.832e-06,6.8805e-06,6.9074e-06,6.9128e-06,6.8971e-06,6.8607e-06,6.8045e-06,6.7294e-06,6.6367e-06,6.5278e-06,6.4042e-06,6.2677e-06,6.1201e-06,5.9632e-06,5.7991e-06,5.6296e-06,5.4566e-06,5.2821e-06,5.1079e-06,4.9355e-06,4.7667e-06,4.6026e-06,4.4447e-06,4.294e-06,4.1517e-06,4.0261e-06
1.7639e-06,1.5278e-06,1.2938e-06,1.0779e-06,8.8033e-07,7.0037e-07,5.3721e-07,3.9006e-07,2.5818e-07,1.4084e-07,3.7349e-08,-5.2927e-08,-1.3059e-07,-1.962e-07,-2.5028e-07,-2.9327e-07,-3.2559e-07,-3.4759e-07,-3.5958e-07,-3.618e-07,-3.5444e-07,-3.3764e-07,-3.1147e-07,-2.7599e-07,-2.3118e-07,-1.77e-07,-1.1336e-07,-4.0161e-08,4.2725e-08,1.3544e-07,2.3811e-07,3.5089e-07,4.7388e-07,6.0719e-07,7.5086e-07,9.0492e-07,1.0693e-06,1.2439e-06,1.4286e-06,1.6231e-06,1.8269e-06,2.0397e-06,2.2608e-06,2.4897e-06,2.7253e-06,2.9669e-06,3.2134e-06,3.4634e-06,3.7157e-06,3.969e-06,4.2216e-06,4.472e-06,4.7185e-06,4.9594e-06,5.193e-06,5.4175e-06,5.631e-06,5.832e-06,6.0188e-06,6.1897e-06,6.3433e-06,6.4783e-06,6.5936e-06,6.6882e-06,6.7614e-06,6.8126e-06,6.8416e-06,6.8483e-06,6.8331e-06,6.7963e-06,6.7388e-06,6.6615e-06,6.5655e-06,6.4523e-06,6.3235e-06,6.1808e-06,6.0259e-06,5.8608e-06,5.6875e-06,5.5079e-06,5.324e-06,5.1377e-06,4.9508e-06,4.7651e-06,4.5822e-06,4.4035e-06,4.2303e-06,4.0638e-06,3.9054e-06,3.7643e-06
1.8346e-06,1.5814e-06,1.3311e-06,1.1008e-06,8.9075e-07,7.0005e-07,5.2773e-07,3.7283e-07,2.3441e-07,1.1158e-07,3.4623e-09,-9.0733e-08,-1.7177e-07,-2.4033e-07,-2.9707e-07,-3.4255e-07,-3.7728e-07,-4.017e-07,-4.1618e-07,-4.2103e-07,-4.1647e-07,-4.0269e-07,-3.7979e-07,-3.4782e-07,-3.0678e-07,-2.5661e-07,-1.9722e-07,-1.2849e-07,-5.0264e-08,3.7637e-08,1.3539e-07,2.4317e-07,3.6116e-07,4.8948e-07,6.2827e-07,7.776e-07,9.3746e-07,1.1078e-06,1.2886e-06,1.4794e-06,1.6802e-06,1.8903e-06,2.1094e-06,2.3367e-06,2.5715e-06,2.8129e-06,3.0598e-06,3.3109e-06,3.565e-06,3.8207e-06,4.0764e-06,4.3305e-06,4.5813e-06,4.827e-06,5.0658e-06,5.2959e-06,5.5154e-06,5.7225e-06,5.9154e-06,6.0924e-06,6.2521e-06,6.3929e-06,6.5136e-06,6.6131e-06,6.6907e-06,6.7455e-06,6.7774e-06,6.7862e-06,6.772e-06,6.7353e-06,6.6768e-06,6.5973e-06,6.4981e-06,6.3805e-06,6.2461e-06,6.0966e-06,5.9338e-06,5.7598e-06,5.5765e-06,5.3859e-06,5.19e-06,4.9909e-06,4.7904e-06,4.5903e-06,4.3924e-06,4.1981e-06,4.0089e-06,3.8259e-06,3.6508e-06,3.4941e-06
1.8823e-06,1.6125e-06,1.3462e-06,1.1018e-06,8.7943e-07,6.7808e-07,4.9662e-07,3.3391e-07,1.8882e-07,6.0305e-08,-5.2672e-08,-1.5107e-07,-2.3579e-07,-3.0765e-07,-3.6743e-07,-4.1578e-07,-4.5331e-07,-4.8055e-07,-4.9793e-07,-5.058e-07,-5.0444e-07,-4.9406e-07,-4.7479e-07,-4.4668e-07,-4.0974e-07,-3.639e-07,-3.0905e-07,-2.4506e-07,-1.7172e-07,-8.8831e-08,3.8271e-09,1.0648e-07,2.1936e-07,3.4266e-07,4.7655e-07,6.2117e-07,7.7659e-07,9.4283e-07,1.1198e-06,1.3074e-06,1.5054e-06,1.7133e-06,1.9307e-06,2.157e-06,2.3916e-06,2.6334e-06,2.8815e-06,3.1346e-06,3.3914e-06,3.6505e-06,3.9104e-06,4.1693e-06,4.4256e-06,4.6774e-06,4.9228e-06,5.1598e-06,5.3866e-06,5.6012e-06,5.8017e-06,5.9864e-06,6.1535e-06,6.3015e-06,6.4289e-06,6.5347e-06,6.6178e-06,6.6775e-06,6.7133e-06,6.725e-06,6.7126e-06,6.6766e-06,6.6174e-06,6.5361e-06,6.4337e-06,6.3116e-06,6.1714e-06,6.0148e-06,5.8437e-06,5.6601e-06,5.466e-06,5.2635e-06,5.0548e-06,4.8419e-06,4.6268e-06,4.4114e-06,4.1975e-06,3.9867e-06,3.7806e-06,3.5805e-06,3.3883e-06,3.2154e-06
1.9048e-06,1.6188e-06,1.337e-06,1.0788e-06,8.4436e-07,6.3251e-07,4.4197e-07,2.7143e-07,1.1962e-07,-1.4717e-08,-1.3274e-07,-2.3558e-07,-3.2425e-07,-3.9973e-07,-4.6286e-07,-5.1445e-07,-5.5516e-07,-5.856e-07,-6.0626e-07,-6.1756e-07,-6.198e-07,-6.1321e-07,-5.9795e-07,-5.7409e-07,-5.4161e-07,-5.0045e-07,-4.5047e-07,-3.9152e-07,-3.2336e-07,-2.4574e-07,-1.5841e-07,-6.1081e-08,4.6522e-08,1.6466e-07,2.9357e-07,4.3344e-07,5.8443e-07,7.466e-07,9.1996e-07,1.1044e-06,1.2998e-06,1.5058e-06,1.722e-06,1.9478e-06,2.1825e-06,2.4254e-06,2.6754e-06,2.9312e-06,3.1916e-06,3.4552e-06,3.7202e-06,3.9852e-06,4.2481e-06,4.5072e-06,4.7605e-06,5.006e-06,5.2415e-06,5.4651e-06,5.6748e-06,5.8686e-06,6.0447e-06,6.2014e-06,6.3372e-06,6.4506e-06,6.5407e-06,6.6064e-06,6.6473e-06,6.6629e-06,6.6533e-06,6.6187e-06,6.5596e-06,6.4768e-06,6.3715e-06,6.2451e-06,6.099e-06,5.9351e-06,5.7552e-06,5.5615e-06,5.356e-06,5.1409e-06,4.9185e-06,4.6909e-06,4.4602e-06,4.2285e-06,3.9977e-06,3.7695e-06,3.5457e-06,3.3277e-06,3.1176e-06,2.9282e-06
1.9003e-06,1.5985e-06,1.3016e-06,1.0299e-06,7.8361e-07,5.6144e-07,3.6193e-07,1.836e-07,2.5018e-08,-1.1522e-07,-2.3844e-07,-3.459e-07,-4.3877e-07,-5.1813e-07,-5.8494e-07,-6.4009e-07,-6.8434e-07,-7.1836e-07,-7.427e-07,-7.5782e-07,-7.6406e-07,-7.6169e-07,-7.5085e-07,-7.3163e-07,-7.0401e-07,-6.6792e-07,-6.232e-07,-5.6964e-07,-5.07e-07,-4.3499e-07,-3.5328e-07,-2.6155e-07,-1.5946e-07,-4.6686e-08,7.7065e-08,2.1206e-07,3.5852e-07,5.1659e-07,6.8634e-07,8.6775e-07,1.0607e-06,1.265e-06,1.4802e-06,1.7058e-06,1.9413e-06,2.1857e-06,2.4382e-06,2.6975e-06,2.9623e-06,3.2312e-06,3.5025e-06,3.7745e-06,4.0453e-06,4.3131e-06,4.5757e-06,4.8309e-06,5.0768e-06,5.311e-06,5.5315e-06,5.7361e-06,5.9229e-06,6.0899e-06,6.2356e-06,6.3583e-06,6.4569e-06,6.5302e-06,6.5775e-06,6.5983e-06,6.5925e-06,6.5603e-06,6.502e-06,6.4185e-06,6.3108e-06,6.1802e-06,6.0283e-06,5.857e-06,5.6681e-06,5.4638e-06,5.2464e-06,5.018e-06,4.7811e-06,4.5379e-06,4.2908e-06,4.0418e-06,3.7931e-06,3.5466e-06,3.3042e-06,3.0674e-06,2.8387e-06,2.6321e-06
1.8667e-06,1.5496e-06,1.2379e-06,9.5314e-07,6.9531e-07,4.6303e-07,2.5468e-07,6.8631e-08,-9.6715e-08,-2.4291e-07,-3.7144e-07,-4.8369e-07,-5.8097e-07,-6.6445e-07,-7.3524e-07,-7.9427e-07,-8.4242e-07,-8.8039e-07,-9.088e-07,-9.2815e-07,-9.3882e-07,-9.4108e-07,-9.3511e-07,-9.2097e-07,-8.9865e-07,-8.6806e-07,-8.2901e-07,-7.8128e-07,-7.2457e-07,-6.5854e-07,-5.8283e-07,-4.9704e-07,-4.008e-07,-2.9369e-07,-1.7536e-07,-4.5468e-08,9.6277e-08,2.501e-07,4.1615e-07,5.9449e-07,7.8506e-07,9.8769e-07,1.2021e-06,1.4278e-06,1.6643e-06,1.9107e-06,2.1663e-06,2.4297e-06,2.6997e-06,2.9747e-06,3.2532e-06,3.5333e-06,3.8133e-06,4.091e-06,4.3643e-06,4.6309e-06,4.8886e-06,5.1351e-06,5.3681e-06,5.5853e-06,5.7846e-06,5.9639e-06,6.1213e-06,6.2551e-06,6.3638e-06,6.4463e-06,6.5017e-06,6.5291e-06,6.5285e-06,6.4998e-06,6.4434e-06,6.3599e-06,6.2504e-06,6.1162e-06,5.9588e-06,5.7801e-06,5.5821e-06,5.367e-06,5.1371e-06,4.8949e-06,4.6427e-06,4.3832e-06,4.1186e-06,3.8514e-06,3.5838e-06,3.318e-06,3.0559e-06,2.7995e-06,2.5513e-06,2.3268e-06
1.8022e-06,1.4703e-06,1.1443e-06,8.4674e-07,5.7766e-07,3.3549e-07,1.1846e-07,-7.5218e-08,-2.473e-07,-3.9948e-07,-5.334e-07,-6.5059e-07,-7.5246e-07,-8.4031e-07,-9.1534e-07,-9.7858e-07,-1.031e-06,-1.0733e-06,-1.1061e-06,-1.1302e-06,-1.1457e-06,-1.153e-06,-1.1524e-06,-1.1438e-06,-1.1273e-06,-1.1027e-06,-1.0698e-06,-1.0284e-06,-9.7805e-07,-9.1847e-07,-8.4921e-07,-7.6982e-07,-6.7983e-07,-5.7879e-07,-4.6624e-07,-3.4179e-07,-2.0505e-07,-5.5727e-08,1.0642e-07,2.8153e-07,4.6962e-07,6.7062e-07,8.8429e-07,1.1103e-06,1.348e-06,1.5968e-06,1.8558e-06,2.1239e-06,2.3997e-06,2.6817e-06,2.9683e-06,3.2576e-06,3.5479e-06,3.8368e-06,4.1222e-06,4.4018e-06,4.673e-06,4.9336e-06,5.1809e-06,5.4126e-06,5.6263e-06,5.8198e-06,5.9909e-06,6.1378e-06,6.2587e-06,6.3523e-06,6.4175e-06,6.4533e-06,6.4594e-06,6.4356e-06,6.3823e-06,6.2999e-06,6.1894e-06,6.0522e-06,5.8897e-06,5.7039e-06,5.4968e-06,5.2707e-06,5.028e-06,4.7714e-06,4.5034e-06,4.2266e-06,3.9438e-06,3.6573e-06,3.3699e-06,3.0837e-06,2.801e-06,2.5238e-06,2.2551e-06,2.0117e-06
1.7051e-06,1.3587e-06,1.0189e-06,7.0893e-07,4.2891e-07,1.7708e-07,-4.8453e-08,-2.4964e-07,-4.284e-07,-5.8659e-07,-7.2597e-07,-8.4821e-07,-9.5485e-07,-1.0473e-06,-1.1268e-06,-1.1946e-06,-1.2516e-06,-1.2986e-06,-1.3364e-06,-1.3655e-06,-1.3863e-06,-1.3993e-06,-1.4044e-06,-1.402e-06,-1.3917e-06,-1.3736e-06,-1.3475e-06,-1.3129e-06,-1.2695e-06,-1.217e-06,-1.1547e-06,-1.0822e-06,-9.99e-07,-9.0451e-07,-7.9824e-07,-6.7967e-07,-5.4836e-07,-4.0391e-07,-2.46e-07,-7.44e-08,1.1101e-07,3.1022e-07,5.2308e-07,7.493e-07,9.8841e-07,1.2398e-06,1.5026e-06,1.7758e-06,2.058e-06,2.3477e-06,2.6432e-06,2.9429e-06,3.2445e-06,3.546e-06,3.845e-06,4.139e-06,4.4255e-06,4.7019e-06,4.9656e-06,5.2138e-06,5.4441e-06,5.6539e-06,5.841e-06,6.0031e-06,6.1384e-06,6.2452e-06,6.3222e-06,6.3684e-06,6.383e-06,6.3659e-06,6.3171e-06,6.2371e-06,6.1268e-06,5.9873e-06,5.8204e-06,5.6279e-06,5.4118e-06,5.1747e-06,4.919e-06,4.6475e-06,4.363e-06,4.0683e-06,3.7663e-06,3.4597e-06,3.1513e-06,2.8436e-06,2.5391e-06,2.2401e-06,1.9498e-06,1.6864e-06
1.5735e-06,1.2132e-06,8.5995e-07,5.38e-07,2.4734e-07,-1.3872e-08,-2.4772e-07,-4.563e-07,-6.4167e-07,-8.0586e-07,-9.5076e-07,-1.0782e-06,-1.1898e-06,-1.287e-06,-1.3713e-06,-1.4439e-06,-1.5058e-06,-1.558e-06,-1.6011e-06,-1.6357e-06,-1.6624e-06,-1.6815e-06,-1.693e-06,-1.6972e-06,-1.6938e-06,-1.6829e-06,-1.664e-06,-1.6369e-06,-1.6011e-06,-1.5562e-06,-1.5016e-06,-1.4366e-06,-1.3608e-06,-1.2735e-06,-1.1741e-06,-1.062e-06,-9.3668e-07,-7.9761e-07,-6.4441e-07,-4.7673e-07,-2.9438e-07,-9.7246e-08,1.146e-07,3.4096e-07,5.8143e-07,8.3544e-07,1.1022e-06,1.3809e-06,1.67e-06,1.968e-06,2.2733e-06,2.5841e-06,2.8983e-06,3.2136e-06,3.5277e-06,3.8378e-06,4.1413e-06,4.4355e-06,4.7175e-06,4.9845e-06,5.2336e-06,5.4621e-06,5.6675e-06,5.8474e-06,5.9995e-06,6.1219e-06,6.2131e-06,6.2717e-06,6.297e-06,6.2885e-06,6.246e-06,6.1699e-06,6.0611e-06,5.9206e-06,5.7501e-06,5.5514e-06,5.3268e-06,5.0787e-06,4.8099e-06,4.5233e-06,4.2217e-06,3.9084e-06,3.5864e-06,3.2586e-06,2.9281e-06,2.5978e-06,2.2702e-06,1.9481e-06,1.6348e-06,1.3503e-06
1.4058e-06,1.0321e-06,6.6585e-07,3.3229e-07,3.1341e-08,-2.39e-07,-4.8096e-07,-6.9678e-07,-8.8871e-07,-1.0589e-06,-1.2094e-06,-1.3421e-06,-1.4587e-06,-1.561e-06,-1.6504e-06,-1.7282e-06,-1.7954e-06,-1.853e-06,-1.9019e-06,-1.9426e-06,-1.9757e-06,-2.0013e-06,-2.0199e-06,-2.0313e-06,-2.0355e-06,-2.0323e-06,-2.0215e-06,-2.0025e-06,-1.975e-06,-1.9385e-06,-1.8922e-06,-1.8356e-06,-1.7679e-06,-1.6885e-06,-1.5967e-06,-1.4918e-06,-1.3731e-06,-1.2401e-06,-1.0922e-06,-9.2907e-07,-7.5028e-07,-5.5568e-07,-3.4522e-07,-1.1902e-07,1.2263e-07,3.7923e-07,6.5008e-07,9.344e-07,1.2307e-06,1.5376e-06,1.8534e-06,2.1763e-06,2.5041e-06,2.8345e-06,3.1649e-06,3.4928e-06,3.8152e-06,4.1292e-06,4.4317e-06,4.7197e-06,4.9901e-06,5.2399e-06,5.4662e-06,5.6664e-06,5.838e-06,5.9787e-06,6.0867e-06,6.1604e-06,6.1988e-06,6.201e-06,6.1669e-06,6.0967e-06,5.9909e-06,5.8508e-06,5.6778e-06,5.4738e-06,5.2412e-06,4.9825e-06,4.7006e-06,4.3985e-06,4.0795e-06,3.7469e-06,3.4039e-06,3.054e-06,2.7004e-06,2.3461e-06,1.9942e-06,1.6475e-06,1.3099e-06,1.0028e-06
1.2005e-06,8.1372e-07,4.3497e-07,9.0215e-08,-2.2068e-07,-4.9987e-07,-7.4972e-07,-9.7266e-07,-1.171e-06,-1.3472e-06,-1.5033e-06,-1.6414e-06,-1.7633e-06,-1.8709e-06,-1.9656e-06,-2.0488e-06,-2.1218e-06,-2.1854e-06,-2.2405e-06,-2.2878e-06,-2.3277e-06,-2.3607e-06,-2.3868e-06,-2.4061e-06,-2.4186e-06,-2.4239e-06,-2.4218e-06,-2.4119e-06,-2.3935e-06,-2.3661e-06,-2.3291e-06,-2.2816e-06,-2.2229e-06,-2.1523e-06,-2.069e-06,-1.9721e-06,-1.861e-06,-1.7348e-06,-1.5931e-06,-1.4351e-06,-1.2606e-06,-1.0692e-06,-8.6063e-07,-6.3504e-07,-3.9257e-07,-1.3363e-07,1.4119e-07,4.3122e-07,7.35e-07,1.0511e-06,1.378e-06,1.7137e-06,2.0561e-06,2.4028e-06,2.7511e-06,3.0984e-06,3.4415e-06,3.7773e-06,4.1026e-06,4.4141e-06,4.7083e-06,4.9822e-06,5.2323e-06,5.4558e-06,5.6498e-06,5.8118e-06,5.9396e-06,6.0312e-06,6.0853e-06,6.101e-06,6.0777e-06,6.0155e-06,5.9148e-06,5.7766e-06,5.6025e-06,5.3943e-06,5.1544e-06,4.8856e-06,4.5907e-06,4.2732e-06,3.9364e-06,3.5838e-06,3.2192e-06,2.8461e-06,2.4681e-06,2.0886e-06,1.7109e-06,1.3382e-06,9.7459e-07,6.4348e-07
9.5578e-07,5.5655e-07,1.6578e-07,-1.8976e-07,-5.1025e-07,-7.98e-07,-1.0555e-06,-1.2854e-06,-1.4902e-06,-1.6723e-06,-1.8341e-06,-1.9777e-06,-2.1051e-06,-2.2181e-06,-2.3185e-06,-2.4075e-06,-2.4865e-06,-2.5566e-06,-2.6184e-06,-2.6728e-06,-2.7203e-06,-2.7611e-06,-2.7956e-06,-2.8235e-06,-2.845e-06,-2.8597e-06,-2.8672e-06,-2.8671e-06,-2.8587e-06,-2.8414e-06,-2.8146e-06,-2.7772e-06,-2.7286e-06,-2.6678e-06,-2.5939e-06,-2.5061e-06,-2.4034e-06,-2.2852e-06,-2.1505e-06,-1.9987e-06,-1.8293e-06,-1.6419e-06,-1.436e-06,-1.2117e-06,-9.6895e-07,-7.0808e-07,-4.2958e-07,-1.3396e-07,1.7733e-07,5.0295e-07,8.413e-07,1.1905e-06,1.5484e-06,1.9125e-06,2.2802e-06,2.6484e-06,3.0141e-06,3.3739e-06,3.7244e-06,4.0619e-06,4.3828e-06,4.6835e-06,4.9606e-06,5.2106e-06,5.4303e-06,5.6168e-06,5.7676e-06,5.8804e-06,5.9535e-06,5.9855e-06,5.9758e-06,5.9241e-06,5.8307e-06,5.6966e-06,5.523e-06,5.312e-06,5.066e-06,4.7877e-06,4.4803e-06,4.1473e-06,3.7924e-06,3.4194e-06,3.0323e-06,2.635e-06,2.2315e-06,1.8254e-06,1.4204e-06,1.0199e-06,6.2867e-07,2.7182e-07
6.7025e-07,2.5908e-07,-1.4322e-07,-5.0909e-07,-8.3882e-07,-1.1348e-06,-1.3998e-06,-1.6365e-06,-1.8476e-06,-2.0356e-06,-2.2031e-06,-2.3523e-06,-2.4854e-06,-2.6042e-06,-2.7105e-06,-2.8057e-06,-2.8913e-06,-2.9681e-06,-3.0373e-06,-3.0994e-06,-3.155e-06,-3.2045e-06,-3.2479e-06,-3.2853e-06,-3.3166e-06,-3.3415e-06,-3.3595e-06,-3.3702e-06,-3.3729e-06,-3.3668e-06,-3.3511e-06,-3.325e-06,-3.2875e-06,-3.2377e-06,-3.1745e-06,-3.0969e-06,-3.0039e-06,-2.8947e-06,-2.7682e-06,-2.6238e-06,-2.4606e-06,-2.2781e-06,-2.0759e-06,-1.8537e-06,-1.6114e-06,-1.3493e-06,-1.0676e-06,-7.6671e-07,-4.4805e-07,-1.1287e-07,2.3726e-07,6.0049e-07,9.7465e-07,1.3573e-06,1.7455e-06,2.1364e-06,2.5266e-06,2.9125e-06,3.2905e-06,3.6567e-06,4.0072e-06,4.338e-06,4.6453e-06,4.9252e-06,5.1742e-06,5.3889e-06,5.5664e-06,5.7039e-06,5.7994e-06,5.8513e-06,5.8583e-06,5.8202e-06,5.7368e-06,5.609e-06,5.4381e-06,5.226e-06,4.9751e-06,4.6883e-06,4.3689e-06,4.0207e-06,3.6476e-06,3.2537e-06,2.8434e-06,2.421e-06,1.9906e-06,1.5565e-06,1.1226e-06,6.9271e-07,2.719e-07,-1.1255e-07
3.4244e-07,-8.0127e-08,-4.9343e-07,-8.6919e-07,-1.2078e-06,-1.5117e-06,-1.784e-06,-2.0273e-06,-2.2446e-06,-2.4386e-06,-2.6118e-06,-2.7668e-06,-2.9057e-06,-3.0305e-06,-3.143e-06,-3.2449e-06,-3.3373e-06,-3.4216e-06,-3.4986e-06,-3.5691e-06,-3.6335e-06,-3.6923e-06,-3.7455e-06,-3.7932e-06,-3.8353e-06,-3.8713e-06,-3.9009e-06,-3.9234e-06,-3.9382e-06,-3.9444e-06,-3.9412e-06,-3.9276e-06,-3.9025e-06,-3.8649e-06,-3.8137e-06,-3.7476e-06,-3.6658e-06,-3.5669e-06,-3.45e-06,-3.3142e-06,-3.1585e-06,-2.9823e-06,-2.7849e-06,-2.5659e-06,-2.3251e-06,-2.0624e-06,-1.7783e-06,-1.4728e-06,-1.1471e-06,-8.0248e-07,-4.4046e-07,-6.2833e-08,3.2823e-07,7.3022e-07,1.1403e-06,1.5553e-06,1.9718e-06,2.3861e-06,2.7941e-06,3.1918e-06,3.575e-06,3.9392e-06,4.2802e-06,4.5938e-06,4.876e-06,5.1228e-06,5.331e-06,5.4973e-06,5.6192e-06,5.6946e-06,5.7221e-06,5.7009e-06,5.6307e-06,5.5121e-06,5.3463e-06,5.1351e-06,4.881e-06,4.5869e-06,4.2564e-06,3.8934e-06,3.5021e-06,3.087e-06,2.6529e-06,2.2043e-06,1.7459e-06,1.2823e-06,8.1775e-07,3.5652e-07,-9.587e-08,-5.0993e-07
-2.9036e-08,-4.6243e-07,-8.862e-07,-1.2714e-06,-1.6184e-06,-1.93e-06,-2.2093e-06,-2.4591e-06,-2.6825e-06,-2.8824e-06,-3.0615e-06,-3.2223e-06,-3.3673e-06,-3.4983e-06,-3.6175e-06,-3.7263e-06,-3.8262e-06,-3.9184e-06,-4.0039e-06,-4.0833e-06,-4.1573e-06,-4.2262e-06,-4.2901e-06,-4.349e-06,-4.4027e-06,-4.4509e-06,-4.4931e-06,-4.5286e-06,-4.5567e-06,-4.5765e-06,-4.5871e-06,-4.5873e-06,-4.576e-06,-4.5521e-06,-4.5144e-06,-4.4615e-06,-4.3922e-06,-4.3053e-06,-4.1996e-06,-4.0739e-06,-3.9273e-06,-3.7587e-06,-3.5675e-06,-3.3531e-06,-3.1149e-06,-2.853e-06,-2.5673e-06,-2.258e-06,-1.9259e-06,-1.5722e-06,-1.1984e-06,-8.0624e-07,-3.9782e-07,2.4339e-08,4.5735e-07,8.9797e-07,1.3426e-06,1.7873e-06,2.2279e-06,2.66e-06,3.0789e-06,3.48e-06,3.8586e-06,4.2099e-06,4.5294e-06,4.8128e-06,5.056e-06,5.2556e-06,5.4083e-06,5.5116e-06,5.5637e-06,5.5633e-06,5.5099e-06,5.4037e-06,5.2459e-06,5.0381e-06,4.7828e-06,4.483e-06,4.1424e-06,3.7653e-06,3.3561e-06,2.9196e-06,2.461e-06,1.9853e-06,1.4977e-06,1.003e-06,5.0608e-07,1.1517e-08,-4.7462e-07,-9.2048e-07
-4.4549e-07,-8.8911e-07,-1.3228e-06,-1.7169e-06,-2.072e-06,-2.391e-06,-2.6769e-06,-2.9331e-06,-3.1626e-06,-3.3684e-06,-3.5534e-06,-3.7203e-06,-3.8714e-06,-4.0091e-06,-4.1351e-06,-4.2514e-06,-4.3592e-06,-4.4599e-06,-4.5544e-06,-4.6435e-06,-4.7278e-06,-4.8076e-06,-4.883e-06,-4.9541e-06,-5.0206e-06,-5.082e-06,-5.138e-06,-5.1877e-06,-5.2305e-06,-5.2652e-06,-5.291e-06,-5.3065e-06,-5.3107e-06,-5.3021e-06,-5.2795e-06,-5.2414e-06,-5.1864e-06,-5.1132e-06,-5.0204e-06,-4.9067e-06,-4.7709e-06,-4.6118e-06,-4.4284e-06,-4.2201e-06,-3.9862e-06,-3.7263e-06,-3.4403e-06,-3.1283e-06,-2.7906e-06,-2.4285e-06,-2.0433e-06,-1.6366e-06,-1.2106e-06,-7.6775e-07,-3.1088e-07,1.5665e-07,6.311e-07,1.1084e-06,1.584e-06,2.0534e-06,2.5114e-06,2.9531e-06,3.3732e-06,3.7664e-06,4.1278e-06,4.4524e-06,4.7356e-06,4.9733e-06,5.1617e-06,5.2977e-06,5.379e-06,5.4038e-06,5.3713e-06,5.2815e-06,5.135e-06,4.9335e-06,4.6794e-06,4.3759e-06,4.0268e-06,3.6364e-06,3.2097e-06,2.7519e-06,2.2683e-06,1.7647e-06,1.2465e-06,7.1917e-07,1.8801e-07,-3.4198e-07,-8.642e-07,-1.3442e-06
-9.0815e-07,-1.3614e-06,-1.8044e-06,-2.2069e-06,-2.5697e-06,-2.8957e-06,-3.1881e-06,-3.4505e-06,-3.6859e-06,-3.8976e-06,-4.0886e-06,-4.2617e-06,-4.4193e-06,-4.5638e-06,-4.6972e-06,-4.8212e-06,-4.9375e-06,-5.0472e-06,-5.1515e-06,-5.251e-06,-5.3464e-06,-5.4379e-06,-5.5259e-06,-5.6101e-06,-5.6904e-06,-5.7663e-06,-5.8373e-06,-5.9026e-06,-5.9613e-06,-6.0125e-06,-6.055e-06,-6.0875e-06,-6.1087e-06,-6.1173e-06,-6.1116e-06,-6.0902e-06,-6.0515e-06,-5.994e-06,-5.9161e-06,-5.8163e-06,-5.6933e-06,-5.5456e-06,-5.3721e-06,-5.1718e-06,-4.9438e-06,-4.6876e-06,-4.4029e-06,-4.0895e-06,-3.7474e-06,-3.3778e-06,-2.9819e-06,-2.5611e-06,-2.1175e-06,-1.6536e-06,-1.1721e-06,-6.7652e-07,-1.7066e-07,3.412e-07,8.5442e-07,1.3639e-06,1.8645e-06,2.3504e-06,2.8162e-06,3.2559e-06,3.664e-06,4.0349e-06,4.3633e-06,4.6444e-06,4.8739e-06,5.048e-06,5.1637e-06,5.2188e-06,5.2119e-06,5.1426e-06,5.0114e-06,4.8197e-06,4.5699e-06,4.265e-06,3.9091e-06,3.5068e-06,3.0633e-06,2.5842e-06,2.0754e-06,1.5429e-06,9.93e-07,4.315e-07,-1.3583e-07,-7.0348e-07,-1.2642e-06,-1.7809e-06
-1.4181e-06,-1.8803e-06,-2.332e-06,-2.7425e-06,-3.1125e-06,-3.4452e-06,-3.7439e-06,-4.0123e-06,-4.2536e-06,-4.4713e-06,-4.6683e-06,-4.8477e-06,-5.012e-06,-5.1636e-06,-5.3047e-06,-5.4371e-06,-5.5623e-06,-5.6816e-06,-5.7963e-06,-5.9069e-06,-6.0142e-06,-6.1185e-06,-6.2199e-06,-6.3183e-06,-6.4135e-06,-6.5051e-06,-6.5924e-06,-6.6747e-06,-6.751e-06,-6.8201e-06,-6.881e-06,-6.9323e-06,-6.9724e-06,-6.9999e-06,-7.0132e-06,-7.0105e-06,-6.9903e-06,-6.9506e-06,-6.8898e-06,-6.8062e-06,-6.6982e-06,-6.5642e-06,-6.4027e-06,-6.2126e-06,-5.9927e-06,-5.7422e-06,-5.4605e-06,-5.1474e-06,-4.8024e-06,-4.4266e-06,-4.0209e-06,-3.5867e-06,-3.1259e-06,-2.6407e-06,-2.1342e-06,-1.6096e-06,-1.071e-06,-5.2262e-07,3.0513e-08,5.8311e-07,1.1295e-06,1.6636e-06,2.1794e-06,2.6703e-06,3.1302e-06,3.5528e-06,3.9321e-06,4.2625e-06,4.539e-06,4.757e-06,4.913e-06,5.004e-06,5.0281e-06,4.9843e-06,4.8729e-06,4.695e-06,4.4528e-06,4.1495e-06,3.7891e-06,3.3764e-06,2.9171e-06,2.4171e-06,1.8829e-06,1.321e-06,7.3815e-07,1.4084e-07,-4.6466e-07,-1.0723e-06,-1.6742e-06,-2.2302e-06
-1.9765e-06,-2.447e-06,-2.9068e-06,-3.3247e-06,-3.7015e-06,-4.0405e-06,-4.3453e-06,-4.6194e-06,-4.8666e-06,-5.0902e-06,-5.2934e-06,-5.4792e-06,-5.6505e-06,-5.8096e-06,-5.9587e-06,-6.0998e-06,-6.2345e-06,-6.3641e-06,-6.4898e-06,-6.6123e-06,-6.7324e-06,-6.8503e-06,-6.9661e-06,-7.0799e-06,-7.1913e-06,-7.2998e-06,-7.4048e-06,-7.5055e-06,-7.6009e-06,-7.6897e-06,-7.7707e-06,-7.8425e-06,-7.9036e-06,-7.9521e-06,-7.9865e-06,-8.0048e-06,-8.0052e-06,-7.9858e-06,-7.9445e-06,-7.8796e-06,-7.7891e-06,-7.6712e-06,-7.5243e-06,-7.3468e-06,-7.1374e-06,-6.8949e-06,-6.6185e-06,-6.3076e-06,-5.9617e-06,-5.5812e-06,-5.167e-06,-4.7204e-06,-4.2429e-06,-3.7369e-06,-3.2051e-06,-2.6508e-06,-2.0782e-06,-1.4917e-06,-8.9638e-07,-2.9791e-07,2.9767e-07,8.8391e-07,1.454e-06,2.0012e-06,2.5182e-06,2.9982e-06,3.4345e-06,3.8205e-06,4.1505e-06,4.419e-06,4.6216e-06,4.7547e-06,4.8158e-06,4.8032e-06,4.7168e-06,4.5574e-06,4.3269e-06,4.0284e-06,3.6662e-06,3.2453e-06,2.7715e-06,2.2513e-06,1.6917e-06,1.0999e-06,4.8299e-07,-1.5173e-07,-7.974e-07,-1.4474e-06,-2.0932e-06,-2.6914e-06
-2.5841e-06,-3.0622e-06,-3.5294e-06,-3.9542e-06,-4.3374e-06,-4.6824e-06,-4.993e-06,-5.2729e-06,-5.5258e-06,-5.7553e-06,-5.9647e-06,-6.1572e-06,-6.3356e-06,-6.5024e-06,-6.66e-06,-6.8103e-06,-6.955e-06,-7.0955e-06,-7.2329e-06,-7.3682e-06,-7.5018e-06,-7.6342e-06,-7.7656e-06,-7.8958e-06,-8.0246e-06,-8.1514e-06,-8.2755e-06,-8.3961e-06,-8.5122e-06,-8.6224e-06,-8.7255e-06,-8.8198e-06,-8.9038e-06,-8.9756e-06,-9.0333e-06,-9.075e-06,-9.0986e-06,-9.1019e-06,-9.0829e-06,-9.0393e-06,-8.9691e-06,-8.8701e-06,-8.7405e-06,-8.5784e-06,-8.3821e-06,-8.1502e-06,-7.8816e-06,-7.5753e-06,-7.2308e-06,-6.8476e-06,-6.4266e-06,-5.9689e-06,-5.4758e-06,-4.9495e-06,-4.3925e-06,-3.8083e-06,-3.2008e-06,-2.5746e-06,-1.9351e-06,-1.2881e-06,-6.4003e-07,2.187e-09,6.3124e-07,1.2396e-06,1.8194e-06,2.3629e-06,2.8626e-06,3.311e-06,3.7013e-06,4.0274e-06,4.2838e-06,4.466e-06,4.5707e-06,4.5957e-06,4.5402e-06,4.4045e-06,4.1904e-06,3.9009e-06,3.5402e-06,3.1135e-06,2.627e-06,2.0876e-06,1.503e-06,8.8071e-07,2.2883e-07,-4.4483e-07,-1.1327e-06,-1.8277e-06,-2.5202e-06,-3.1636e-06
-3.2419e-06,-3.7268e-06,-4.2009e-06,-4.632e-06,-5.0212e-06,-5.3718e-06,-5.6879e-06,-5.9733e-06,-6.2319e-06,-6.4673e-06,-6.683e-06,-6.8823e-06,-7.0681e-06,-7.243e-06,-7.4094e-06,-7.5693e-06,-7.7246e-06,-7.8765e-06,-8.0264e-06,-8.175e-06,-8.3232e-06,-8.4711e-06,-8.619e-06,-8.7668e-06,-8.9141e-06,-9.0606e-06,-9.2053e-06,-9.3474e-06,-9.4859e-06,-9.6193e-06,-9.7463e-06,-9.8653e-06,-9.9744e-06,-1.0072e-05,-1.0155e-05,-1.0223e-05,-1.0272e-05,-1.0301e-05,-1.0307e-05,-1.0288e-05,-1.0241e-05,-1.0164e-05,-1.0054e-05,-9.9107e-06,-9.7306e-06,-9.5123e-06,-9.2544e-06,-8.9555e-06,-8.6148e-06,-8.2313e-06,-7.8057e-06,-7.3386e-06,-6.8314e-06,-6.2857e-06,-5.7041e-06,-5.0899e-06,-4.447e-06,-3.78e-06,-3.0945e-06,-2.3965e-06,-1.6928e-06,-9.9079e-07,-2.9831e-07,3.7635e-07,1.0247e-06,1.6381e-06,2.2079e-06,2.7259e-06,3.1842e-06,3.5755e-06,3.8933e-06,4.1323e-06,4.2881e-06,4.3578e-06,4.3398e-06,4.234e-06,4.0418e-06,3.7659e-06,3.4105e-06,2.9811e-06,2.4841e-06,1.927e-06,1.3178e-06,6.6502e-07,-2.2724e-08,-7.3684e-07,-1.4691e-06,-2.2114e-06,-2.9538e-06,-3.6455e-06
-3.9504e-06,-4.4415e-06,-4.9217e-06,-5.3587e-06,-5.7533e-06,-6.1093e-06,-6.4306e-06,-6.7214e-06,-6.9855e-06,-7.2269e-06,-7.449e-06,-7.6552e-06,-7.8486e-06,-8.0318e-06,-8.2074e-06,-8.3774e-06,-8.5437e-06,-8.7077e-06,-8.8707e-06,-9.0335e-06,-9.1969e-06,-9.3613e-06,-9.5268e-06,-9.6933e-06,-9.8605e-06,-1.0028e-05,-1.0195e-05,-1.036e-05,-1.0522e-05,-1.0681e-05,-1.0834e-05,-1.098e-05,-1.1116e-05,-1.1241e-05,-1.1353e-05,-1.1449e-05,-1.1527e-05,-1.1585e-05,-1.1619e-05,-1.1627e-05,-1.1606e-05,-1.1554e-05,-1.1469e-05,-1.1347e-05,-1.1186e-05,-1.0985e-05,-1.0741e-05,-1.0452e-05,-1.0118e-05,-9.7373e-06,-9.3095e-06,-8.8354e-06,-8.3158e-06,-7.7523e-06,-7.1471e-06,-6.5033e-06,-5.8248e-06,-5.1163e-06,-4.3832e-06,-3.6321e-06,-2.8698e-06,-2.1043e-06,-1.344e-06,-5.9781e-07,1.2493e-07,8.1467e-07,1.4618e-06,2.057e-06,2.5912e-06,3.0559e-06,3.4436e-06,3.7477e-06,3.9629e-06,4.0852e-06,4.1122e-06,4.0432e-06,3.879e-06,3.6221e-06,3.2767e-06,2.8482e-06,2.3435e-06,1.7705e-06,1.1377e-06,4.545e-07,-2.698e-07,-1.0258e-06,-1.8043e-06,-2.5968e-06,-3.392e-06,-4.1354e-06
-4.7102e-06,-5.2068e-06,-5.6925e-06,-6.1347e-06,-6.5344e-06,-6.8953e-06,-7.2217e-06,-7.5177e-06,-7.7873e-06,-8.0345e-06,-8.2631e-06,-8.4763e-06,-8.6775e-06,-8.8694e-06,-9.0544e-06,-9.2349e-06,-9.4127e-06,-9.5893e-06,-9.766e-06,-9.9438e-06,-1.0123e-05,-1.0305e-05,-1.0489e-05,-1.0675e-05,-1.0864e-05,-1.1053e-05,-1.1244e-05,-1.1434e-05,-1.1622e-05,-1.1808e-05,-1.1989e-05,-1.2163e-05,-1.2329e-05,-1.2485e-05,-1.2628e-05,-1.2755e-05,-1.2864e-05,-1.2953e-05,-1.3018e-05,-1.3057e-05,-1.3066e-05,-1.3043e-05,-1.2985e-05,-1.2888e-05,-1.2751e-05,-1.257e-05,-1.2343e-05,-1.2069e-05,-1.1745e-05,-1.137e-05,-1.0943e-05,-1.0464e-05,-9.9348e-06,-9.3553e-06,-8.7279e-06,-8.0554e-06,-7.3416e-06,-6.5912e-06,-5.8096e-06,-5.0034e-06,-4.18e-06,-3.3476e-06,-2.5151e-06,-1.6923e-06,-8.8929e-07,-1.1653e-07,6.1529e-07,1.2956e-06,1.9141e-06,2.4612e-06,2.9278e-06,3.3061e-06,3.5896e-06,3.7733e-06,3.8537e-06,3.8292e-06,3.7001e-06,3.4685e-06,3.1383e-06,2.7152e-06,2.2061e-06,1.6194e-06,9.6448e-07,2.5119e-07,-5.1015e-07,-1.3093e-06,-2.1362e-06,-2.9814e-06,-3.8327e-06,-4.6312e-06
-5.5219e-06,-6.0232e-06,-6.5137e-06,-6.9606e-06,-7.3649e-06,-7.7305e-06,-8.0616e-06,-8.3626e-06,-8.6376e-06,-8.8907e-06,-9.1257e-06,-9.3461e-06,-9.5552e-06,-9.7559e-06,-9.9508e-06,-1.0142e-05,-1.0332e-05,-1.0522e-05,-1.0713e-05,-1.0906e-05,-1.1102e-05,-1.1302e-05,-1.1506e-05,-1.1713e-05,-1.1924e-05,-1.2137e-05,-1.2352e-05,-1.2569e-05,-1.2785e-05,-1.2999e-05,-1.321e-05,-1.3415e-05,-1.3614e-05,-1.3802e-05,-1.3978e-05,-1.414e-05,-1.4284e-05,-1.4407e-05,-1.4507e-05,-1.458e-05,-1.4623e-05,-1.4632e-05,-1.4604e-05,-1.4537e-05,-1.4427e-05,-1.427e-05,-1.4065e-05,-1.3808e-05,-1.3498e-05,-1.3132e-05,-1.271e-05,-1.223e-05,-1.1693e-05,-1.11e-05,-1.0452e-05,-9.7526e-06,-9.0043e-06,-8.212e-06,-7.3813e-06,-6.5187e-06,-5.6319e-06,-4.7294e-06,-3.8208e-06,-2.9164e-06,-2.0273e-06,-1.1648e-06,-3.4079e-07,4.3288e-07,1.1446e-06,1.7832e-06,2.3384e-06,2.8008e-06,3.1625e-06,3.4171e-06,3.5601e-06,3.5889e-06,3.5029e-06,3.3037e-06,2.995e-06,2.5822e-06,2.0728e-06,1.4754e-06,8.0001e-07,5.7432e-08,-7.4117e-07,-1.5846e-06,-2.4618e-06,-3.3623e-06,-4.2732e-06,-5.1304e-06
-6.3855e-06,-6.8909e-06,-7.3856e-06,-7.8366e-06,-8.2451e-06,-8.615e-06,-8.9506e-06,-9.2564e-06,-9.5367e-06,-9.7956e-06,-1.0037e-05,-1.0265e-05,-1.0482e-05,-1.0692e-05,-1.0896e-05,-1.1099e-05,-1.1301e-05,-1.1504e-05,-1.171e-05,-1.192e-05,-1.2134e-05,-1.2353e-05,-1.2577e-05,-1.2806e-05,-1.304e-05,-1.3278e-05,-1.352e-05,-1.3764e-05,-1.4009e-05,-1.4254e-05,-1.4497e-05,-1.4736e-05,-1.4968e-05,-1.5192e-05,-1.5405e-05,-1.5603e-05,-1.5785e-05,-1.5946e-05,-1.6084e-05,-1.6194e-05,-1.6274e-05,-1.632e-05,-1.6327e-05,-1.6293e-05,-1.6214e-05,-1.6086e-05,-1.5906e-05,-1.5671e-05,-1.5379e-05,-1.5027e-05,-1.4612e-05,-1.4135e-05,-1.3594e-05,-1.299e-05,-1.2325e-05,-1.16e-05,-1.0819e-05,-9.9852e-06,-9.1052e-06,-8.1854e-06,-7.2333e-06,-6.2581e-06,-5.2696e-06,-4.279e-06,-3.298e-06,-2.3392e-06,-1.4155e-06,-5.4001e-07,2.7407e-07,1.0141e-06,1.6681e-06,2.2251e-06,2.6755e-06,3.0116e-06,3.2274e-06,3.319e-06,3.2851e-06,3.1264e-06,2.8461e-06,2.4497e-06,1.9446e-06,1.3401e-06,6.4668e-07,-1.2401e-07,-9.5979e-07,-1.8484e-06,-2.7777e-06,-3.7364e-06,-4.71e-06,-5.6298e-06
-7.3014e-06,-7.8101e-06,-8.3084e-06,-8.763e-06,-9.1752e-06,-9.549e-06,-9.8889e-06,-1.0199e-05,-1.0485e-05,-1.0749e-05,-1.0997e-05,-1.1232e-05,-1.1457e-05,-1.1676e-05,-1.1891e-05,-1.2105e-05,-1.232e-05,-1.2537e-05,-1.2758e-05,-1.2985e-05,-1.3217e-05,-1.3456e-05,-1.3701e-05,-1.3953e-05,-1.4212e-05,-1.4476e-05,-1.4745e-05,-1.5019e-05,-1.5295e-05,-1.5572e-05,-1.5849e-05,-1.6123e-05,-1.6392e-05,-1.6654e-05,-1.6905e-05,-1.7144e-05,-1.7366e-05,-1.7568e-05,-1.7747e-05,-1.7899e-05,-1.802e-05,-1.8105e-05,-1.8152e-05,-1.8156e-05,-1.8112e-05,-1.8017e-05,-1.7867e-05,-1.7659e-05,-1.7389e-05,-1.7054e-05,-1.6652e-05,-1.6181e-05,-1.564e-05,-1.503e-05,-1.4349e-05,-1.3602e-05,-1.2789e-05,-1.1916e-05,-1.0987e-05,-1.001e-05,-8.9913e-06,-7.9411e-06,-6.8695e-06,-5.7883e-06,-4.7101e-06,-3.6484e-06,-2.6174e-06,-1.6317e-06,-7.059e-07,1.4565e-07,9.0917e-07,1.5719e-06,2.1226e-06,2.5515e-06,2.8511e-06,3.0163e-06,3.0443e-06,2.9352e-06,2.6914e-06,2.3182e-06,1.8231e-06,1.2157e-06,5.0718e-07,-2.8995e-07,-1.1625e-06,-2.0969e-06,-3.0802e-06,-4.0995e-06,-5.1394e-06,-6.1256e-06
-8.2695e-06,-8.7808e-06,-9.2821e-06,-9.7398e-06,-1.0155e-05,-1.0533e-05,-1.0877e-05,-1.1192e-05,-1.1482e-05,-1.1752e-05,-1.2006e-05,-1.2248e-05,-1.2482e-05,-1.271e-05,-1.2935e-05,-1.3161e-05,-1.3388e-05,-1.362e-05,-1.3857e-05,-1.41e-05,-1.4351e-05,-1.461e-05,-1.4877e-05,-1.5153e-05,-1.5437e-05,-1.5728e-05,-1.6027e-05,-1.6331e-05,-1.6639e-05,-1.6951e-05,-1.7263e-05,-1.7574e-05,-1.7883e-05,-1.8185e-05,-1.8478e-05,-1.8759e-05,-1.9025e-05,-1.9271e-05,-1.9495e-05,-1.9692e-05,-1.9857e-05,-1.9987e-05,-2.0077e-05,-2.0123e-05,-2.0119e-05,-2.0062e-05,-1.9947e-05,-1.977e-05,-1.9527e-05,-1.9214e-05,-1.8829e-05,-1.8369e-05,-1.7833e-05,-1.7219e-05,-1.6528e-05,-1.576e-05,-1.4919e-05,-1.4008e-05,-1.3032e-05,-1.1997e-05,-1.0911e-05,-9.7847e-06,-8.6274e-06,-7.4518e-06,-6.2714e-06,-5.1006e-06,-3.955e-06,-2.8506e-06,-1.8035e-06,-8.3e-07,5.4229e-08,8.3447e-07,1.4973e-06,2.0313e-06,2.4269e-06,2.6772e-06,2.7783e-06,2.7288e-06,2.5306e-06,2.1885e-06,1.7099e-06,1.1046e-06,3.8463e-07,-4.3672e-07,-1.3451e-06,-2.3258e-06,-3.3645e-06,-4.4471e-06,-5.5567e-06,-6.6133e-06
-9.2897e-06,-9.803e-06,-1.0307e-05,-1.0767e-05,-1.1186e-05,-1.1566e-05,-1.1914e-05,-1.2233e-05,-1.2528e-05,-1.2804e-05,-1.3064e-05,-1.3313e-05,-1.3555e-05,-1.3792e-05,-1.4028e-05,-1.4265e-05,-1.4505e-05,-1.4751e-05,-1.5004e-05,-1.5265e-05,-1.5535e-05,-1.5814e-05,-1.6104e-05,-1.6404e-05,-1.6714e-05,-1.7034e-05,-1.7362e-05,-1.7698e-05,-1.804e-05,-1.8387e-05,-1.8737e-05,-1.9088e-05,-1.9437e-05,-1.9782e-05,-2.0119e-05,-2.0446e-05,-2.0758e-05,-2.1052e-05,-2.1324e-05,-2.1569e-05,-2.1783e-05,-2.1962e-05,-2.2099e-05,-2.2191e-05,-2.2232e-05,-2.2217e-05,-2.2142e-05,-2.2001e-05,-2.179e-05,-2.1505e-05,-2.1142e-05,-2.0698e-05,-2.017e-05,-1.9558e-05,-1.886e-05,-1.8076e-05,-1.721e-05,-1.6263e-05,-1.5242e-05,-1.4151e-05,-1.2998e-05,-1.1794e-05,-1.0549e-05,-9.2756e-06,-7.9885e-06,-6.7029e-06,-5.4357e-06,-4.2042e-06,-3.0264e-06,-1.9204e-06,-9.0397e-07,5.963e-09,7.9379e-07,1.4457e-06,1.9502e-06,2.2985e-06,2.4846e-06,2.5061e-06,2.3637e-06,2.0615e-06,1.6068e-06,1.0097e-06,2.8265e-07,-5.6008e-07,-1.503e-06,-2.53e-06,-3.6254e-06,-4.7738e-06,-5.9567e-06,-7.0877e-06
-1.0362e-05,-1.0876e-05,-1.1382e-05,-1.1845e-05,-1.2266e-05,-1.2649e-05,-1.3e-05,-1.3323e-05,-1.3623e-05,-1.3904e-05,-1.417e-05,-1.4427e-05,-1.4676e-05,-1.4922e-05,-1.5168e-05,-1.5417e-05,-1.567e-05,-1.593e-05,-1.6198e-05,-1.6477e-05,-1.6766e-05,-1.7067e-05,-1.738e-05,-1.7704e-05,-1.8041e-05,-1.839e-05,-1.8749e-05,-1.9117e-05,-1.9495e-05,-1.9879e-05,-2.0268e-05,-2.066e-05,-2.1052e-05,-2.1441e-05,-2.1825e-05,-2.2199e-05,-2.2561e-05,-2.2906e-05,-2.3229e-05,-2.3527e-05,-2.3793e-05,-2.4024e-05,-2.4213e-05,-2.4356e-05,-2.4446e-05,-2.4479e-05,-2.4448e-05,-2.4348e-05,-2.4175e-05,-2.3922e-05,-2.3587e-05,-2.3164e-05,-2.265e-05,-2.2044e-05,-2.1344e-05,-2.0549e-05,-1.9661e-05,-1.8682e-05,-1.7618e-05,-1.6472e-05,-1.5254e-05,-1.3972e-05,-1.2638e-05,-1.1264e-05,-9.8668e-06,-8.4613e-06,-7.0658e-06,-5.6992e-06,-4.3814e-06,-3.1324e-06,-1.9721e-06,-9.1993e-07,6.1275e-09,7.8976e-07,1.417e-06,1.8768e-06,2.1612e-06,2.266e-06,2.1907e-06,1.9386e-06,1.5164e-06,9.343e-07,2.0539e-07,-6.5516e-07,-1.6307e-06,-2.7036e-06,-3.8568e-06,-5.0733e-06,-6.3329e-06,-7.5426e-06
-1.1485e-05,-1.2001e-05,-1.2508e-05,-1.2972e-05,-1.3396e-05,-1.3782e-05,-1.4136e-05,-1.4463e-05,-1.4767e-05,-1.5053e-05,-1.5325e-05,-1.5588e-05,-1.5845e-05,-1.6099e-05,-1.6355e-05,-1.6615e-05,-1.6881e-05,-1.7155e-05,-1.7439e-05,-1.7735e-05,-1.8044e-05,-1.8365e-05,-1.8701e-05,-1.9051e-05,-1.9415e-05,-1.9793e-05,-2.0183e-05,-2.0586e-05,-2.0999e-05,-2.1421e-05,-2.1851e-05,-2.2285e-05,-2.2722e-05,-2.3158e-05,-2.3591e-05,-2.4016e-05,-2.443e-05,-2.4828e-05,-2.5206e-05,-2.5559e-05,-2.5882e-05,-2.6168e-05,-2.6414e-05,-2.6612e-05,-2.6756e-05,-2.684e-05,-2.6859e-05,-2.6806e-05,-2.6675e-05,-2.6461e-05,-2.6158e-05,-2.5762e-05,-2.5268e-05,-2.4673e-05,-2.3976e-05,-2.3174e-05,-2.227e-05,-2.1263e-05,-2.0159e-05,-1.8961e-05,-1.7679e-05,-1.632e-05,-1.4896e-05,-1.3421e-05,-1.191e-05,-1.038e-05,-8.8502e-06,-7.3412e-06,-5.8744e-06,-4.472e-06,-3.1562e-06,-1.9489e-06,-8.7096e-07,5.8695e-08,8.2334e-07,1.4093e-06,1.8062e-06,2.008e-06,2.0123e-06,1.8213e-06,1.4413e-06,8.8223e-07,1.5765e-07,-7.1639e-07,-1.7219e-06,-2.84e-06,-4.0517e-06,-5.3385e-06,-6.6783e-06,-7.9709e-06
-1.266e-05,-1.3176e-05,-1.3684e-05,-1.415e-05,-1.4575e-05,-1.4964e-05,-1.5321e-05,-1.5651e-05,-1.5959e-05,-1.6249e-05,-1.6527e-05,-1.6796e-05,-1.706e-05,-1.7323e-05,-1.7588e-05,-1.7859e-05,-1.8137e-05,-1.8425e-05,-1.8724e-05,-1.9037e-05,-1.9365e-05,-1.9708e-05,-2.0066e-05,-2.0441e-05,-2.0833e-05,-2.124e-05,-2.1662e-05,-2.2099e-05,-2.2549e-05,-2.301e-05,-2.3481e-05,-2.396e-05,-2.4443e-05,-2.4927e-05,-2.5411e-05,-2.5888e-05,-2.6357e-05,-2.6811e-05,-2.7247e-05,-2.7659e-05,-2.8041e-05,-2.8388e-05,-2.8693e-05,-2.895e-05,-2.9153e-05,-2.9294e-05,-2.9368e-05,-2.9366e-05,-2.9283e-05,-2.9113e-05,-2.8848e-05,-2.8485e-05,-2.8016e-05,-2.7439e-05,-2.675e-05,-2.5947e-05,-2.5031e-05,-2.4001e-05,-2.2861e-05,-2.1615e-05,-2.0271e-05,-1.8837e-05,-1.7324e-05,-1.5746e-05,-1.4119e-05,-1.2461e-05,-1.0792e-05,-9.1339e-06,-7.5097e-06,-5.9438e-06,-4.461e-06,-3.0859e-06,-1.842e-06,-7.5152e-07,1.6585e-07,8.9344e-07,1.4183e-06,1.7316e-06,1.8293e-06,1.7119e-06,1.3849e-06,8.5802e-07,1.4495e-07,-7.3738e-07,-1.7697e-06,-2.9315e-06,-4.2021e-06,-5.5612e-06,-6.9844e-06,-8.3643e-06
-1.3884e-05,-1.4401e-05,-1.4909e-05,-1.5377e-05,-1.5804e-05,-1.6194e-05,-1.6554e-05,-1.6887e-05,-1.7199e-05,-1.7493e-05,-1.7776e-05,-1.805e-05,-1.8321e-05,-1.8592e-05,-1.8866e-05,-1.9146e-05,-1.9436e-05,-1.9737e-05,-2.0051e-05,-2.0381e-05,-2.0727e-05,-2.109e-05,-2.1472e-05,-2.1872e-05,-2.229e-05,-2.2727e-05,-2.3181e-05,-2.3653e-05,-2.414e-05,-2.4641e-05,-2.5154e-05,-2.5677e-05,-2.6208e-05,-2.6742e-05,-2.7278e-05,-2.781e-05,-2.8335e-05,-2.8848e-05,-2.9345e-05,-2.9818e-05,-3.0263e-05,-3.0673e-05,-3.1042e-05,-3.1363e-05,-3.1628e-05,-3.1831e-05,-3.1964e-05,-3.202e-05,-3.199e-05,-3.1869e-05,-3.1648e-05,-3.1323e-05,-3.0886e-05,-3.0332e-05,-2.9658e-05,-2.8859e-05,-2.7936e-05,-2.6888e-05,-2.5717e-05,-2.4428e-05,-2.3025e-05,-2.1518e-05,-1.9918e-05,-1.8238e-05,-1.6494e-05,-1.4705e-05,-1.2893e-05,-1.1079e-05,-9.2898e-06,-7.551e-06,-5.89e-06,-4.3343e-06,-2.9105e-06,-1.644e-06,-5.5802e-07,3.2751e-07,9.9645e-07,1.4372e-06,1.6432e-06,1.6132e-06,1.3514e-06,8.669e-07,1.7361e-07,-7.1083e-07,-1.7659e-06,-2.9695e-06,-4.2989e-06,-5.7318e-06,-7.2419e-06,-8.7134e-06
-1.5159e-05,-1.5675e-05,-1.6184e-05,-1.6652e-05,-1.7081e-05,-1.7474e-05,-1.7836e-05,-1.8172e-05,-1.8486e-05,-1.8784e-05,-1.9071e-05,-1.9351e-05,-1.9627e-05,-1.9905e-05,-2.0187e-05,-2.0476e-05,-2.0777e-05,-2.109e-05,-2.1418e-05,-2.1763e-05,-2.2127e-05,-2.251e-05,-2.2913e-05,-2.3337e-05,-2.3783e-05,-2.4249e-05,-2.4735e-05,-2.5241e-05,-2.5765e-05,-2.6307e-05,-2.6863e-05,-2.7431e-05,-2.801e-05,-2.8596e-05,-2.9185e-05,-2.9774e-05,-3.0357e-05,-3.0931e-05,-3.149e-05,-3.2028e-05,-3.2538e-05,-3.3015e-05,-3.3451e-05,-3.3839e-05,-3.4172e-05,-3.4441e-05,-3.4637e-05,-3.4755e-05,-3.4784e-05,-3.4717e-05,-3.4546e-05,-3.4265e-05,-3.3865e-05,-3.3341e-05,-3.2687e-05,-3.19e-05,-3.0976e-05,-2.9916e-05,-2.872e-05,-2.739e-05,-2.5934e-05,-2.4357e-05,-2.2672e-05,-2.0891e-05,-1.9031e-05,-1.711e-05,-1.515e-05,-1.3176e-05,-1.1215e-05,-9.2946e-06,-7.4449e-06,-5.6962e-06,-4.0785e-06,-2.6208e-06,-1.3499e-06,-2.8941e-07,5.408e-07,1.1259e-06,1.4564e-06,1.5288e-06,1.3455e-06,9.1501e-07,2.5094e-07,-6.2844e-07,-1.7014e-06,-2.944e-06,-4.3316e-06,-5.8399e-06,-7.4399e-06,-9.0073e-06
-1.6482e-05,-1.6998e-05,-1.7508e-05,-1.7977e-05,-1.8407e-05,-1.8801e-05,-1.9165e-05,-1.9503e-05,-1.9821e-05,-2.0122e-05,-2.0412e-05,-2.0696e-05,-2.0977e-05,-2.126e-05,-2.1549e-05,-2.1847e-05,-2.2156e-05,-2.248e-05,-2.2821e-05,-2.3181e-05,-2.3561e-05,-2.3963e-05,-2.4387e-05,-2.4835e-05,-2.5306e-05,-2.5801e-05,-2.6318e-05,-2.6858e-05,-2.742e-05,-2.8001e-05,-2.86e-05,-2.9215e-05,-2.9843e-05,-3.048e-05,-3.1124e-05,-3.177e-05,-3.2413e-05,-3.305e-05,-3.3673e-05,-3.4277e-05,-3.4856e-05,-3.5402e-05,-3.5909e-05,-3.6368e-05,-3.6771e-05,-3.7109e-05,-3.7375e-05,-3.7558e-05,-3.7651e-05,-3.7644e-05,-3.7528e-05,-3.7296e-05,-3.694e-05,-3.6452e-05,-3.5825e-05,-3.5055e-05,-3.4137e-05,-3.3071e-05,-3.1855e-05,-3.0492e-05,-2.8986e-05,-2.7345e-05,-2.5578e-05,-2.3698e-05,-2.1722e-05,-1.9669e-05,-1.756e-05,-1.5422e-05,-1.3283e-05,-1.1173e-05,-9.1252e-06,-7.1717e-06,-5.3465e-06,-3.6823e-06,-2.2099e-06,-9.5706e-07,5.2344e-08,7.9962e-07,1.2719e-06,1.463e-06,1.3731e-06,1.0095e-06,3.8528e-07,-4.8072e-07,-1.5656e-06,-2.8439e-06,-4.2886e-06,-5.8732e-06,-7.566e-06,-9.2336e-06
-1.7853e-05,-1.8369e-05,-1.8879e-05,-1.935e-05,-1.9781e-05,-2.0177e-05,-2.0543e-05,-2.0883e-05,-2.1202e-05,-2.1505e-05,-2.1798e-05,-2.2085e-05,-2.237e-05,-2.2657e-05,-2.2951e-05,-2.3255e-05,-2.3573e-05,-2.3906e-05,-2.4258e-05,-2.4631e-05,-2.5026e-05,-2.5445e-05,-2.5889e-05,-2.6358e-05,-2.6854e-05,-2.7377e-05,-2.7925e-05,-2.8498e-05,-2.9096e-05,-2.9717e-05,-3.0359e-05,-3.1019e-05,-3.1696e-05,-3.2386e-05,-3.3085e-05,-3.3789e-05,-3.4494e-05,-3.5193e-05,-3.5883e-05,-3.6556e-05,-3.7205e-05,-3.7823e-05,-3.8402e-05,-3.8935e-05,-3.9412e-05,-3.9824e-05,-4.0162e-05,-4.0416e-05,-4.0577e-05,-4.0634e-05,-4.0579e-05,-4.0402e-05,-4.0095e-05,-3.9649e-05,-3.9055e-05,-3.8308e-05,-3.7403e-05,-3.6337e-05,-3.5108e-05,-3.3718e-05,-3.2169e-05,-3.0468e-05,-2.8623e-05,-2.6648e-05,-2.4559e-05,-2.2373e-05,-2.0115e-05,-1.7811e-05,-1.5489e-05,-1.3183e-05,-1.0928e-05,-8.7586e-06,-6.7128e-06,-4.8271e-06,-3.1366e-06,-1.6737e-06,-4.6658e-07,4.6166e-07,1.0942e-06,1.4215e-06,1.4411e-06,1.1585e-06,5.8622e-07,-2.5689e-07,-1.3469e-06,-2.6565e-06,-4.1565e-06,-5.8179e-06,-7.6063e-06,-9.3784e-06
-1.9271e-05,-1.9787e-05,-2.0299e-05,-2.077e-05,-2.1203e-05,-2.1601e-05,-2.1968e-05,-2.2309e-05,-2.2629e-05,-2.2934e-05,-2.3228e-05,-2.3516e-05,-2.3803e-05,-2.4094e-05,-2.4391e-05,-2.47e-05,-2.5023e-05,-2.5364e-05,-2.5725e-05,-2.6108e-05,-2.6517e-05,-2.6951e-05,-2.7413e-05,-2.7903e-05,-2.8422e-05,-2.897e-05,-2.9548e-05,-3.0153e-05,-3.0787e-05,-3.1446e-05,-3.213e-05,-3.2836e-05,-3.3562e-05,-3.4303e-05,-3.5058e-05,-3.5821e-05,-3.6587e-05,-3.7351e-05,-3.8108e-05,-3.885e-05,-3.9571e-05,-4.0263e-05,-4.0918e-05,-4.1527e-05,-4.208e-05,-4.2569e-05,-4.2983e-05,-4.3311e-05,-4.3544e-05,-4.3671e-05,-4.3681e-05,-4.3565e-05,-4.3312e-05,-4.2913e-05,-4.2359e-05,-4.1642e-05,-4.0756e-05,-3.9697e-05,-3.8461e-05,-3.705e-05,-3.5464e-05,-3.3708e-05,-3.1792e-05,-2.9726e-05,-2.7526e-05,-2.5211e-05,-2.2804e-05,-2.0332e-05,-1.7825e-05,-1.5318e-05,-1.2847e-05,-1.0452e-05,-8.1732e-06,-6.0516e-06,-4.1268e-06,-2.4358e-06,-1.012e-06,1.1667e-07,9.2894e-07,1.4111e-06,1.5577e-06,1.3718e-06,8.6474e-07,5.5275e-08,-1.0318e-06,-2.3675e-06,-3.9203e-06,-5.6587e-06,-7.545e-06,-9.4257e-06
-2.0735e-05,-2.1252e-05,-2.1765e-05,-2.2239e-05,-2.2673e-05,-2.3072e-05,-2.344e-05,-2.3782e-05,-2.4103e-05,-2.4407e-05,-2.4702e-05,-2.499e-05,-2.5277e-05,-2.5568e-05,-2.5867e-05,-2.6178e-05,-2.6505e-05,-2.6851e-05,-2.7218e-05,-2.761e-05,-2.8029e-05,-2.8476e-05,-2.8954e-05,-2.9462e-05,-3.0003e-05,-3.0575e-05,-3.118e-05,-3.1816e-05,-3.2484e-05,-3.3181e-05,-3.3905e-05,-3.4656e-05,-3.543e-05,-3.6223e-05,-3.7032e-05,-3.7854e-05,-3.8682e-05,-3.9511e-05,-4.0335e-05,-4.1148e-05,-4.1942e-05,-4.2709e-05,-4.3441e-05,-4.4128e-05,-4.476e-05,-4.5328e-05,-4.582e-05,-4.6227e-05,-4.6535e-05,-4.6735e-05,-4.6815e-05,-4.6764e-05,-4.657e-05,-4.6224e-05,-4.5716e-05,-4.5035e-05,-4.4174e-05,-4.3128e-05,-4.1893e-05,-4.0467e-05,-3.8851e-05,-3.7048e-05,-3.5065e-05,-3.2914e-05,-3.0608e-05,-2.8167e-05,-2.5612e-05,-2.2972e-05,-2.0278e-05,-1.7565e-05,-1.4873e-05,-1.2244e-05,-9.7208e-06,-7.3496e-06,-5.1745e-06,-3.2378e-06,-1.5781e-06,-2.2891e-07,7.8335e-07,1.4403e-06,1.7325e-06,1.6604e-06,1.2334e-06,4.6967e-07,-6.053e-07,-1.9608e-06,-3.5633e-06,-5.3781e-06,-7.3644e-06,-9.3577e-06
-2.2245e-05,-2.2764e-05,-2.3279e-05,-2.3754e-05,-2.4191e-05,-2.4591e-05,-2.496e-05,-2.5302e-05,-2.5622e-05,-2.5925e-05,-2.6218e-05,-2.6504e-05,-2.6789e-05,-2.7079e-05,-2.7376e-05,-2.7687e-05,-2.8015e-05,-2.8362e-05,-2.8734e-05,-2.9132e-05,-2.9558e-05,-3.0016e-05,-3.0506e-05,-3.103e-05,-3.1589e-05,-3.2184e-05,-3.2814e-05,-3.3479e-05,-3.4178e-05,-3.4911e-05,-3.5675e-05,-3.6469e-05,-3.7289e-05,-3.8133e-05,-3.8997e-05,-3.9876e-05,-4.0766e-05,-4.166e-05,-4.2552e-05,-4.3436e-05,-4.4303e-05,-4.5146e-05,-4.5956e-05,-4.6722e-05,-4.7435e-05,-4.8084e-05,-4.8657e-05,-4.9144e-05,-4.9531e-05,-4.9808e-05,-4.9961e-05,-4.9978e-05,-4.9848e-05,-4.9561e-05,-4.9102e-05,-4.8463e-05,-4.7634e-05,-4.6608e-05,-4.538e-05,-4.3946e-05,-4.2307e-05,-4.0463e-05,-3.8421e-05,-3.619e-05,-3.3783e-05,-3.122e-05,-2.8521e-05,-2.5714e-05,-2.2833e-05,-1.9912e-05,-1.6994e-05,-1.4122e-05,-1.1345e-05,-8.7119e-06,-6.2714e-06,-4.0715e-06,-2.1568e-06,-5.6658e-07,6.6668e-07,1.5193e-06,1.9772e-06,2.0372e-06,1.7064e-06,1.002e-06,-5.0351e-08,-1.4185e-06,-3.0663e-06,-4.9565e-06,-7.0445e-06,-9.1543e-06
-2.3799e-05,-2.4321e-05,-2.4839e-05,-2.5318e-05,-2.5756e-05,-2.6158e-05,-2.6527e-05,-2.6868e-05,-2.7186e-05,-2.7487e-05,-2.7776e-05,-2.8058e-05,-2.8339e-05,-2.8623e-05,-2.8917e-05,-2.9224e-05,-2.9549e-05,-2.9896e-05,-3.0267e-05,-3.0668e-05,-3.1099e-05,-3.1564e-05,-3.2064e-05,-3.26e-05,-3.3175e-05,-3.3789e-05,-3.4441e-05,-3.5132e-05,-3.5862e-05,-3.6628e-05,-3.743e-05,-3.8265e-05,-3.9131e-05,-4.0024e-05,-4.094e-05,-4.1876e-05,-4.2826e-05,-4.3784e-05,-4.4744e-05,-4.5698e-05,-4.6639e-05,-4.7558e-05,-4.8446e-05,-4.9292e-05,-5.0087e-05,-5.0818e-05,-5.1474e-05,-5.2043e-05,-5.2511e-05,-5.2867e-05,-5.3096e-05,-5.3186e-05,-5.3124e-05,-5.2898e-05,-5.2495e-05,-5.1903e-05,-5.1111e-05,-5.0111e-05,-4.8896e-05,-4.7461e-05,-4.5805e-05,-4.3927e-05,-4.1832e-05,-3.9528e-05,-3.7027e-05,-3.4346e-05,-3.1508e-05,-2.8538e-05,-2.5469e-05,-2.234e-05,-1.9192e-05,-1.6073e-05,-1.3033e-05,-1.0126e-05,-7.4057e-06,-4.9259e-06,-2.7372e-06,-8.8547e-07,5.9037e-07,1.6604e-06,2.3053e-06,2.5172e-06,2.3003e-06,1.6701e-06,6.5213e-07,-7.201e-07,-2.4083e-06,-4.372e-06,-6.5629e-06,-8.7929e-06
-2.5398e-05,-2.5924e-05,-2.6447e-05,-2.6929e-05,-2.737e-05,-2.7773e-05,-2.8142e-05,-2.8482e-05,-2.8797e-05,-2.9093e-05,-2.9375e-05,-2.965e-05,-2.9924e-05,-3.0201e-05,-3.0486e-05,-3.0786e-05,-3.1105e-05,-3.1446e-05,-3.1815e-05,-3.2213e-05,-3.2645e-05,-3.3113e-05,-3.3619e-05,-3.4165e-05,-3.4752e-05,-3.5382e-05,-3.6053e-05,-3.6768e-05,-3.7524e-05,-3.8322e-05,-3.9158e-05,-4.0033e-05,-4.0942e-05,-4.1882e-05,-4.285e-05,-4.3841e-05,-4.485e-05,-4.5871e-05,-4.6898e-05,-4.7922e-05,-4.8935e-05,-4.993e-05,-5.0896e-05,-5.1822e-05,-5.2698e-05,-5.3512e-05,-5.4252e-05,-5.4904e-05,-5.5455e-05,-5.5891e-05,-5.6199e-05,-5.6364e-05,-5.6373e-05,-5.6211e-05,-5.5868e-05,-5.5327e-05,-5.4577e-05,-5.3609e-05,-5.2413e-05,-5.0984e-05,-4.9317e-05,-4.7412e-05,-4.5271e-05,-4.29e-05,-4.0312e-05,-3.752e-05,-3.4546e-05,-3.1417e-05,-2.8164e-05,-2.4826e-05,-2.1447e-05,-1.8076e-05,-1.4766e-05,-1.1576e-05,-8.5626e-06,-5.7869e-06,-3.3057e-06,-1.1719e-06,5.6839e-07,1.8784e-06,2.7324e-06,3.1173e-06,3.0334e-06,2.4939e-06,1.5236e-06,1.5698e-07,-1.5655e-06,-3.6002e-06,-5.8948e-06,-8.2483e-06
-2.704e-05,-2.7573e-05,-2.8102e-05,-2.8589e-05,-2.9034e-05,-2.9439e-05,-2.9807e-05,-3.0143e-05,-3.0453e-05,-3.0742e-05,-3.1016e-05,-3.1281e-05,-3.1543e-05,-3.1808e-05,-3.2082e-05,-3.237e-05,-3.2678e-05,-3.301e-05,-3.337e-05,-3.3763e-05,-3.4191e-05,-3.4658e-05,-3.5166e-05,-3.5717e-05,-3.6312e-05,-3.6954e-05,-3.7642e-05,-3.8376e-05,-3.9156e-05,-3.9982e-05,-4.0851e-05,-4.1761e-05,-4.2711e-05,-4.3697e-05,-4.4714e-05,-4.5758e-05,-4.6825e-05,-4.7907e-05,-4.8998e-05,-5.009e-05,-5.1176e-05,-5.2245e-05,-5.3288e-05,-5.4294e-05,-5.5252e-05,-5.6148e-05,-5.6971e-05,-5.7707e-05,-5.8341e-05,-5.8859e-05,-5.9247e-05,-5.9488e-05,-5.957e-05,-5.9476e-05,-5.9195e-05,-5.8709e-05,-5.8005e-05,-5.7073e-05,-5.5901e-05,-5.4483e-05,-5.2812e-05,-5.0886e-05,-4.8706e-05,-4.6276e-05,-4.3606e-05,-4.071e-05,-3.7607e-05,-3.4323e-05,-3.0889e-05,-2.7345e-05,-2.3735e-05,-2.0109e-05,-1.6524e-05,-1.3041e-05,-9.7231e-06,-6.6367e-06,-3.8453e-06,-1.4093e-06,6.1759e-07,2.1907e-06,3.277e-06,3.8573e-06,3.927e-06,3.496e-06,2.5881e-06,1.2381e-06,-5.1137e-07,-2.6137e-06,-5.0123e-06,-7.4925e-06
-2.8727e-05,-2.9268e-05,-2.9805e-05,-3.0299e-05,-3.0748e-05,-3.1154e-05,-3.1522e-05,-3.1854e-05,-3.2157e-05,-3.2436e-05,-3.2698e-05,-3.2949e-05,-3.3196e-05,-3.3445e-05,-3.3702e-05,-3.3973e-05,-3.4265e-05,-3.4582e-05,-3.4929e-05,-3.5311e-05,-3.573e-05,-3.6191e-05,-3.6696e-05,-3.7248e-05,-3.7848e-05,-3.8497e-05,-3.9197e-05,-3.9947e-05,-4.0748e-05,-4.1598e-05,-4.2496e-05,-4.344e-05,-4.4428e-05,-4.5455e-05,-4.6519e-05,-4.7615e-05,-4.8736e-05,-4.9877e-05,-5.1031e-05,-5.219e-05,-5.3346e-05,-5.4488e-05,-5.5607e-05,-5.6691e-05,-5.7729e-05,-5.8707e-05,-5.9613e-05,-6.0431e-05,-6.1148e-05,-6.1748e-05,-6.2216e-05,-6.2536e-05,-6.2691e-05,-6.2666e-05,-6.2449e-05,-6.202e-05,-6.1366e-05,-6.0473e-05,-5.933e-05,-5.7927e-05,-5.6258e-05,-5.4317e-05,-5.2104e-05,-4.9621e-05,-4.6876e-05,-4.3882e-05,-4.0656e-05,-3.7223e-05,-3.3614e-05,-2.9866e-05,-2.6025e-05,-2.2143e-05,-1.8279e-05,-1.4497e-05,-1.0865e-05,-7.4539e-06,-4.3354e-06,-1.5774e-06,7.5801e-07,2.6176e-06,3.9603e-06,4.7596e-06,5.0048e-06,4.702e-06,3.8727e-06,2.5517e-06,7.835e-07,-1.3821e-06,-3.8843e-06,-6.4943e-06
-3.0457e-05,-3.101e-05,-3.1558e-05,-3.206e-05,-3.2515e-05,-3.2923e-05,-3.3289e-05,-3.3615e-05,-3.3909e-05,-3.4175e-05,-3.4421e-05,-3.4654e-05,-3.488e-05,-3.5108e-05,-3.5343e-05,-3.5592e-05,-3.5862e-05,-3.6158e-05,-3.6487e-05,-3.6851e-05,-3.7256e-05,-3.7706e-05,-3.8203e-05,-3.875e-05,-3.9349e-05,-4.0002e-05,-4.0709e-05,-4.1471e-05,-4.2288e-05,-4.3159e-05,-4.4083e-05,-4.5057e-05,-4.6079e-05,-4.7146e-05,-4.8254e-05,-4.9397e-05,-5.0571e-05,-5.1769e-05,-5.2983e-05,-5.4206e-05,-5.543e-05,-5.6643e-05,-5.7835e-05,-5.8996e-05,-6.0112e-05,-6.117e-05,-6.2157e-05,-6.3058e-05,-6.3857e-05,-6.4538e-05,-6.5085e-05,-6.5482e-05,-6.5712e-05,-6.5757e-05,-6.5603e-05,-6.5234e-05,-6.4631e-05,-6.378e-05,-6.2669e-05,-6.1286e-05,-5.9622e-05,-5.7671e-05,-5.543e-05,-5.29e-05,-5.0087e-05,-4.7001e-05,-4.3659e-05,-4.0083e-05,-3.6302e-05,-3.2355e-05,-2.8286e-05,-2.4149e-05,-2.0003e-05,-1.5916e-05,-1.196e-05,-8.2127e-06,-4.7514e-06,-1.6524e-06,1.0132e-06,3.1831e-06,4.8069e-06,5.8497e-06,6.2938e-06,6.1401e-06,5.4072e-06,4.1293e-06,2.3519e-06,1.2818e-07,-2.4766e-06,-5.2188e-06
-3.2232e-05,-3.2801e-05,-3.3363e-05,-3.3876e-05,-3.4337e-05,-3.4747e-05,-3.511e-05,-3.5429e-05,-3.571e-05,-3.596e-05,-3.6186e-05,-3.6395e-05,-3.6596e-05,-3.6796e-05,-3.7002e-05,-3.7223e-05,-3.7464e-05,-3.7734e-05,-3.8036e-05,-3.8377e-05,-3.8762e-05,-3.9194e-05,-3.9678e-05,-4.0215e-05,-4.0808e-05,-4.1459e-05,-4.2169e-05,-4.2939e-05,-4.3768e-05,-4.4656e-05,-4.5601e-05,-4.6601e-05,-4.7655e-05,-4.8758e-05,-4.9906e-05,-5.1094e-05,-5.2317e-05,-5.3568e-05,-5.484e-05,-5.6125e-05,-5.7413e-05,-5.8694e-05,-5.9958e-05,-6.1193e-05,-6.2385e-05,-6.3521e-05,-6.4587e-05,-6.5567e-05,-6.6446e-05,-6.7207e-05,-6.7832e-05,-6.8305e-05,-6.8608e-05,-6.8723e-05,-6.8633e-05,-6.8322e-05,-6.7771e-05,-6.6964e-05,-6.5886e-05,-6.4525e-05,-6.287e-05,-6.0912e-05,-5.8648e-05,-5.6077e-05,-5.3201e-05,-5.0029e-05,-4.6576e-05,-4.2862e-05,-3.8916e-05,-3.4774e-05,-3.0481e-05,-2.6089e-05,-2.166e-05,-1.7264e-05,-1.2978e-05,-8.8833e-06,-5.0646e-06,-1.6065e-06,1.4107e-06,3.9146e-06,5.8447e-06,7.1567e-06,7.8245e-06,7.8425e-06,7.2255e-06,6.0059e-06,4.2304e-06,1.9548e-06,-7.5086e-07,-3.6276e-06
-3.4055e-05,-3.4643e-05,-3.5222e-05,-3.5748e-05,-3.6218e-05,-3.663e-05,-3.6989e-05,-3.7298e-05,-3.7564e-05,-3.7793e-05,-3.7993e-05,-3.8173e-05,-3.8341e-05,-3.8506e-05,-3.8677e-05,-3.8862e-05,-3.9068e-05,-3.9302e-05,-3.9572e-05,-3.9883e-05,-4.0241e-05,-4.0649e-05,-4.1112e-05,-4.1634e-05,-4.2215e-05,-4.2859e-05,-4.3567e-05,-4.4339e-05,-4.5176e-05,-4.6076e-05,-4.7039e-05,-4.8062e-05,-4.9143e-05,-5.0278e-05,-5.1463e-05,-5.2692e-05,-5.3962e-05,-5.5263e-05,-5.659e-05,-5.7932e-05,-5.9282e-05,-6.0629e-05,-6.1961e-05,-6.3266e-05,-6.4531e-05,-6.5742e-05,-6.6884e-05,-6.7942e-05,-6.8898e-05,-6.9735e-05,-7.0436e-05,-7.0983e-05,-7.1357e-05,-7.154e-05,-7.1512e-05,-7.126e-05,-7.076e-05,-6.9996e-05,-6.8952e-05,-6.7613e-05,-6.5969e-05,-6.4008e-05,-6.1724e-05,-5.9114e-05,-5.6179e-05,-5.2927e-05,-4.9368e-05,-4.5522e-05,-4.1416e-05,-3.7084e-05,-3.2569e-05,-2.7924e-05,-2.3213e-05,-1.8506e-05,-1.3883e-05,-9.4313e-06,-5.242e-06,-1.4076e-06,1.9819e-06,4.8435e-06,7.1057e-06,8.7133e-06,9.6308e-06,9.8449e-06,9.3648e-06,8.2206e-06,6.4593e-06,4.1392e-06,1.335e-06,-1.6782e-06
-3.5926e-05,-3.6538e-05,-3.714e-05,-3.7682e-05,-3.8161e-05,-3.8576e-05,-3.893e-05,-3.9227e-05,-3.9473e-05,-3.9675e-05,-3.9844e-05,-3.9988e-05,-4.0116e-05,-4.0239e-05,-4.0365e-05,-4.0506e-05,-4.0668e-05,-4.086e-05,-4.1089e-05,-4.1362e-05,-4.1685e-05,-4.2062e-05,-4.2499e-05,-4.2998e-05,-4.3562e-05,-4.4193e-05,-4.4894e-05,-4.5663e-05,-4.6503e-05,-4.7411e-05,-4.8387e-05,-4.9428e-05,-5.0532e-05,-5.1695e-05,-5.2914e-05,-5.4181e-05,-5.5493e-05,-5.6841e-05,-5.8219e-05,-5.9616e-05,-6.1025e-05,-6.2433e-05,-6.3829e-05,-6.5202e-05,-6.6536e-05,-6.7819e-05,-6.9034e-05,-7.0164e-05,-7.1194e-05,-7.2105e-05,-7.2878e-05,-7.3496e-05,-7.3938e-05,-7.4185e-05,-7.4218e-05,-7.402e-05,-7.357e-05,-7.2848e-05,-7.1837e-05,-7.0521e-05,-6.8887e-05,-6.6922e-05,-6.462e-05,-6.1974e-05,-5.8984e-05,-5.5654e-05,-5.1994e-05,-4.8021e-05,-4.3758e-05,-3.924e-05,-3.4508e-05,-2.9613e-05,-2.462e-05,-1.9599e-05,-1.4635e-05,-9.8184e-06,-5.2462e-06,-1.0192e-06,2.7628e-06,6.0055e-06,8.6258e-06,1.0557e-05,1.1751e-05,1.2187e-05,1.1867e-05,1.0817e-05,9.0835e-06,6.7273e-06,3.8278e-06,6.7647e-07
-3.7849e-05,-3.8492e-05,-3.9121e-05,-3.9684e-05,-4.0174e-05,-4.0591e-05,-4.0938e-05,-4.1219e-05,-4.144e-05,-4.1611e-05,-4.174e-05,-4.1839e-05,-4.1919e-05,-4.199e-05,-4.2064e-05,-4.215e-05,-4.2259e-05,-4.24e-05,-4.258e-05,-4.2807e-05,-4.3087e-05,-4.3426e-05,-4.3828e-05,-4.4298e-05,-4.4838e-05,-4.5451e-05,-4.6138e-05,-4.6901e-05,-4.7738e-05,-4.8649e-05,-4.9634e-05,-5.0689e-05,-5.1813e-05,-5.3e-05,-5.4248e-05,-5.555e-05,-5.69e-05,-5.8292e-05,-5.9716e-05,-6.1165e-05,-6.2628e-05,-6.4094e-05,-6.5551e-05,-6.6987e-05,-6.8387e-05,-6.9737e-05,-7.102e-05,-7.222e-05,-7.3319e-05,-7.4299e-05,-7.5141e-05,-7.5825e-05,-7.6331e-05,-7.6639e-05,-7.6728e-05,-7.6582e-05,-7.6177e-05,-7.5494e-05,-7.4513e-05,-7.3218e-05,-7.1593e-05,-6.9624e-05,-6.7303e-05,-6.4622e-05,-6.1577e-05,-5.8172e-05,-5.4413e-05,-5.0315e-05,-4.59e-05,-4.1199e-05,-3.6252e-05,-3.111e-05,-2.5835e-05,-2.05e-05,-1.5191e-05,-1.0002e-05,-5.0353e-06,-4.0035e-07,3.7936e-06,7.4409e-06,1.0446e-05,1.2728e-05,1.4228e-05,1.4913e-05,1.4778e-05,1.3842e-05,1.2153e-05,9.7702e-06,6.7792e-06,3.4884e-06
-3.9829e-05,-4.0511e-05,-4.1173e-05,-4.1759e-05,-4.2263e-05,-4.2683e-05,-4.302e-05,-4.328e-05,-4.3471e-05,-4.3602e-05,-4.3684e-05,-4.3729e-05,-4.3751e-05,-4.376e-05,-4.377e-05,-4.3792e-05,-4.3838e-05,-4.3916e-05,-4.4038e-05,-4.4209e-05,-4.4438e-05,-4.4731e-05,-4.5092e-05,-4.5526e-05,-4.6036e-05,-4.6624e-05,-4.7292e-05,-4.8041e-05,-4.8871e-05,-4.9782e-05,-5.0771e-05,-5.1836e-05,-5.2975e-05,-5.4183e-05,-5.5456e-05,-5.6788e-05,-5.8173e-05,-5.9604e-05,-6.1072e-05,-6.2568e-05,-6.4082e-05,-6.5601e-05,-6.7115e-05,-6.861e-05,-7.0072e-05,-7.1484e-05,-7.2831e-05,-7.4095e-05,-7.5259e-05,-7.6304e-05,-7.7209e-05,-7.7954e-05,-7.8519e-05,-7.8883e-05,-7.9025e-05,-7.8923e-05,-7.856e-05,-7.7911e-05,-7.6957e-05,-7.5678e-05,-7.4058e-05,-7.2083e-05,-6.9741e-05,-6.7022e-05,-6.3922e-05,-6.0441e-05,-5.6584e-05,-5.2363e-05,-4.7798e-05,-4.2916e-05,-3.7757e-05,-3.2368e-05,-2.6812e-05,-2.1162e-05,-1.5503e-05,-9.9345e-06,-4.5634e-06,4.9427e-07,5.1194e-06,9.1945e-06,1.2611e-05,1.5273e-05,1.7109e-05,1.8073e-05,1.8149e-05,1.7351e-05,1.5722e-05,1.3324e-05,1.0246e-05,6.8148e-06
-4.1872e-05,-4.2601e-05,-4.3303e-05,-4.3919e-05,-4.4438e-05,-4.4859e-05,-4.5184e-05,-4.5418e-05,-4.5571e-05,-4.5654e-05,-4.5678e-05,-4.5659e-05,-4.561e-05,-4.5546e-05,-4.548e-05,-4.5427e-05,-4.5398e-05,-4.5404e-05,-4.5456e-05,-4.5563e-05,-4.5731e-05,-4.5969e-05,-4.6281e-05,-4.6672e-05,-4.7144e-05,-4.7702e-05,-4.8346e-05,-4.9077e-05,-4.9895e-05,-5.0799e-05,-5.1788e-05,-5.2859e-05,-5.4009e-05,-5.5233e-05,-5.6528e-05,-5.7887e-05,-5.9303e-05,-6.077e-05,-6.2277e-05,-6.3816e-05,-6.5376e-05,-6.6946e-05,-6.8512e-05,-7.0061e-05,-7.1579e-05,-7.3049e-05,-7.4455e-05,-7.5779e-05,-7.7002e-05,-7.8105e-05,-7.9068e-05,-7.9869e-05,-8.0488e-05,-8.0901e-05,-8.1088e-05,-8.1027e-05,-8.0699e-05,-8.0079e-05,-7.9144e-05,-7.7876e-05,-7.6257e-05,-7.4271e-05,-7.1903e-05,-6.9144e-05,-6.5986e-05,-6.2427e-05,-5.847e-05,-5.4124e-05,-4.9408e-05,-4.4346e-05,-3.8974e-05,-3.334e-05,-2.7502e-05,-2.1534e-05,-1.5522e-05,-9.567e-06,-3.7807e-06,1.7142e-06,6.7895e-06,1.1316e-05,1.5171e-05,1.8244e-05,2.0447e-05,2.1721e-05,2.2037e-05,2.1401e-05,1.9852e-05,1.7452e-05,1.4292e-05,1.0719e-05
-4.3986e-05,-4.4772e-05,-4.5524e-05,-4.6173e-05,-4.6709e-05,-4.7131e-05,-4.7439e-05,-4.7642e-05,-4.7748e-05,-4.7771e-05,-4.7727e-05,-4.763e-05,-4.7497e-05,-4.7346e-05,-4.7192e-05,-4.7049e-05,-4.6933e-05,-4.6855e-05,-4.6827e-05,-4.6859e-05,-4.6958e-05,-4.7132e-05,-4.7386e-05,-4.7726e-05,-4.8155e-05,-4.8676e-05,-4.929e-05,-4.9997e-05,-5.0798e-05,-5.1692e-05,-5.2677e-05,-5.3749e-05,-5.4907e-05,-5.6144e-05,-5.7457e-05,-5.8839e-05,-6.0283e-05,-6.1781e-05,-6.3324e-05,-6.4902e-05,-6.6504e-05,-6.8119e-05,-6.9733e-05,-7.1333e-05,-7.2902e-05,-7.4425e-05,-7.5884e-05,-7.7262e-05,-7.8538e-05,-7.9694e-05,-8.0708e-05,-8.1558e-05,-8.2223e-05,-8.268e-05,-8.2906e-05,-8.2877e-05,-8.2577e-05,-8.1978e-05,-8.1057e-05,-7.9793e-05,-7.8167e-05,-7.6163e-05,-7.3763e-05,-7.0957e-05,-6.7735e-05,-6.4094e-05,-6.0033e-05,-5.556e-05,-5.069e-05,-4.5445e-05,-3.9859e-05,-3.3976e-05,-2.7855e-05,-2.1566e-05,-1.5196e-05,-8.8465e-06,-2.6341e-06,3.3131e-06,8.8579e-06,1.386e-05,1.8181e-05,2.1697e-05,2.4301e-05,2.5918e-05,2.6505e-05,2.6059e-05,2.4611e-05,2.2222e-05,1.8987e-05,1.5272e-05
-4.6183e-05,-4.7038e-05,-4.7848e-05,-4.8537e-05,-4.9093e-05,-4.9512e-05,-4.9799e-05,-4.9961e-05,-5.001e-05,-4.9962e-05,-4.9833e-05,-4.9644e-05,-4.9413e-05,-4.9159e-05,-4.8901e-05,-4.8656e-05,-4.8439e-05,-4.8264e-05,-4.8144e-05,-4.8089e-05,-4.8108e-05,-4.821e-05,-4.8399e-05,-4.8681e-05,-4.906e-05,-4.9537e-05,-5.0115e-05,-5.0794e-05,-5.1574e-05,-5.2453e-05,-5.343e-05,-5.45e-05,-5.5661e-05,-5.6908e-05,-5.8236e-05,-5.9637e-05,-6.1104e-05,-6.263e-05,-6.4205e-05,-6.5819e-05,-6.746e-05,-6.9115e-05,-7.0773e-05,-7.2417e-05,-7.4032e-05,-7.5603e-05,-7.711e-05,-7.8535e-05,-7.9859e-05,-8.1061e-05,-8.2119e-05,-8.3012e-05,-8.3716e-05,-8.4208e-05,-8.4465e-05,-8.4462e-05,-8.4181e-05,-8.3594e-05,-8.2678e-05,-8.1409e-05,-7.9769e-05,-7.7737e-05,-7.5298e-05,-7.2437e-05,-6.9144e-05,-6.5412e-05,-6.1241e-05,-5.6634e-05,-5.1604e-05,-4.6172e-05,-4.0367e-05,-3.4232e-05,-2.7821e-05,-2.1206e-05,-1.4471e-05,-7.7185e-06,-1.0679e-06,5.3475e-06,1.1382e-05,1.6884e-05,2.1702e-05,2.5693e-05,2.8734e-05,3.073e-05,3.1623e-05,3.1397e-05,3.0073e-05,2.7711e-05,2.4409e-05,2.055e-05
-4.8475e-05,-4.9414e-05,-5.0293e-05,-5.1029e-05,-5.1605e-05,-5.2021e-05,-5.2279e-05,-5.2389e-05,-5.2368e-05,-5.2232e-05,-5.2003e-05,-5.1704e-05,-5.1356e-05,-5.0983e-05,-5.0605e-05,-5.024e-05,-4.9908e-05,-4.9622e-05,-4.9398e-05,-4.9245e-05,-4.9175e-05,-4.9194e-05,-4.931e-05,-4.9527e-05,-4.9849e-05,-5.0278e-05,-5.0815e-05,-5.1461e-05,-5.2215e-05,-5.3075e-05,-5.404e-05,-5.5105e-05,-5.6266e-05,-5.7519e-05,-5.8858e-05,-6.0275e-05,-6.1764e-05,-6.3314e-05,-6.4917e-05,-6.6562e-05,-6.8237e-05,-6.993e-05,-7.1625e-05,-7.331e-05,-7.4967e-05,-7.6579e-05,-7.8128e-05,-7.9595e-05,-8.096e-05,-8.2201e-05,-8.3296e-05,-8.4224e-05,-8.4959e-05,-8.5478e-05,-8.5757e-05,-8.5772e-05,-8.5499e-05,-8.4916e-05,-8.3994e-05,-8.2712e-05,-8.1046e-05,-7.8977e-05,-7.6488e-05,-7.3562e-05,-7.0188e-05,-6.6357e-05,-6.2065e-05,-5.7315e-05,-5.2118e-05,-4.6489e-05,-4.0457e-05,-3.4062e-05,-2.7355e-05,-2.0404e-05,-1.3295e-05,-6.1278e-06,9.7537e-07,7.8769e-06,1.4424e-05,2.0453e-05,2.5799e-05,3.0302e-05,3.3818e-05,3.6233e-05,3.7469e-05,3.7495e-05,3.6323e-05,3.4006e-05,3.0644e-05,2.6639e-05
-5.0881e-05,-5.1921e-05,-5.2883e-05,-5.3671e-05,-5.427e-05,-5.4676e-05,-5.4896e-05,-5.4942e-05,-5.4833e-05,-5.4591e-05,-5.4242e-05,-5.3813e-05,-5.3329e-05,-5.2816e-05,-5.2298e-05,-5.1798e-05,-5.1333e-05,-5.0923e-05,-5.058e-05,-5.0319e-05,-5.0148e-05,-5.0076e-05,-5.011e-05,-5.0255e-05,-5.0514e-05,-5.0888e-05,-5.138e-05,-5.1989e-05,-5.2713e-05,-5.3552e-05,-5.4501e-05,-5.5558e-05,-5.6717e-05,-5.7973e-05,-5.932e-05,-6.0751e-05,-6.2256e-05,-6.3828e-05,-6.5456e-05,-6.7129e-05,-6.8834e-05,-7.0559e-05,-7.2289e-05,-7.4009e-05,-7.5702e-05,-7.735e-05,-7.8936e-05,-8.0438e-05,-8.1837e-05,-8.311e-05,-8.4235e-05,-8.5189e-05,-8.5947e-05,-8.6485e-05,-8.6777e-05,-8.6799e-05,-8.6525e-05,-8.5935e-05,-8.4998e-05,-8.369e-05,-8.1987e-05,-7.987e-05,-7.7319e-05,-7.4317e-05,-7.0848e-05,-6.6905e-05,-6.2481e-05,-5.7577e-05,-5.2199e-05,-4.6363e-05,-4.0093e-05,-3.3426e-05,-2.6411e-05,-1.9114e-05,-1.1616e-05,-4.0199e-06,3.5533e-06,1.0962e-05,1.8047e-05,2.4634e-05,3.0543e-05,3.5596e-05,3.963e-05,4.2507e-05,4.4129e-05,4.4444e-05,4.3453e-05,4.1201e-05,3.7788e-05,3.3637e-05
-5.3424e-05,-5.4585e-05,-5.5644e-05,-5.6492e-05,-5.7113e-05,-5.7503e-05,-5.7672e-05,-5.7637e-05,-5.742e-05,-5.705e-05,-5.6557e-05,-5.5973e-05,-5.5329e-05,-5.4655e-05,-5.3977e-05,-5.3321e-05,-5.2708e-05,-5.2156e-05,-5.1682e-05,-5.1299e-05,-5.1018e-05,-5.0846e-05,-5.0791e-05,-5.0857e-05,-5.1046e-05,-5.1362e-05,-5.1804e-05,-5.2372e-05,-5.3064e-05,-5.3877e-05,-5.4809e-05,-5.5855e-05,-5.7009e-05,-5.8266e-05,-5.9619e-05,-6.106e-05,-6.258e-05,-6.417e-05,-6.582e-05,-6.7517e-05,-6.925e-05,-7.1004e-05,-7.2764e-05,-7.4514e-05,-7.6238e-05,-7.7917e-05,-7.9533e-05,-8.1064e-05,-8.249e-05,-8.3788e-05,-8.4935e-05,-8.5906e-05,-8.6678e-05,-8.7225e-05,-8.752e-05,-8.7539e-05,-8.7254e-05,-8.6644e-05,-8.5679e-05,-8.4333e-05,-8.2584e-05,-8.0406e-05,-7.778e-05,-7.4688e-05,-7.1111e-05,-6.7042e-05,-6.2472e-05,-5.7398e-05,-5.1826e-05,-4.5767e-05,-3.9244e-05,-3.229e-05,-2.4952e-05,-1.7291e-05,-9.3879e-06,-1.3428e-06,6.7225e-06,1.4664e-05,2.2315e-05,2.9494e-05,3.6006e-05,4.1655e-05,4.6254e-05,4.9642e-05,5.1696e-05,5.2344e-05,5.1568e-05,4.9405e-05,4.5951e-05,4.165e-05
-5.6133e-05,-5.7439e-05,-5.8612e-05,-5.9528e-05,-6.0169e-05,-6.0534e-05,-6.0636e-05,-6.0496e-05,-6.0146e-05,-5.962e-05,-5.8955e-05,-5.8189e-05,-5.7358e-05,-5.6497e-05,-5.5636e-05,-5.4803e-05,-5.4022e-05,-5.3313e-05,-5.2694e-05,-5.2178e-05,-5.1775e-05,-5.1495e-05,-5.1343e-05,-5.1323e-05,-5.1439e-05,-5.1692e-05,-5.208e-05,-5.2604e-05,-5.3261e-05,-5.4047e-05,-5.4959e-05,-5.5992e-05,-5.7139e-05,-5.8395e-05,-5.9752e-05,-6.1202e-05,-6.2735e-05,-6.4342e-05,-6.6011e-05,-6.7729e-05,-6.9485e-05,-7.1264e-05,-7.3049e-05,-7.4826e-05,-7.6576e-05,-7.8281e-05,-7.992e-05,-8.1474e-05,-8.292e-05,-8.4235e-05,-8.5396e-05,-8.6378e-05,-8.7155e-05,-8.7701e-05,-8.7989e-05,-8.7994e-05,-8.7687e-05,-8.7046e-05,-8.604e-05,-8.4643e-05,-8.2829e-05,-8.0575e-05,-7.7859e-05,-7.4661e-05,-7.0966e-05,-6.6757e-05,-6.2025e-05,-5.6764e-05,-5.0979e-05,-4.4681e-05,-3.7886e-05,-3.0626e-05,-2.2944e-05,-1.4898e-05,-6.5674e-06,1.9512e-06,1.0536e-05,1.9041e-05,2.7295e-05,3.5107e-05,4.2268e-05,4.8562e-05,5.3781e-05,5.7737e-05,6.0278e-05,6.1308e-05,6.0787e-05,5.8738e-05,5.5254e-05,5.08e-05
-5.9047e-05,-6.0526e-05,-6.1833e-05,-6.2824e-05,-6.348e-05,-6.3805e-05,-6.3817e-05,-6.3546e-05,-6.3031e-05,-6.2315e-05,-6.1444e-05,-6.0463e-05,-5.9414e-05,-5.8337e-05,-5.7267e-05,-5.6235e-05,-5.5267e-05,-5.4384e-05,-5.3605e-05,-5.2943e-05,-5.2409e-05,-5.2012e-05,-5.1756e-05,-5.1646e-05,-5.1684e-05,-5.187e-05,-5.2203e-05,-5.2681e-05,-5.33e-05,-5.4058e-05,-5.4949e-05,-5.5967e-05,-5.7107e-05,-5.8361e-05,-5.9721e-05,-6.1177e-05,-6.2721e-05,-6.4342e-05,-6.6027e-05,-6.7765e-05,-6.9541e-05,-7.1341e-05,-7.3148e-05,-7.4946e-05,-7.6718e-05,-7.8442e-05,-8.0101e-05,-8.1671e-05,-8.313e-05,-8.4456e-05,-8.5623e-05,-8.6606e-05,-8.7379e-05,-8.7915e-05,-8.8187e-05,-8.8167e-05,-8.7827e-05,-8.7143e-05,-8.6084e-05,-8.4622e-05,-8.2731e-05,-8.0386e-05,-7.7564e-05,-7.4243e-05,-7.0406e-05,-6.6037e-05,-6.1124e-05,-5.5663e-05,-4.9649e-05,-4.3092e-05,-3.6003e-05,-2.8414e-05,-2.0363e-05,-1.1908e-05,-3.1202e-06,5.9028e-06,1.5041e-05,2.4148e-05,3.3049e-05,4.1542e-05,4.9407e-05,5.6408e-05,6.2311e-05,6.6899e-05,6.9992e-05,7.1461e-05,7.1241e-05,6.9338e-05,6.5838e-05,6.1224e-05
-6.2215e-05,-6.3902e-05,-6.5363e-05,-6.6435e-05,-6.7099e-05,-6.7363e-05,-6.7255e-05,-6.6817e-05,-6.6097e-05,-6.515e-05,-6.4032e-05,-6.2797e-05,-6.1494e-05,-6.017e-05,-5.8863e-05,-5.7607e-05,-5.643e-05,-5.5356e-05,-5.4402e-05,-5.3583e-05,-5.2909e-05,-5.2387e-05,-5.2023e-05,-5.1818e-05,-5.1775e-05,-5.1891e-05,-5.2166e-05,-5.2597e-05,-5.3179e-05,-5.3907e-05,-5.4776e-05,-5.578e-05,-5.6912e-05,-5.8163e-05,-5.9524e-05,-6.0987e-05,-6.2541e-05,-6.4173e-05,-6.5873e-05,-6.7627e-05,-6.942e-05,-7.1238e-05,-7.3063e-05,-7.4879e-05,-7.6667e-05,-7.8406e-05,-8.0078e-05,-8.1658e-05,-8.3124e-05,-8.4453e-05,-8.5618e-05,-8.6595e-05,-8.7356e-05,-8.7873e-05,-8.8118e-05,-8.8064e-05,-8.768e-05,-8.6941e-05,-8.5816e-05,-8.4277e-05,-8.2295e-05,-7.9845e-05,-7.6901e-05,-7.3441e-05,-6.9445e-05,-6.4896e-05,-5.9781e-05,-5.4092e-05,-4.7825e-05,-4.0986e-05,-3.3586e-05,-2.5646e-05,-1.7197e-05,-8.3003e-06,9.7772e-07,1.0543e-05,2.0277e-05,3.0033e-05,3.9633e-05,4.8868e-05,5.7502e-05,6.5282e-05,7.1947e-05,7.7248e-05,8.0968e-05,8.2945e-05,8.3084e-05,8.1365e-05,7.7863e-05,7.3082e-05
-6.5701e-05,-6.7636e-05,-6.9276e-05,-7.0433e-05,-7.1089e-05,-7.1264e-05,-7.0996e-05,-7.0343e-05,-6.9367e-05,-6.8139e-05,-6.6725e-05,-6.5191e-05,-6.3594e-05,-6.1986e-05,-6.0411e-05,-5.8905e-05,-5.7499e-05,-5.6216e-05,-5.5073e-05,-5.4086e-05,-5.3263e-05,-5.261e-05,-5.2132e-05,-5.183e-05,-5.1703e-05,-5.1749e-05,-5.1966e-05,-5.2349e-05,-5.2894e-05,-5.3593e-05,-5.4441e-05,-5.5431e-05,-5.6554e-05,-5.7802e-05,-5.9165e-05,-6.0633e-05,-6.2195e-05,-6.3839e-05,-6.5551e-05,-6.7319e-05,-6.9127e-05,-7.0959e-05,-7.2799e-05,-7.4629e-05,-7.6429e-05,-7.8178e-05,-7.9857e-05,-8.1442e-05,-8.2909e-05,-8.4234e-05,-8.539e-05,-8.6353e-05,-8.7093e-05,-8.7582e-05,-8.7792e-05,-8.7692e-05,-8.7255e-05,-8.6449e-05,-8.5247e-05,-8.3618e-05,-8.1532e-05,-7.8962e-05,-7.5881e-05,-7.2266e-05,-6.8095e-05,-6.3348e-05,-5.8011e-05,-5.2072e-05,-4.5527e-05,-3.8377e-05,-3.0631e-05,-2.2308e-05,-1.3442e-05,-4.0715e-06,5.7376e-06,1.5889e-05,2.627e-05,3.6732e-05,4.7096e-05,5.7145e-05,6.6631e-05,7.5279e-05,8.28e-05,8.891e-05,9.3353e-05,9.5924e-05,9.649e-05,9.5002e-05,9.1517e-05,8.6558e-05
-6.9588e-05,-7.1821e-05,-7.3665e-05,-7.4907e-05,-7.5533e-05,-7.5576e-05,-7.5094e-05,-7.4164e-05,-7.287e-05,-7.1298e-05,-6.953e-05,-6.7644e-05,-6.5706e-05,-6.3775e-05,-6.1898e-05,-6.0115e-05,-5.8457e-05,-5.6946e-05,-5.5602e-05,-5.4437e-05,-5.3457e-05,-5.2669e-05,-5.2075e-05,-5.1673e-05,-5.1462e-05,-5.1439e-05,-5.1598e-05,-5.1935e-05,-5.2443e-05,-5.3115e-05,-5.3943e-05,-5.492e-05,-5.6036e-05,-5.7281e-05,-5.8646e-05,-6.0119e-05,-6.1689e-05,-6.3342e-05,-6.5066e-05,-6.6846e-05,-6.8667e-05,-7.0511e-05,-7.2362e-05,-7.4202e-05,-7.601e-05,-7.7765e-05,-7.9446e-05,-8.1029e-05,-8.2491e-05,-8.3806e-05,-8.4947e-05,-8.5887e-05,-8.6599e-05,-8.7052e-05,-8.7217e-05,-8.7064e-05,-8.6562e-05,-8.568e-05,-8.439e-05,-8.2659e-05,-8.0456e-05,-7.7754e-05,-7.4523e-05,-7.0738e-05,-6.6375e-05,-6.1413e-05,-5.5835e-05,-4.9626e-05,-4.2779e-05,-3.5292e-05,-2.7171e-05,-1.843e-05,-9.0988e-06,7.8311e-07,1.1157e-05,2.1943e-05,3.3029e-05,4.4267e-05,5.5473e-05,6.6426e-05,7.6863e-05,8.6489e-05,9.4984e-05,0.00010202,0.00010731,0.00011058,0.00011166,0.00011047,0.00010702,0.00010187
-7.3987e-05,-7.6576e-05,-7.8653e-05,-7.9971e-05,-8.0529e-05,-8.0381e-05,-7.9612e-05,-7.8326e-05,-7.6633e-05,-7.464e-05,-7.2448e-05,-7.0148e-05,-6.7817e-05,-6.5518e-05,-6.3304e-05,-6.1215e-05,-5.9283e-05,-5.7529e-05,-5.5972e-05,-5.4619e-05,-5.3479e-05,-5.2552e-05,-5.184e-05,-5.1339e-05,-5.1045e-05,-5.0953e-05,-5.1057e-05,-5.135e-05,-5.1825e-05,-5.2472e-05,-5.3283e-05,-5.4248e-05,-5.5359e-05,-5.6603e-05,-5.7971e-05,-5.9449e-05,-6.1027e-05,-6.269e-05,-6.4424e-05,-6.6215e-05,-6.8046e-05,-6.99e-05,-7.176e-05,-7.3606e-05,-7.5418e-05,-7.7174e-05,-7.8853e-05,-8.043e-05,-8.1881e-05,-8.3179e-05,-8.4298e-05,-8.521e-05,-8.5885e-05,-8.6294e-05,-8.6407e-05,-8.6191e-05,-8.5616e-05,-8.465e-05,-8.3262e-05,-8.1419e-05,-7.9089e-05,-7.6242e-05,-7.2849e-05,-6.8881e-05,-6.4312e-05,-5.9119e-05,-5.3283e-05,-4.6785e-05,-3.9615e-05,-3.1767e-05,-2.3242e-05,-1.4051e-05,-4.2169e-06,6.2257e-06,1.7222e-05,2.8695e-05,4.0546e-05,5.2638e-05,6.4779e-05,7.6743e-05,8.8255e-05,9.8997e-05,0.00010861,0.00011674,0.00012301,0.00012713,0.00012884,0.00012801,0.00012464,0.00011928
-7.9044e-05,-8.2059e-05,-8.4396e-05,-8.5771e-05,-8.6203e-05,-8.5779e-05,-8.4624e-05,-8.2877e-05,-8.0682e-05,-7.8174e-05,-7.5475e-05,-7.269e-05,-6.9906e-05,-6.7192e-05,-6.4603e-05,-6.2179e-05,-5.9952e-05,-5.7941e-05,-5.6159e-05,-5.4615e-05,-5.331e-05,-5.2244e-05,-5.1415e-05,-5.0817e-05,-5.0444e-05,-5.0288e-05,-5.0341e-05,-5.0594e-05,-5.1038e-05,-5.1664e-05,-5.2461e-05,-5.3419e-05,-5.4526e-05,-5.5771e-05,-5.7143e-05,-5.8628e-05,-6.0214e-05,-6.1887e-05,-6.3631e-05,-6.5432e-05,-6.7272e-05,-6.9134e-05,-7.1e-05,-7.2849e-05,-7.4662e-05,-7.6416e-05,-7.8088e-05,-7.9654e-05,-8.1088e-05,-8.2365e-05,-8.3456e-05,-8.4333e-05,-8.4966e-05,-8.5325e-05,-8.5378e-05,-8.5093e-05,-8.4437e-05,-8.3378e-05,-8.1884e-05,-7.9921e-05,-7.7455e-05,-7.4455e-05,-7.0889e-05,-6.6727e-05,-6.1941e-05,-5.6505e-05,-5.0396e-05,-4.3593e-05,-3.6081e-05,-2.785e-05,-1.8897e-05,-9.2252e-06,1.1487e-06,1.2196e-05,2.387e-05,3.6102e-05,4.8795e-05,6.1819e-05,7.5002e-05,8.8106e-05,0.00010084,0.00011287,0.0001238,0.00013321,0.00014067,0.00014581,0.00014831,0.00014796,0.0001447,0.0001391
-8.4955e-05,-8.8483e-05,-9.1103e-05,-9.2494e-05,-9.2709e-05,-9.1889e-05,-9.021e-05,-8.7865e-05,-8.5039e-05,-8.1901e-05,-7.8596e-05,-7.5244e-05,-7.1941e-05,-6.8761e-05,-6.5759e-05,-6.2974e-05,-6.0433e-05,-5.8151e-05,-5.6139e-05,-5.44e-05,-5.2931e-05,-5.1729e-05,-5.0788e-05,-5.0098e-05,-4.965e-05,-4.9436e-05,-4.9444e-05,-4.9663e-05,-5.0083e-05,-5.0692e-05,-5.148e-05,-5.2433e-05,-5.3541e-05,-5.479e-05,-5.6168e-05,-5.7662e-05,-5.9258e-05,-6.094e-05,-6.2695e-05,-6.4504e-05,-6.6352e-05,-6.8221e-05,-7.009e-05,-7.1941e-05,-7.3751e-05,-7.5499e-05,-7.7161e-05,-7.8712e-05,-8.0126e-05,-8.1377e-05,-8.2435e-05,-8.3272e-05,-8.3858e-05,-8.4161e-05,-8.4149e-05,-8.3789e-05,-8.3047e-05,-8.1889e-05,-8.0283e-05,-7.8193e-05,-7.5585e-05,-7.2425e-05,-6.868e-05,-6.4318e-05,-5.9307e-05,-5.3619e-05,-4.7226e-05,-4.0106e-05,-3.2239e-05,-2.3608e-05,-1.4204e-05,-4.0249e-06,6.9213e-06,1.8615e-05,3.1019e-05,4.4075e-05,5.7698e-05,7.1763e-05,8.61e-05,0.00010049,0.00011463,0.00012816,0.00014063,0.00015158,0.0001605,0.00016691,0.0001704,0.00017067,0.00016759,0.00016173
-9.1989e-05,-9.6133e-05,-9.9048e-05,-0.00010038,-0.00010024,-9.8847e-05,-9.6458e-05,-9.3334e-05,-8.9714e-05,-8.5806e-05,-8.1779e-05,-7.7768e-05,-7.3876e-05,-7.0178e-05,-6.6726e-05,-6.3554e-05,-6.0684e-05,-5.8125e-05,-5.5881e-05,-5.3948e-05,-5.232e-05,-5.0989e-05,-4.9942e-05,-4.9168e-05,-4.8655e-05,-4.8391e-05,-4.8362e-05,-4.8555e-05,-4.8958e-05,-4.9557e-05,-5.0341e-05,-5.1295e-05,-5.2407e-05,-5.3664e-05,-5.5052e-05,-5.6557e-05,-5.8164e-05,-5.9858e-05,-6.1622e-05,-6.3441e-05,-6.5297e-05,-6.717e-05,-6.9042e-05,-7.0892e-05,-7.2698e-05,-7.4437e-05,-7.6086e-05,-7.7619e-05,-7.9009e-05,-8.023e-05,-8.1252e-05,-8.2046e-05,-8.258e-05,-8.2823e-05,-8.2742e-05,-8.2303e-05,-8.1471e-05,-8.0212e-05,-7.849e-05,-7.6271e-05,-7.3518e-05,-7.0195e-05,-6.6268e-05,-6.1701e-05,-5.6462e-05,-5.0518e-05,-4.3838e-05,-3.6395e-05,-2.8163e-05,-1.9121e-05,-9.2515e-06,1.4546e-06,1.3e-05,2.5375e-05,3.8557e-05,5.2501e-05,6.7135e-05,8.2351e-05,9.7989e-05,0.00011383,0.00012959,0.00014486,0.00015919,0.00017201,0.00018272,0.00019075,0.00019553,0.00019664,0.00019384,0.00018769
-0.00010052,-0.0001054,-0.0001086,-0.00010974,-0.00010903,-0.00010681,-0.00010345,-9.9314e-05,-9.4695e-05,-8.9847e-05,-8.4965e-05,-8.0195e-05,-7.5641e-05,-7.1374e-05,-6.744e-05,-6.3863e-05,-6.0655e-05,-5.7817e-05,-5.5344e-05,-5.3227e-05,-5.145e-05,-4.9999e-05,-4.886e-05,-4.8015e-05,-4.7448e-05,-4.7145e-05,-4.7089e-05,-4.7266e-05,-4.7661e-05,-4.8258e-05,-4.9045e-05,-5.0007e-05,-5.1129e-05,-5.2399e-05,-5.38e-05,-5.5318e-05,-5.6939e-05,-5.8646e-05,-6.0422e-05,-6.2251e-05,-6.4114e-05,-6.5992e-05,-6.7866e-05,-6.9714e-05,-7.1514e-05,-7.3243e-05,-7.4876e-05,-7.6389e-05,-7.7753e-05,-7.8942e-05,-7.9925e-05,-8.0673e-05,-8.1154e-05,-8.1335e-05,-8.1184e-05,-8.0664e-05,-7.9742e-05,-7.838e-05,-7.6543e-05,-7.4194e-05,-7.1296e-05,-6.7812e-05,-6.3704e-05,-5.8936e-05,-5.3471e-05,-4.7272e-05,-4.0307e-05,-3.2541e-05,-2.3944e-05,-1.4488e-05,-4.1479e-06,7.0962e-06,1.9258e-05,3.2342e-05,4.634e-05,6.1226e-05,7.6949e-05,9.3421e-05,0.0001105,0.00012799,0.0001456,0.00016294,0.00017948,0.0001946,0.00020759,0.0002177,0.00022419,0.00022647,0.00022411,0.00021764
-0.00011108,-0.00011684,-0.00012026,-0.00012096,-0.00011935,-0.00011594,-0.00011126,-0.0001058,-9.9928e-05,-9.3942e-05,-8.8057e-05,-8.2423e-05,-7.7136e-05,-7.2257e-05,-6.7817e-05,-6.3825e-05,-6.0281e-05,-5.7174e-05,-5.4485e-05,-5.2198e-05,-5.0288e-05,-4.8737e-05,-4.7521e-05,-4.6621e-05,-4.6017e-05,-4.569e-05,-4.5621e-05,-4.5793e-05,-4.619e-05,-4.6796e-05,-4.7595e-05,-4.8571e-05,-4.9711e-05,-5.0998e-05,-5.2417e-05,-5.3953e-05,-5.5591e-05,-5.7313e-05,-5.9103e-05,-6.0943e-05,-6.2814e-05,-6.4698e-05,-6.6573e-05,-6.8419e-05,-7.0212e-05,-7.193e-05,-7.3548e-05,-7.5039e-05,-7.6377e-05,-7.7533e-05,-7.8477e-05,-7.9179e-05,-7.9606e-05,-7.9726e-05,-7.9504e-05,-7.8906e-05,-7.7894e-05,-7.6433e-05,-7.4483e-05,-7.2009e-05,-6.8972e-05,-6.5332e-05,-6.1051e-05,-5.6089e-05,-5.0405e-05,-4.3962e-05,-3.672e-05,-2.8641e-05,-1.9688e-05,-9.8261e-06,9.7983e-07,1.276e-05,2.5542e-05,3.9347e-05,5.4185e-05,7.0054e-05,8.693e-05,0.00010475,0.00012342,0.00014276,0.0001625,0.00018224,0.00020146,0.00021944,0.00023532,0.00024817,0.000257,0.00026093,0.00025929,0.00025247
-0.00012445,-0.00013124,-0.0001347,-0.00013457,-0.00013152,-0.00012638,-0.00011991,-0.00011273,-0.0001053,-9.7947e-05,-9.0903e-05,-8.4303e-05,-7.8225e-05,-7.2704e-05,-6.7749e-05,-6.3349e-05,-5.9486e-05,-5.6129e-05,-5.3249e-05,-5.0817e-05,-4.8801e-05,-4.7172e-05,-4.5905e-05,-4.4972e-05,-4.4349e-05,-4.4016e-05,-4.395e-05,-4.4133e-05,-4.4545e-05,-4.517e-05,-4.5991e-05,-4.6991e-05,-4.8155e-05,-4.9466e-05,-5.0909e-05,-5.2468e-05,-5.4127e-05,-5.5867e-05,-5.7673e-05,-5.9527e-05,-6.1408e-05,-6.3298e-05,-6.5176e-05,-6.7021e-05,-6.8809e-05,-7.0516e-05,-7.2119e-05,-7.359e-05,-7.4901e-05,-7.6026e-05,-7.6932e-05,-7.759e-05,-7.7966e-05,-7.8028e-05,-7.774e-05,-7.7067e-05,-7.5972e-05,-7.4416e-05,-7.2362e-05,-6.9771e-05,-6.6604e-05,-6.2821e-05,-5.8378e-05,-5.3235e-05,-4.7349e-05,-4.0678e-05,-3.3177e-05,-2.4804e-05,-1.5515e-05,-5.2663e-06,5.9865e-06,1.8286e-05,3.1676e-05,4.6194e-05,6.1876e-05,7.8746e-05,9.6816e-05,0.00011607,0.00013644,0.00015781,0.00017996,0.00020251,0.00022494,0.00024646,0.00026608,0.0002826,0.00029469,0.00030105,0.00030059,0.00029348
-0.0001418,-0.00014975,-0.00015287,-0.00015117,-0.00014587,-0.00013824,-0.00012933,-0.00011992,-0.00011058,-0.00010163,-9.3274e-05,-8.5626e-05,-7.8722e-05,-7.2554e-05,-6.7105e-05,-6.2325e-05,-5.8176e-05,-5.4608e-05,-5.1575e-05,-4.9036e-05,-4.6948e-05,-4.5276e-05,-4.3986e-05,-4.3047e-05,-4.2431e-05,-4.2113e-05,-4.2069e-05,-4.2279e-05,-4.2723e-05,-4.338e-05,-4.4235e-05,-4.5269e-05,-4.6466e-05,-4.7809e-05,-4.9282e-05,-5.087e-05,-5.2554e-05,-5.4317e-05,-5.6143e-05,-5.8013e-05,-5.9907e-05,-6.1807e-05,-6.369e-05,-6.5535e-05,-6.732e-05,-6.902e-05,-7.0609e-05,-7.2062e-05,-7.3351e-05,-7.4447e-05,-7.532e-05,-7.5938e-05,-7.6269e-05,-7.6278e-05,-7.5931e-05,-7.5191e-05,-7.4022e-05,-7.2382e-05,-7.0235e-05,-6.7541e-05,-6.426e-05,-6.0349e-05,-5.5764e-05,-5.0461e-05,-4.4396e-05,-3.7521e-05,-2.9789e-05,-2.1151e-05,-1.1557e-05,-9.5435e-07,1.0711e-05,2.3496e-05,3.7459e-05,5.266e-05,6.9161e-05,8.702e-05,0.00010629,0.000127,0.00014917,0.00017273,0.00019754,0.00022332,0.00024955,0.00027546,0.0002999,0.00032139,0.00033812,0.00034817,0.00034974,0.00034249
-0.00016502,-0.0001741,-0.00017604,-0.00017152,-0.00016268,-0.00015144,-0.00013925,-0.00012704,-0.00011539,-0.00010462,-9.4845e-05,-8.6109e-05,-7.8391e-05,-7.1615e-05,-6.572e-05,-6.0622e-05,-5.6248e-05,-5.2529e-05,-4.94e-05,-4.6805e-05,-4.4692e-05,-4.3018e-05,-4.1742e-05,-4.083e-05,-4.0249e-05,-3.9972e-05,-3.9973e-05,-4.023e-05,-4.0721e-05,-4.1426e-05,-4.2327e-05,-4.3406e-05,-4.4646e-05,-4.603e-05,-4.7542e-05,-4.9164e-05,-5.0879e-05,-5.2671e-05,-5.4522e-05,-5.6412e-05,-5.8324e-05,-6.0236e-05,-6.2129e-05,-6.3979e-05,-6.5764e-05,-6.746e-05,-6.9042e-05,-7.0482e-05,-7.1754e-05,-7.2827e-05,-7.3673e-05,-7.4259e-05,-7.4552e-05,-7.4519e-05,-7.4123e-05,-7.3329e-05,-7.2098e-05,-7.0389e-05,-6.8165e-05,-6.5388e-05,-6.2012e-05,-5.7996e-05,-5.3294e-05,-4.7859e-05,-4.1644e-05,-3.4599e-05,-2.6673e-05,-1.781e-05,-7.9548e-06,2.9541e-06,1.4981e-05,2.8196e-05,4.2676e-05,5.8502e-05,7.5765e-05,9.456e-05,0.00011499,0.00013715,0.00016112,0.00018696,0.00021464,0.000244,0.00027467,0.00030592,0.00033656,0.0003648,0.00038826,0.00040406,0.00040921,0.00040234
-0.00019721,-0.00020696,-0.00020592,-0.00019637,-0.00018199,-0.00016564,-0.00014912,-0.00013346,-0.00011916,-0.00010639,-9.5177e-05,-8.5397e-05,-7.6939e-05,-6.9657e-05,-6.3419e-05,-5.8101e-05,-5.3597e-05,-4.981e-05,-4.666e-05,-4.4075e-05,-4.1996e-05,-4.037e-05,-3.9153e-05,-3.8305e-05,-3.7793e-05,-3.7585e-05,-3.7656e-05,-3.7981e-05,-3.8539e-05,-3.9308e-05,-4.027e-05,-4.1406e-05,-4.27e-05,-4.4135e-05,-4.5692e-05,-4.7357e-05,-4.9111e-05,-5.0938e-05,-5.2819e-05,-5.4737e-05,-5.6671e-05,-5.8602e-05,-6.0509e-05,-6.237e-05,-6.4162e-05,-6.5861e-05,-6.7441e-05,-6.8877e-05,-7.0139e-05,-7.12e-05,-7.2028e-05,-7.2593e-05,-7.2861e-05,-7.2798e-05,-7.2368e-05,-7.1535e-05,-7.026e-05,-6.8501e-05,-6.6224e-05,-6.3385e-05,-5.9942e-05,-5.5849e-05,-5.1061e-05,-4.5528e-05,-3.9202e-05,-3.2029e-05,-2.3953e-05,-1.4916e-05,-4.8554e-06,6.298e-06,1.8619e-05,3.219e-05,4.7104e-05,6.3466e-05,8.1394e-05,0.00010103,0.00012251,0.00014602,0.00017174,0.00019984,0.00023047,0.00026367,0.00029931,0.00033689,0.00037534,0.00041273,0.00044601,0.00047099,0.00048266,0.00047751
-0.0002438,-0.00025243,-0.00024465,-0.00022623,-0.00020333,-0.00017986,-0.00015785,-0.00013816,-0.00012101,-0.00010626,-9.3711e-05,-8.3059e-05,-7.4047e-05,-6.6434e-05,-6.0019e-05,-5.4629e-05,-5.0122e-05,-4.6379e-05,-4.3301e-05,-4.0808e-05,-3.8831e-05,-3.7313e-05,-3.6204e-05,-3.5463e-05,-3.5055e-05,-3.4949e-05,-3.5116e-05,-3.5533e-05,-3.6176e-05,-3.7027e-05,-3.8064e-05,-3.9272e-05,-4.0631e-05,-4.2127e-05,-4.374e-05,-4.5456e-05,-4.7258e-05,-4.9127e-05,-5.1046e-05,-5.2998e-05,-5.4962e-05,-5.692e-05,-5.8849e-05,-6.0729e-05,-6.2536e-05,-6.4247e-05,-6.5836e-05,-6.7277e-05,-6.8541e-05,-6.9601e-05,-7.0426e-05,-7.0984e-05,-7.1242e-05,-7.1167e-05,-7.0721e-05,-6.9869e-05,-6.8572e-05,-6.6789e-05,-6.4483e-05,-6.1612e-05,-5.8132e-05,-5.3997e-05,-4.916e-05,-4.3571e-05,-3.7177e-05,-2.9925e-05,-2.1755e-05,-1.2604e-05,-2.4049e-06,8.9182e-06,2.1449e-05,3.5281e-05,5.0523e-05,6.73e-05,8.5759e-05,0.00010607,0.00012845,0.00015313,0.0001804,0.00021059,0.00024406,0.00028113,0.00032206,0.0003668,0.00041474,0.0004642,0.00051175,0.0005516,0.00057549,0.00057547
-0.00031484,-0.00031681,-0.00029441,-0.00026062,-0.00022501,-0.00019214,-0.00016364,-0.00013966,-0.00011977,-0.00010336,-8.9822e-05,-7.8644e-05,-6.9394e-05,-6.1726e-05,-5.5367e-05,-5.0099e-05,-4.5751e-05,-4.2185e-05,-3.9292e-05,-3.6983e-05,-3.5184e-05,-3.3836e-05,-3.2889e-05,-3.2301e-05,-3.2036e-05,-3.2062e-05,-3.2354e-05,-3.2885e-05,-3.3635e-05,-3.4584e-05,-3.5714e-05,-3.7006e-05,-3.8444e-05,-4.0011e-05,-4.1691e-05,-4.3469e-05,-4.5326e-05,-4.7247e-05,-4.9214e-05,-5.1209e-05,-5.3212e-05,-5.5205e-05,-5.7167e-05,-5.9077e-05,-6.091e-05,-6.2645e-05,-6.4255e-05,-6.5714e-05,-6.6996e-05,-6.8071e-05,-6.8909e-05,-6.9478e-05,-6.9746e-05,-6.9679e-05,-6.9241e-05,-6.8395e-05,-6.7101e-05,-6.5323e-05,-6.302e-05,-6.015e-05,-5.6669e-05,-5.2531e-05,-4.7687e-05,-4.2087e-05,-3.5677e-05,-2.8402e-05,-2.0199e-05,-1.1003e-05,-7.416e-07,1.0665e-05,2.3307e-05,3.7288e-05,5.2729e-05,6.9772e-05,8.8586e-05,0.00010938,0.0001324,0.00015797,0.00018648,0.0002184,0.00025432,0.00029494,0.00034103,0.00039327,0.00045205,0.00051671,0.00058442,0.00064829,0.00069548,0.00070914
-0.00042973,-0.00040897,-0.00035587,-0.0002965,-0.00024307,-0.00019893,-0.00016372,-0.00013596,-0.00011408,-9.6744e-05,-8.2903e-05,-7.1764e-05,-6.2736e-05,-5.538e-05,-4.937e-05,-4.4458e-05,-4.0456e-05,-3.7217e-05,-3.4628e-05,-3.26e-05,-3.1059e-05,-2.9947e-05,-2.9216e-05,-2.8825e-05,-2.874e-05,-2.8931e-05,-2.9373e-05,-3.0042e-05,-3.0919e-05,-3.1985e-05,-3.3221e-05,-3.4612e-05,-3.6141e-05,-3.7792e-05,-3.9551e-05,-4.14e-05,-4.3324e-05,-4.5308e-05,-4.7332e-05,-4.9381e-05,-5.1436e-05,-5.3476e-05,-5.5483e-05,-5.7435e-05,-5.9309e-05,-6.1082e-05,-6.2729e-05,-6.4224e-05,-6.554e-05,-6.6649e-05,-6.7521e-05,-6.8123e-05,-6.8425e-05,-6.8391e-05,-6.7987e-05,-6.7175e-05,-6.5916e-05,-6.4175e-05,-6.1909e-05,-5.9078e-05,-5.5636e-05,-5.1538e-05,-4.6734e-05,-4.1173e-05,-3.4803e-05,-2.7564e-05,-1.9395e-05,-1.0228e-05,1.1601e-08,1.1407e-05,2.4052e-05,3.8057e-05,5.355e-05,7.0684e-05,8.9645e-05,0.00011066,0.00013403,0.00016011,0.00018937,0.00022244,0.00026013,0.0003035,0.00035391,0.00041307,0.00048292,0.00056509,0.00065953,0.00076099,0.00085264,0.00090128
-0.00062646,-0.00053784,-0.00042344,-0.00032495,-0.0002498,-0.00019467,-0.00015445,-0.00012482,-0.00010262,-8.5687e-05,-7.2555e-05,-6.2219e-05,-5.3987e-05,-4.7376e-05,-4.2043e-05,-3.7737e-05,-3.4272e-05,-3.151e-05,-2.9345e-05,-2.7691e-05,-2.6484e-05,-2.5669e-05,-2.5203e-05,-2.5051e-05,-2.518e-05,-2.5565e-05,-2.6182e-05,-2.7011e-05,-2.8034e-05,-2.9232e-05,-3.0591e-05,-3.2095e-05,-3.3728e-05,-3.5476e-05,-3.7324e-05,-3.9257e-05,-4.1261e-05,-4.3318e-05,-4.5413e-05,-4.7529e-05,-4.9647e-05,-5.1749e-05,-5.3816e-05,-5.5825e-05,-5.7756e-05,-5.9585e-05,-6.1288e-05,-6.2839e-05,-6.4211e-05,-6.5376e-05,-6.6304e-05,-6.6966e-05,-6.7327e-05,-6.7355e-05,-6.7014e-05,-6.6268e-05,-6.508e-05,-6.3411e-05,-6.1221e-05,-5.8469e-05,-5.5109e-05,-5.1096e-05,-4.6381e-05,-4.0913e-05,-3.4639e-05,-2.75e-05,-1.9435e-05,-1.0374e-05,-2.4368e-07,1.1041e-05,2.3575e-05,3.7471e-05,5.2858e-05,6.9894e-05,8.8771e-05,0.00010973,0.00013307,0.0001592,0.00018863,0.00022206,0.00026048,0.00030523,0.00035824,0.00042227,0.00050123,0.00060044,0.00072606,0.00088159,0.0010553,0.0011918
-0.00097319,-0.00069756,-0.00047371,-0.00032646,-0.00023294,-0.00017264,-0.00013247,-0.00010469,-8.4784e-05,-7.0052e-05,-5.886e-05,-5.0179e-05,-4.3342e-05,-3.7904e-05,-3.3558e-05,-3.0087e-05,-2.7333e-05,-2.5179e-05,-2.3537e-05,-2.2337e-05,-2.1526e-05,-2.1059e-05,-2.09e-05,-2.102e-05,-2.1392e-05,-2.1995e-05,-2.2808e-05,-2.3815e-05,-2.5e-05,-2.6346e-05,-2.7841e-05,-2.947e-05,-3.122e-05,-3.3076e-05,-3.5026e-05,-3.7056e-05,-3.915e-05,-4.1295e-05,-4.3473e-05,-4.567e-05,-4.7867e-05,-5.0046e-05,-5.2189e-05,-5.4274e-05,-5.628e-05,-5.8184e-05,-5.9963e-05,-6.1592e-05,-6.3043e-05,-6.4289e-05,-6.5301e-05,-6.6048e-05,-6.6498e-05,-6.6618e-05,-6.6373e-05,-6.5727e-05,-6.4644e-05,-6.3085e-05,-6.101e-05,-5.8377e-05,-5.5143e-05,-5.1262e-05,-4.6686e-05,-4.1365e-05,-3.5245e-05,-2.8269e-05,-2.0375e-05,-1.1497e-05,-1.5611e-06,9.5154e-06,2.1826e-05,3.548e-05,5.0603e-05,6.7349e-05,8.5905e-05,0.0001065,0.00012944,0.00015511,0.00018403,0.00021691,0.00025475,0.00029903,0.00035196,0.00041702,0.00049986,0.00060992,0.00076286,0.00098256,0.0012921,0.0016446
-0.0015298,-0.00081511,-0.00045272,-0.00027662,-0.00018439,-0.00013176,-9.927e-05,-7.7792e-05,-6.2771e-05,-5.1787e-05,-4.3481e-05,-3.7047e-05,-3.1984e-05,-2.7965e-05,-2.4769e-05,-2.2244e-05,-2.0276e-05,-1.8782e-05,-1.7701e-05,-1.6981e-05,-1.6584e-05,-1.6478e-05,-1.6636e-05,-1.7034e-05,-1.7654e-05,-1.8479e-05,-1.9492e-05,-2.068e-05,-2.2028e-05,-2.3525e-05,-2.5159e-05,-2.6916e-05,-2.8785e-05,-3.0755e-05,-3.2811e-05,-3.4942e-05,-3.7133e-05,-3.9371e-05,-4.1641e-05,-4.3927e-05,-4.6212e-05,-4.8478e-05,-5.0708e-05,-5.288e-05,-5.4975e-05,-5.6969e-05,-5.8839e-05,-6.0561e-05,-6.2109e-05,-6.3454e-05,-6.4569e-05,-6.5422e-05,-6.5983e-05,-6.6218e-05,-6.6093e-05,-6.5573e-05,-6.462e-05,-6.3198e-05,-6.1266e-05,-5.8783e-05,-5.5706e-05,-5.199e-05,-4.7587e-05,-4.245e-05,-3.6524e-05,-2.9754e-05,-2.2081e-05,-1.3439e-05,-3.7585e-06,7.04e-06,1.9045e-05,3.2359e-05,4.7101e-05,6.3412e-05,8.1464e-05,0.00010147,0.0001237,0.00014849,0.00017632,0.00020782,0.00024388,0.00028584,0.00033575,0.00039701,0.00047564,0.00058318,0.00074344,0.0010075,0.0014797,0.0022931
