1.1651e-17,-4.9109e-09,-4.9246e-08,-1.3486e-07,-2.5559e-07,-4.0321e-07,-5.6959e-07,-7.4743e-07,-9.3051e-07,-1.1136e-06,-1.2924e-06,-1.4634e-06,-1.6237e-06,-1.7712e-06,-1.904e-06,-2.0208e-06,-2.1205e-06,-2.2023e-06,-2.2656e-06,-2.3099e-06,-2.335e-06,-2.3407e-06,-2.3267e-06,-2.2929e-06,-2.2394e-06,-2.1661e-06,-2.0731e-06,-1.9603e-06,-1.8279e-06,-1.6759e-06,-1.5046e-06,-1.3142e-06,-1.1049e-06,-8.7717e-07,-6.3138e-07,-3.681e-07,-8.7992e-08,2.0817e-07,5.1949e-07,8.4492e-07,1.1833e-06,1.5333e-06,1.8934e-06,2.2621e-06,2.6376e-06,3.0179e-06,3.401e-06,3.7847e-06,4.1669e-06,4.5451e-06,4.9169e-06,5.2799e-06,5.6316e-06,5.9695e-06,6.2911e-06,6.5942e-06,6.8764e-06,7.1355e-06,7.3696e-06,7.5768e-06,7.7556e-06,7.9046e-06,8.0228e-06,8.1095e-06,8.1641e-06,8.1866e-06,8.1773e-06,8.1368e-06,8.066e-06,7.9663e-06,7.8394e-06,7.6875e-06,7.5128e-06,7.3183e-06,7.1069e-06,6.8821e-06,6.6475e-06,6.4072e-06,6.1653e-06,5.9262e-06,5.6948e-06,5.4759e-06,5.2746e-06,5.096e-06,4.9452e-06,4.8272e-06,4.7457e-06,4.7025e-06,4.6949e-06,4.7101e-06
4.92e-09,5.9542e-12,-4.1359e-08,-1.181e-07,-2.2494e-07,-3.5541e-07,-5.0294e-07,-6.6142e-07,-8.2539e-07,-9.9018e-07,-1.1518e-06,-1.307e-06,-1.4531e-06,-1.5878e-06,-1.7093e-06,-1.8164e-06,-1.9078e-06,-1.9827e-06,-2.0404e-06,-2.0805e-06,-2.1025e-06,-2.1063e-06,-2.0915e-06,-2.0581e-06,-2.006e-06,-1.9351e-06,-1.8454e-06,-1.737e-06,-1.6099e-06,-1.4642e-06,-1.3002e-06,-1.1179e-06,-9.1782e-07,-7.0015e-07,-4.6538e-07,-2.1405e-07,5.3205e-08,3.3563e-07,6.3234e-07,9.4236e-07,1.2645e-06,1.5976e-06,1.9402e-06,2.2907e-06,2.6475e-06,3.0087e-06,3.3725e-06,3.7367e-06,4.0992e-06,4.4579e-06,4.8103e-06,5.1543e-06,5.4875e-06,5.8075e-06,6.1121e-06,6.3991e-06,6.6662e-06,6.9116e-06,7.1333e-06,7.3296e-06,7.4992e-06,7.6408e-06,7.7534e-06,7.8364e-06,7.8893e-06,7.9122e-06,7.9053e-06,7.8692e-06,7.8049e-06,7.7137e-06,7.5972e-06,7.4575e-06,7.2968e-06,7.1178e-06,6.9233e-06,6.7167e-06,6.5012e-06,6.2808e-06,6.0592e-06,5.8407e-06,5.6295e-06,5.4301e-06,5.2469e-06,5.0845e-06,4.9473e-06,4.8391e-06,4.763e-06,4.7204e-06,4.71e-06,4.7253e-06
4.9416e-08,4.1384e-08,-2.1749e-10,-7.2468e-08,-1.7036e-07,-2.8851e-07,-4.2152e-07,-5.6428e-07,-7.1216e-07,-8.6106e-07,-1.0074e-06,-1.1483e-06,-1.2811e-06,-1.4038e-06,-1.5147e-06,-1.6123e-06,-1.6957e-06,-1.7638e-06,-1.8161e-06,-1.852e-06,-1.8711e-06,-1.873e-06,-1.8576e-06,-1.8246e-06,-1.774e-06,-1.7057e-06,-1.6196e-06,-1.5158e-06,-1.3943e-06,-1.2552e-06,-1.0987e-06,-9.2498e-07,-7.343e-07,-5.2701e-07,-3.0353e-07,-6.4391e-08,1.8981e-07,4.5833e-07,7.4036e-07,1.0349e-06,1.341e-06,1.6572e-06,1.9824e-06,2.3151e-06,2.6535e-06,2.9962e-06,3.3411e-06,3.6863e-06,4.0299e-06,4.3697e-06,4.7036e-06,5.0294e-06,5.3449e-06,5.6479e-06,5.9363e-06,6.2079e-06,6.4609e-06,6.6932e-06,6.9032e-06,7.0893e-06,7.2502e-06,7.3847e-06,7.4919e-06,7.5713e-06,7.6225e-06,7.6455e-06,7.6406e-06,7.6085e-06,7.5499e-06,7.4663e-06,7.3591e-06,7.2304e-06,7.0823e-06,6.9172e-06,6.7379e-06,6.5475e-06,6.3492e-06,6.1465e-06,5.9429e-06,5.7423e-06,5.5487e-06,5.3659e-06,5.1981e-06,5.0491e-06,4.9228e-06,4.8224e-06,4.7507e-06,4.7095e-06,4.6994e-06,4.7179e-06
1.3578e-07,1.1848e-07,7.1578e-08,-1.2621e-09,-9.5513e-08,-2.0662e-07,-3.301e-07,-4.6171e-07,-5.9753e-07,-7.3403e-07,-8.6812e-07,-9.9714e-07,-1.1188e-06,-1.2312e-06,-1.3327e-06,-1.4222e-06,-1.4984e-06,-1.5605e-06,-1.6079e-06,-1.64e-06,-1.6565e-06,-1.6568e-06,-1.6409e-06,-1.6086e-06,-1.5596e-06,-1.4938e-06,-1.4114e-06,-1.3121e-06,-1.1962e-06,-1.0636e-06,-9.1445e-07,-7.49e-07,-5.6746e-07,-3.7017e-07,-1.5753e-07,6.9986e-08,3.1179e-07,5.6719e-07,8.354e-07,1.1155e-06,1.4065e-06,1.7072e-06,2.0164e-06,2.3326e-06,2.6544e-06,2.9801e-06,3.308e-06,3.6362e-06,3.9627e-06,4.2857e-06,4.603e-06,4.9127e-06,5.2126e-06,5.5006e-06,5.7747e-06,6.0329e-06,6.2734e-06,6.4944e-06,6.6942e-06,6.8713e-06,7.0245e-06,7.1528e-06,7.2553e-06,7.3315e-06,7.381e-06,7.4039e-06,7.4005e-06,7.3714e-06,7.3175e-06,7.24e-06,7.1405e-06,7.0207e-06,6.8828e-06,6.7291e-06,6.5623e-06,6.3851e-06,6.2007e-06,6.0122e-06,5.823e-06,5.6366e-06,5.4566e-06,5.2867e-06,5.1304e-06,4.9912e-06,4.8725e-06,4.7772e-06,4.7081e-06,4.6673e-06,4.6568e-06,4.6756e-06
2.5843e-07,2.2646e-07,1.694e-07,9.136e-08,-3.8143e-09,-1.1237e-07,-2.3062e-07,-3.5506e-07,-4.8242e-07,-6.0972e-07,-7.3431e-07,-8.5388e-07,-9.6642e-07,-1.0702e-06,-1.1639e-06,-1.2463e-06,-1.3163e-06,-1.3732e-06,-1.4164e-06,-1.4453e-06,-1.4595e-06,-1.4586e-06,-1.4425e-06,-1.4109e-06,-1.3636e-06,-1.3006e-06,-1.2218e-06,-1.1271e-06,-1.0166e-06,-8.9035e-07,-7.4842e-07,-5.9098e-07,-4.1827e-07,-2.3057e-07,-2.8253e-08,1.8822e-07,4.1832e-07,6.614e-07,9.1671e-07,1.1834e-06,1.4605e-06,1.7469e-06,2.0414e-06,2.3427e-06,2.6494e-06,2.9599e-06,3.2725e-06,3.5854e-06,3.8969e-06,4.205e-06,4.5078e-06,4.8033e-06,5.0895e-06,5.3645e-06,5.6263e-06,5.873e-06,6.1027e-06,6.3139e-06,6.5049e-06,6.6743e-06,6.821e-06,6.9439e-06,7.0422e-06,7.1155e-06,7.1634e-06,7.1861e-06,7.1837e-06,7.1569e-06,7.1066e-06,7.0339e-06,6.9404e-06,6.8277e-06,6.6979e-06,6.5532e-06,6.3961e-06,6.2293e-06,6.0556e-06,5.8781e-06,5.6999e-06,5.5243e-06,5.3545e-06,5.1938e-06,5.0456e-06,4.9128e-06,4.7987e-06,4.7059e-06,4.6371e-06,4.5947e-06,4.581e-06,4.5958e-06
4.0975e-07,3.5929e-07,2.8816e-07,2.0112e-07,1.0123e-07,-8.4943e-09,-1.2511e-07,-2.4576e-07,-3.6778e-07,-4.887e-07,-6.0629e-07,-7.1861e-07,-8.2394e-07,-9.2083e-07,-1.008e-06,-1.0845e-06,-1.1493e-06,-1.2018e-06,-1.2414e-06,-1.2676e-06,-1.2801e-06,-1.2784e-06,-1.2623e-06,-1.2317e-06,-1.1864e-06,-1.1262e-06,-1.0511e-06,-9.6097e-07,-8.5588e-07,-7.3584e-07,-6.0092e-07,-4.5126e-07,-2.8706e-07,-1.0856e-07,8.3895e-08,2.899e-07,5.0895e-07,7.4047e-07,9.8374e-07,1.238e-06,1.5022e-06,1.7755e-06,2.0567e-06,2.3445e-06,2.6376e-06,2.9344e-06,3.2334e-06,3.5329e-06,3.8311e-06,4.1262e-06,4.4163e-06,4.6995e-06,4.974e-06,5.2378e-06,5.489e-06,5.7258e-06,5.9465e-06,6.1493e-06,6.3329e-06,6.4959e-06,6.637e-06,6.7553e-06,6.8501e-06,6.9209e-06,6.9674e-06,6.9896e-06,6.9878e-06,6.9627e-06,6.915e-06,6.846e-06,6.757e-06,6.6497e-06,6.526e-06,6.3881e-06,6.2383e-06,6.0793e-06,5.9136e-06,5.7442e-06,5.574e-06,5.4059e-06,5.2431e-06,5.0885e-06,4.9452e-06,4.816e-06,4.7036e-06,4.6107e-06,4.5397e-06,4.4931e-06,4.4732e-06,4.4801e-06
5.8209e-07,5.1071e-07,4.2269e-07,3.2366e-07,2.1604e-07,1.021e-07,-1.5842e-08,-1.3555e-07,-2.5489e-07,-3.7186e-07,-4.8468e-07,-5.9173e-07,-6.916e-07,-7.8308e-07,-8.6511e-07,-9.3681e-07,-9.9745e-07,-1.0464e-06,-1.0832e-06,-1.1073e-06,-1.1184e-06,-1.1163e-06,-1.1007e-06,-1.0714e-06,-1.0281e-06,-9.7091e-07,-8.9958e-07,-8.1409e-07,-7.1438e-07,-6.0049e-07,-4.7244e-07,-3.3036e-07,-1.7438e-07,-4.7202e-09,1.7832e-07,3.7438e-07,5.8302e-07,8.0368e-07,1.0357e-06,1.2784e-06,1.5309e-06,1.7922e-06,2.0613e-06,2.3369e-06,2.6177e-06,2.9024e-06,3.1894e-06,3.477e-06,3.7636e-06,4.0475e-06,4.3267e-06,4.5995e-06,4.864e-06,5.1183e-06,5.3606e-06,5.5892e-06,5.8023e-06,5.9983e-06,6.1758e-06,6.3334e-06,6.47e-06,6.5845e-06,6.6764e-06,6.7451e-06,6.7903e-06,6.812e-06,6.8106e-06,6.7866e-06,6.7408e-06,6.6743e-06,6.5886e-06,6.4851e-06,6.3658e-06,6.2327e-06,6.0882e-06,5.9345e-06,5.7744e-06,5.6104e-06,5.4453e-06,5.2821e-06,5.1233e-06,4.972e-06,4.8307e-06,4.7022e-06,4.589e-06,4.4935e-06,4.418e-06,4.3647e-06,4.3357e-06,4.3317e-06
7.6845e-07,6.7475e-07,5.6791e-07,4.547e-07,3.3698e-07,2.1642e-07,9.473e-08,-2.6388e-08,-1.4529e-07,-2.6043e-07,-3.7041e-07,-4.7396e-07,-5.6996e-07,-6.5744e-07,-7.3556e-07,-8.0362e-07,-8.6101e-07,-9.0723e-07,-9.4186e-07,-9.6452e-07,-9.7493e-07,-9.7283e-07,-9.5798e-07,-9.3022e-07,-8.8937e-07,-8.3529e-07,-7.6789e-07,-6.8706e-07,-5.9276e-07,-4.8496e-07,-3.6367e-07,-2.2897e-07,-8.0964e-08,8.0179e-08,2.5421e-07,4.4083e-07,6.3962e-07,8.5011e-07,1.0717e-06,1.3037e-06,1.5454e-06,1.7957e-06,2.0538e-06,2.3185e-06,2.5885e-06,2.8625e-06,3.1389e-06,3.4162e-06,3.6928e-06,3.967e-06,4.237e-06,4.501e-06,4.7572e-06,5.0037e-06,5.2388e-06,5.4607e-06,5.6677e-06,5.8583e-06,6.0309e-06,6.1843e-06,6.3173e-06,6.429e-06,6.5186e-06,6.5856e-06,6.6297e-06,6.651e-06,6.6498e-06,6.6264e-06,6.5819e-06,6.5171e-06,6.4335e-06,6.3325e-06,6.2161e-06,6.0861e-06,5.9448e-06,5.7944e-06,5.6375e-06,5.4765e-06,5.3142e-06,5.1531e-06,4.9959e-06,4.8452e-06,4.7035e-06,4.5733e-06,4.4569e-06,4.3565e-06,4.2741e-06,4.2119e-06,4.1716e-06,4.1544e-06
9.6261e-07,8.4586e-07,7.1898e-07,5.9004e-07,4.6047e-07,3.314e-07,2.0403e-07,7.9579e-08,-4.0761e-08,-1.5586e-07,-2.6468e-07,-3.6629e-07,-4.5984e-07,-5.4462e-07,-6.2001e-07,-6.8546e-07,-7.4053e-07,-7.8483e-07,-8.1804e-07,-8.3987e-07,-8.5009e-07,-8.4846e-07,-8.3481e-07,-8.0896e-07,-7.7075e-07,-7.2005e-07,-6.5672e-07,-5.8067e-07,-4.9181e-07,-3.9009e-07,-2.7548e-07,-1.4802e-07,-7.7654e-09,1.4516e-07,3.1056e-07,4.8818e-07,6.7767e-07,8.7861e-07,1.0905e-06,1.3126e-06,1.5443e-06,1.7847e-06,2.0329e-06,2.2878e-06,2.5482e-06,2.8127e-06,3.08e-06,3.3486e-06,3.6167e-06,3.8828e-06,4.1451e-06,4.4019e-06,4.6514e-06,4.8917e-06,5.1211e-06,5.3379e-06,5.5403e-06,5.7267e-06,5.8958e-06,6.0461e-06,6.1766e-06,6.2861e-06,6.3741e-06,6.44e-06,6.4834e-06,6.5044e-06,6.5032e-06,6.4803e-06,6.4364e-06,6.3726e-06,6.2901e-06,6.1906e-06,6.0756e-06,5.9472e-06,5.8074e-06,5.6584e-06,5.5027e-06,5.3427e-06,5.1808e-06,5.0196e-06,4.8616e-06,4.7091e-06,4.5647e-06,4.4305e-06,4.3087e-06,4.2013e-06,4.1102e-06,4.0371e-06,3.9837e-06,3.9519e-06
1.1591e-06,1.019e-06,8.714e-07,7.2568e-07,5.8298e-07,4.4397e-07,3.0941e-07,1.8008e-07,5.6753e-08,-5.9808e-08,-1.6891e-07,-2.6993e-07,-3.6231e-07,-4.4557e-07,-5.1928e-07,-5.8311e-07,-6.3674e-07,-6.7993e-07,-7.1243e-07,-7.3407e-07,-7.4464e-07,-7.4399e-07,-7.3196e-07,-7.0839e-07,-6.7314e-07,-6.2605e-07,-5.67e-07,-4.9586e-07,-4.1252e-07,-3.1689e-07,-2.0892e-07,-8.8586e-08,4.4097e-08,1.8905e-07,3.4615e-07,5.1517e-07,6.9585e-07,8.8781e-07,1.0906e-06,1.3036e-06,1.5262e-06,1.7576e-06,1.9969e-06,2.2431e-06,2.495e-06,2.7515e-06,3.0109e-06,3.272e-06,3.5331e-06,3.7926e-06,4.0488e-06,4.3e-06,4.5443e-06,4.7799e-06,5.0051e-06,5.2182e-06,5.4173e-06,5.601e-06,5.7678e-06,5.9162e-06,6.0451e-06,6.1535e-06,6.2406e-06,6.3059e-06,6.349e-06,6.3699e-06,6.3688e-06,6.3461e-06,6.3026e-06,6.2392e-06,6.1572e-06,6.058e-06,5.9433e-06,5.8151e-06,5.6753e-06,5.5261e-06,5.3698e-06,5.2088e-06,5.0453e-06,4.882e-06,4.721e-06,4.5647e-06,4.4154e-06,4.2752e-06,4.146e-06,4.0298e-06,3.9282e-06,3.8428e-06,3.7749e-06,3.7275e-06
1.353e-06,1.1897e-06,1.021e-06,8.5783e-07,7.011e-07,5.5111e-07,4.0819e-07,2.7275e-07,1.4519e-07,2.5918e-08,-8.4691e-08,-1.863e-07,-2.7862e-07,-3.6141e-07,-4.3444e-07,-4.9755e-07,-5.5059e-07,-5.9342e-07,-6.2593e-07,-6.4799e-07,-6.595e-07,-6.6034e-07,-6.5038e-07,-6.2948e-07,-5.9752e-07,-5.5433e-07,-4.9978e-07,-4.3372e-07,-3.5602e-07,-2.6654e-07,-1.652e-07,-5.1919e-08,7.333e-08,2.1053e-07,3.596e-07,5.2039e-07,6.927e-07,8.762e-07,1.0705e-06,1.2751e-06,1.4894e-06,1.7126e-06,1.944e-06,2.1825e-06,2.4271e-06,2.6765e-06,2.9294e-06,3.1844e-06,3.4398e-06,3.6942e-06,3.9457e-06,4.1926e-06,4.4332e-06,4.6657e-06,4.8882e-06,5.099e-06,5.2963e-06,5.4786e-06,5.6443e-06,5.7919e-06,5.9204e-06,6.0286e-06,6.1157e-06,6.1811e-06,6.2244e-06,6.2455e-06,6.2446e-06,6.2222e-06,6.1787e-06,6.1153e-06,6.0331e-06,5.9336e-06,5.8183e-06,5.6891e-06,5.548e-06,5.3971e-06,5.2386e-06,5.0748e-06,4.908e-06,4.7406e-06,4.5748e-06,4.4128e-06,4.2567e-06,4.1086e-06,3.9704e-06,3.8437e-06,3.7301e-06,3.631e-06,3.5477e-06,3.4839e-06
1.54e-06,1.3537e-06,1.1638e-06,9.8289e-07,8.1157e-07,6.4984e-07,4.9769e-07,3.5518e-07,2.2239e-07,9.9381e-08,-1.3758e-08,-1.1697e-07,-2.1022e-07,-2.9347e-07,-3.6672e-07,-4.2996e-07,-4.8319e-07,-5.264e-07,-5.5959e-07,-5.8271e-07,-5.9573e-07,-5.9858e-07,-5.9115e-07,-5.7335e-07,-5.4504e-07,-5.0607e-07,-4.5629e-07,-3.9552e-07,-3.236e-07,-2.4037e-07,-1.4569e-07,-3.9432e-08,7.8476e-08,2.0808e-07,3.4935e-07,5.0223e-07,6.6654e-07,8.4204e-07,1.0284e-06,1.2252e-06,1.4319e-06,1.6477e-06,1.872e-06,2.1038e-06,2.3421e-06,2.5857e-06,2.8332e-06,3.0833e-06,3.3344e-06,3.5849e-06,3.8331e-06,4.0773e-06,4.3157e-06,4.5464e-06,4.7676e-06,4.9776e-06,5.1745e-06,5.3567e-06,5.5226e-06,5.6708e-06,5.7999e-06,5.9089e-06,5.9968e-06,6.0631e-06,6.1072e-06,6.1291e-06,6.1288e-06,6.1066e-06,6.0632e-06,5.9996e-06,5.9168e-06,5.8162e-06,5.6995e-06,5.5684e-06,5.4248e-06,5.2709e-06,5.1088e-06,4.9408e-06,4.769e-06,4.5958e-06,4.4234e-06,4.254e-06,4.0895e-06,3.9319e-06,3.783e-06,3.6444e-06,3.5175e-06,3.4037e-06,3.304e-06,3.2236e-06
1.7162e-06,1.5072e-06,1.2963e-06,1.0975e-06,9.1121e-07,7.3724e-07,5.7524e-07,4.2495e-07,2.8613e-07,1.5856e-07,4.2035e-08,-6.3639e-08,-1.5866e-07,-2.4322e-07,-3.1749e-07,-3.8163e-07,-4.358e-07,-4.801e-07,-5.1463e-07,-5.3944e-07,-5.5454e-07,-5.5992e-07,-5.5553e-07,-5.4126e-07,-5.17e-07,-4.8259e-07,-4.3787e-07,-3.8263e-07,-3.1669e-07,-2.3984e-07,-1.519e-07,-5.2692e-08,5.792e-08,1.8003e-07,3.137e-07,4.589e-07,6.1554e-07,7.8345e-07,9.6236e-07,1.1519e-06,1.3516e-06,1.5608e-06,1.7788e-06,2.0048e-06,2.2377e-06,2.4765e-06,2.7198e-06,2.9661e-06,3.2141e-06,3.4621e-06,3.7084e-06,3.9512e-06,4.1888e-06,4.4192e-06,4.6407e-06,4.8512e-06,5.0492e-06,5.2327e-06,5.4001e-06,5.5501e-06,5.681e-06,5.7919e-06,5.8817e-06,5.9497e-06,5.9954e-06,6.0186e-06,6.0192e-06,5.9976e-06,5.9544e-06,5.8904e-06,5.8068e-06,5.7048e-06,5.586e-06,5.4522e-06,5.3052e-06,5.1472e-06,4.9803e-06,4.8066e-06,4.6285e-06,4.448e-06,4.2675e-06,4.089e-06,3.9145e-06,3.7459e-06,3.5849e-06,3.4331e-06,3.2918e-06,3.1623e-06,3.0458e-06,2.9484e-06
1.878e-06,1.6468e-06,1.4151e-06,1.1984e-06,9.9702e-07,8.105e-07,6.3822e-07,4.7961e-07,3.3415e-07,2.0136e-07,8.0748e-08,-2.8113e-08,-1.2565e-07,-2.1225e-07,-2.8827e-07,-3.5404e-07,-4.0984e-07,-4.559e-07,-4.9242e-07,-5.1951e-07,-5.3728e-07,-5.4574e-07,-5.4487e-07,-5.346e-07,-5.148e-07,-4.8534e-07,-4.46e-07,-3.9659e-07,-3.3686e-07,-2.6658e-07,-1.855e-07,-9.341e-08,9.8939e-09,1.2457e-07,2.5074e-07,3.8846e-07,5.3769e-07,6.9834e-07,8.7021e-07,1.053e-06,1.2463e-06,1.4495e-06,1.662e-06,1.8829e-06,2.1114e-06,2.3464e-06,2.5864e-06,2.8302e-06,3.0763e-06,3.323e-06,3.5686e-06,3.8115e-06,4.0496e-06,4.2812e-06,4.5043e-06,4.7169e-06,4.9173e-06,5.1036e-06,5.274e-06,5.427e-06,5.5611e-06,5.6751e-06,5.7679e-06,5.8386e-06,5.8867e-06,5.9119e-06,5.9141e-06,5.8935e-06,5.8507e-06,5.7865e-06,5.7019e-06,5.5982e-06,5.4769e-06,5.3397e-06,5.1886e-06,5.0256e-06,4.8528e-06,4.6723e-06,4.4865e-06,4.2974e-06,4.1074e-06,3.9184e-06,3.7324e-06,3.5514e-06,3.3771e-06,3.2109e-06,3.0542e-06,2.9083e-06,2.7743e-06,2.6597e-06
2.022e-06,1.7691e-06,1.5169e-06,1.2825e-06,1.0661e-06,8.6687e-07,6.8403e-07,5.1673e-07,3.6419e-07,2.2564e-07,1.0038e-07,-1.2284e-08,-1.1297e-07,-2.0226e-07,-2.807e-07,-3.4875e-07,-4.0683e-07,-4.553e-07,-4.9442e-07,-5.2441e-07,-5.4541e-07,-5.5749e-07,-5.6067e-07,-5.5488e-07,-5.4e-07,-5.1588e-07,-4.8231e-07,-4.3904e-07,-3.8581e-07,-3.2232e-07,-2.4829e-07,-1.6345e-07,-6.7518e-08,3.9719e-08,1.5845e-07,2.8879e-07,4.3081e-07,5.8446e-07,7.4962e-07,9.2606e-07,1.1134e-06,1.3112e-06,1.5188e-06,1.7355e-06,1.9604e-06,2.1924e-06,2.4302e-06,2.6725e-06,2.9178e-06,3.1644e-06,3.4107e-06,3.6549e-06,3.895e-06,4.1292e-06,4.3554e-06,4.5716e-06,4.7759e-06,4.9664e-06,5.1412e-06,5.2988e-06,5.4374e-06,5.5558e-06,5.6527e-06,5.7273e-06,5.7789e-06,5.807e-06,5.8114e-06,5.7925e-06,5.7505e-06,5.6863e-06,5.6008e-06,5.4953e-06,5.3712e-06,5.2303e-06,5.0745e-06,4.9056e-06,4.726e-06,4.5377e-06,4.3431e-06,4.1442e-06,3.9433e-06,3.7426e-06,3.5439e-06,3.3493e-06,3.1603e-06,2.9787e-06,2.8057e-06,2.6425e-06,2.4906e-06,2.3585e-06
2.1451e-06,1.8711e-06,1.5989e-06,1.347e-06,1.1156e-06,9.0367e-07,7.1014e-07,5.3391e-07,3.7395e-07,2.2925e-07,9.8863e-08,-1.8104e-08,-1.2249e-07,-2.1505e-07,-2.965e-07,-3.6744e-07,-4.2842e-07,-4.7989e-07,-5.2222e-07,-5.557e-07,-5.8051e-07,-5.9678e-07,-6.0454e-07,-6.0373e-07,-5.9425e-07,-5.7593e-07,-5.4853e-07,-5.1177e-07,-4.6536e-07,-4.0895e-07,-3.4221e-07,-2.648e-07,-1.7638e-07,-7.666e-08,3.4613e-08,1.5764e-07,2.9255e-07,4.3939e-07,5.981e-07,7.6852e-07,9.5038e-07,1.1432e-06,1.3466e-06,1.5597e-06,1.7816e-06,2.0115e-06,2.248e-06,2.4898e-06,2.7354e-06,2.9832e-06,3.2314e-06,3.4782e-06,3.7217e-06,3.9599e-06,4.1906e-06,4.4119e-06,4.6217e-06,4.8179e-06,4.9987e-06,5.1623e-06,5.3069e-06,5.4311e-06,5.5336e-06,5.6134e-06,5.6695e-06,5.7016e-06,5.7093e-06,5.6927e-06,5.6522e-06,5.5884e-06,5.5023e-06,5.395e-06,5.2681e-06,5.1232e-06,4.9621e-06,4.7869e-06,4.5997e-06,4.4028e-06,4.1983e-06,3.9885e-06,3.7757e-06,3.562e-06,3.3494e-06,3.1399e-06,2.9353e-06,2.7372e-06,2.547e-06,2.3659e-06,2.1956e-06,2.0457e-06
2.2445e-06,1.9498e-06,1.6581e-06,1.389e-06,1.1429e-06,9.1831e-07,7.1405e-07,5.2876e-07,3.6116e-07,2.1e-07,7.4128e-08,-4.7574e-08,-1.5613e-07,-2.5248e-07,-3.3747e-07,-4.1187e-07,-4.7632e-07,-5.3139e-07,-5.7752e-07,-6.1507e-07,-6.4428e-07,-6.653e-07,-6.7818e-07,-6.8289e-07,-6.7932e-07,-6.6727e-07,-6.4649e-07,-6.1667e-07,-5.7746e-07,-5.2848e-07,-4.6933e-07,-3.9959e-07,-3.1889e-07,-2.2684e-07,-1.2311e-07,-7.439e-09,1.204e-07,2.6052e-07,4.1295e-07,5.7761e-07,7.5428e-07,9.4263e-07,1.1421e-06,1.3522e-06,1.572e-06,1.8005e-06,2.0366e-06,2.2788e-06,2.5258e-06,2.7758e-06,3.0271e-06,3.2779e-06,3.5261e-06,3.7697e-06,4.0065e-06,4.2344e-06,4.4512e-06,4.6549e-06,4.8433e-06,5.0145e-06,5.1667e-06,5.2983e-06,5.4078e-06,5.4941e-06,5.5562e-06,5.5934e-06,5.6054e-06,5.5922e-06,5.5539e-06,5.4912e-06,5.405e-06,5.2963e-06,5.1666e-06,5.0175e-06,4.851e-06,4.669e-06,4.4737e-06,4.2673e-06,4.0521e-06,3.8304e-06,3.6046e-06,3.3769e-06,3.1493e-06,2.9239e-06,2.7025e-06,2.4869e-06,2.2786e-06,2.0789e-06,1.8896e-06,1.7217e-06
2.3173e-06,2.0026e-06,1.6918e-06,1.406e-06,1.1453e-06,9.0829e-07,6.9335e-07,4.9894e-07,3.2356e-07,1.6573e-07,2.407e-08,-1.0272e-07,-2.1586e-07,-3.1645e-07,-4.0549e-07,-4.8386e-07,-5.5234e-07,-6.1157e-07,-6.6208e-07,-7.0428e-07,-7.3847e-07,-7.6482e-07,-7.834e-07,-7.9419e-07,-7.9706e-07,-7.9181e-07,-7.7815e-07,-7.5574e-07,-7.2417e-07,-6.8302e-07,-6.3182e-07,-5.7009e-07,-4.9738e-07,-4.1323e-07,-3.1724e-07,-2.0903e-07,-8.833e-08,4.5082e-08,1.9131e-07,3.5035e-07,5.2207e-07,7.062e-07,9.0231e-07,1.1098e-06,1.328e-06,1.5558e-06,1.7922e-06,2.0358e-06,2.2851e-06,2.5384e-06,2.7941e-06,3.0501e-06,3.3043e-06,3.5548e-06,3.7992e-06,4.0354e-06,4.2609e-06,4.4736e-06,4.6713e-06,4.8519e-06,5.0135e-06,5.1542e-06,5.2724e-06,5.3668e-06,5.4363e-06,5.4801e-06,5.4978e-06,5.489e-06,5.454e-06,5.3932e-06,5.3074e-06,5.1978e-06,5.0656e-06,4.9125e-06,4.7404e-06,4.5513e-06,4.3474e-06,4.131e-06,3.9044e-06,3.6701e-06,3.4303e-06,3.1875e-06,2.9438e-06,2.7015e-06,2.4624e-06,2.2283e-06,2.001e-06,1.7819e-06,1.573e-06,1.3866e-06
2.3608e-06,2.0267e-06,1.6974e-06,1.3953e-06,1.1205e-06,8.7115e-07,6.4565e-07,4.4215e-07,2.5891e-07,9.4255e-08,-5.3415e-08,-1.856e-07,-3.0367e-07,-4.0891e-07,-5.0245e-07,-5.853e-07,-6.5832e-07,-7.2227e-07,-7.7773e-07,-8.2517e-07,-8.6493e-07,-8.972e-07,-9.2208e-07,-9.3954e-07,-9.4944e-07,-9.5155e-07,-9.4555e-07,-9.3107e-07,-9.0765e-07,-8.748e-07,-8.3198e-07,-7.7867e-07,-7.1432e-07,-6.3839e-07,-5.5039e-07,-4.4988e-07,-3.3647e-07,-2.0986e-07,-6.9864e-08,8.3605e-08,2.505e-07,4.3062e-07,6.2361e-07,8.2896e-07,1.046e-06,1.2737e-06,1.5112e-06,1.7569e-06,2.0094e-06,2.2671e-06,2.5282e-06,2.7907e-06,3.0524e-06,3.3112e-06,3.5648e-06,3.8108e-06,4.0467e-06,4.2703e-06,4.4792e-06,4.671e-06,4.8437e-06,4.9954e-06,5.1241e-06,5.2285e-06,5.3071e-06,5.3592e-06,5.3839e-06,5.381e-06,5.3504e-06,5.2926e-06,5.2082e-06,5.0983e-06,4.9641e-06,4.8073e-06,4.6298e-06,4.4335e-06,4.2207e-06,3.9938e-06,3.7552e-06,3.5074e-06,3.2528e-06,2.994e-06,2.7333e-06,2.473e-06,2.2151e-06,1.9617e-06,1.7145e-06,1.4751e-06,1.2459e-06,1.0406e-06
2.3726e-06,2.0196e-06,1.6724e-06,1.3545e-06,1.0658e-06,8.0455e-07,5.6865e-07,3.5613e-07,1.6502e-07,-6.5606e-09,-1.6042e-07,-2.9824e-07,-4.2157e-07,-5.3183e-07,-6.303e-07,-7.1809e-07,-7.9618e-07,-8.6538e-07,-9.2636e-07,-9.7963e-07,-1.0256e-06,-1.0644e-06,-1.0962e-06,-1.1209e-06,-1.1385e-06,-1.1485e-06,-1.1508e-06,-1.1449e-06,-1.1301e-06,-1.1061e-06,-1.0722e-06,-1.0278e-06,-9.7228e-07,-9.0498e-07,-8.2535e-07,-7.3285e-07,-6.2699e-07,-5.074e-07,-3.7378e-07,-2.2595e-07,-6.3883e-08,1.1232e-07,3.0238e-07,5.0584e-07,7.2207e-07,9.5024e-07,1.1893e-06,1.4379e-06,1.6946e-06,1.9576e-06,2.2252e-06,2.4954e-06,2.7659e-06,3.0346e-06,3.2989e-06,3.5564e-06,3.8046e-06,4.0408e-06,4.2627e-06,4.4678e-06,4.6537e-06,4.8183e-06,4.9596e-06,5.0759e-06,5.1657e-06,5.2277e-06,5.2613e-06,5.2658e-06,5.2412e-06,5.1877e-06,5.1058e-06,4.9965e-06,4.861e-06,4.701e-06,4.5182e-06,4.3148e-06,4.093e-06,3.8553e-06,3.6042e-06,3.3423e-06,3.0723e-06,2.7966e-06,2.5179e-06,2.2386e-06,1.961e-06,1.6871e-06,1.4191e-06,1.1587e-06,9.0837e-07,6.8341e-07
2.3501e-06,1.979e-06,1.6145e-06,1.2813e-06,9.7917e-07,7.0619e-07,4.6011e-07,2.3869e-07,3.9739e-08,-1.3883e-07,-2.9902e-07,-4.4269e-07,-5.7156e-07,-6.8719e-07,-7.9099e-07,-8.8418e-07,-9.6782e-07,-1.0428e-06,-1.1099e-06,-1.1696e-06,-1.2223e-06,-1.2683e-06,-1.3077e-06,-1.3404e-06,-1.3662e-06,-1.3849e-06,-1.3961e-06,-1.3993e-06,-1.394e-06,-1.3794e-06,-1.3551e-06,-1.3201e-06,-1.2739e-06,-1.2158e-06,-1.145e-06,-1.0609e-06,-9.6304e-07,-8.5079e-07,-7.2381e-07,-5.8182e-07,-4.2469e-07,-2.5243e-07,-6.5252e-08,1.3649e-07,3.5222e-07,5.8116e-07,8.224e-07,1.0745e-06,1.336e-06,1.6053e-06,1.8805e-06,2.1595e-06,2.4402e-06,2.7201e-06,2.9968e-06,3.2676e-06,3.5298e-06,3.7808e-06,4.0178e-06,4.2382e-06,4.4395e-06,4.6193e-06,4.7753e-06,4.9057e-06,5.0087e-06,5.0829e-06,5.1272e-06,5.1411e-06,5.1241e-06,5.0764e-06,4.9983e-06,4.8908e-06,4.755e-06,4.5924e-06,4.4049e-06,4.1947e-06,3.964e-06,3.7153e-06,3.4514e-06,3.1749e-06,2.8886e-06,2.5953e-06,2.2978e-06,1.9985e-06,1.7001e-06,1.4049e-06,1.115e-06,8.3249e-07,5.602e-07,3.1481e-07
2.291e-06,1.9024e-06,1.5212e-06,1.1732e-06,8.5818e-07,5.7386e-07,3.1784e-07,8.7674e-08,-1.1905e-07,-3.0463e-07,-4.7126e-07,-6.2096e-07,-7.5563e-07,-8.7696e-07,-9.8647e-07,-1.0855e-06,-1.1752e-06,-1.2565e-06,-1.3303e-06,-1.397e-06,-1.4572e-06,-1.511e-06,-1.5586e-06,-1.6e-06,-1.6348e-06,-1.6629e-06,-1.6838e-06,-1.6969e-06,-1.7016e-06,-1.6972e-06,-1.683e-06,-1.6582e-06,-1.6221e-06,-1.5737e-06,-1.5124e-06,-1.4373e-06,-1.3478e-06,-1.2434e-06,-1.1235e-06,-9.8763e-07,-8.357e-07,-6.6757e-07,-4.8334e-07,-2.833e-07,-6.7943e-08,1.6203e-07,4.0581e-07,6.6194e-07,9.29e-07,1.2053e-06,1.4891e-06,1.7782e-06,2.0703e-06,2.363e-06,2.6536e-06,2.9394e-06,3.2176e-06,3.4853e-06,3.7396e-06,3.9776e-06,4.1966e-06,4.394e-06,4.5672e-06,4.7141e-06,4.8327e-06,4.9214e-06,4.9788e-06,5.0041e-06,4.9967e-06,4.9566e-06,4.884e-06,4.7797e-06,4.6447e-06,4.4806e-06,4.2891e-06,4.0725e-06,3.8331e-06,3.5735e-06,3.2965e-06,3.005e-06,2.7019e-06,2.3903e-06,2.073e-06,1.7528e-06,1.4326e-06,1.1149e-06,8.0213e-07,4.9652e-07,2.012e-07,-6.5545e-08
2.193e-06,1.7877e-06,1.3905e-06,1.0282e-06,7.0071e-07,4.0543e-07,1.3976e-07,-9.8978e-08,-3.1339e-07,-5.0598e-07,-6.7913e-07,-8.3504e-07,-9.7575e-07,-1.1031e-06,-1.2187e-06,-1.324e-06,-1.4202e-06,-1.5084e-06,-1.5894e-06,-1.6638e-06,-1.7321e-06,-1.7945e-06,-1.8511e-06,-1.9018e-06,-1.9465e-06,-1.9847e-06,-2.016e-06,-2.0397e-06,-2.0553e-06,-2.0619e-06,-2.0588e-06,-2.0449e-06,-2.0195e-06,-1.9817e-06,-1.9305e-06,-1.8651e-06,-1.7848e-06,-1.6887e-06,-1.5764e-06,-1.4472e-06,-1.3009e-06,-1.1372e-06,-9.5613e-07,-7.5791e-07,-5.4293e-07,-3.118e-07,-6.5237e-08,1.9533e-07,4.685e-07,7.5264e-07,1.0459e-06,1.3461e-06,1.6509e-06,1.9578e-06,2.264e-06,2.5667e-06,2.8629e-06,3.1494e-06,3.4232e-06,3.6813e-06,3.9205e-06,4.138e-06,4.331e-06,4.4971e-06,4.6339e-06,4.7397e-06,4.8127e-06,4.8519e-06,4.8564e-06,4.826e-06,4.7608e-06,4.6614e-06,4.5287e-06,4.3642e-06,4.1697e-06,3.9474e-06,3.6997e-06,3.4294e-06,3.1393e-06,2.8325e-06,2.5121e-06,2.1815e-06,1.8436e-06,1.5017e-06,1.1586e-06,8.1737e-07,4.8052e-07,1.5062e-07,-1.6889e-07,-4.5806e-07
2.0539e-06,1.6326e-06,1.22e-06,8.4421e-07,5.0469e-07,1.9885e-07,-7.6175e-08,-3.2327e-07,-5.4526e-07,-7.4485e-07,-9.2459e-07,-1.0869e-06,-1.2338e-06,-1.3675e-06,-1.4896e-06,-1.6016e-06,-1.7049e-06,-1.8005e-06,-1.8894e-06,-1.9721e-06,-2.0491e-06,-2.1208e-06,-2.1871e-06,-2.248e-06,-2.3033e-06,-2.3525e-06,-2.3951e-06,-2.4304e-06,-2.4577e-06,-2.4762e-06,-2.4849e-06,-2.4829e-06,-2.4692e-06,-2.4427e-06,-2.4026e-06,-2.3477e-06,-2.2772e-06,-2.1903e-06,-2.0863e-06,-1.9644e-06,-1.8242e-06,-1.6655e-06,-1.488e-06,-1.2919e-06,-1.0775e-06,-8.4521e-07,-5.9576e-07,-3.3049e-07,-5.0765e-08,2.4179e-07,5.4531e-07,8.5764e-07,1.1764e-06,1.4989e-06,1.8223e-06,2.1437e-06,2.4599e-06,2.7675e-06,3.0632e-06,3.3438e-06,3.6059e-06,3.8463e-06,4.062e-06,4.2502e-06,4.4082e-06,4.5339e-06,4.6254e-06,4.6812e-06,4.7003e-06,4.6821e-06,4.6265e-06,4.534e-06,4.4054e-06,4.242e-06,4.0458e-06,3.8187e-06,3.5634e-06,3.2826e-06,2.9795e-06,2.6573e-06,2.3193e-06,1.969e-06,1.6098e-06,1.2451e-06,8.7821e-07,5.1223e-07,1.5011e-07,-2.0536e-07,-5.5034e-07,-8.6316e-07
1.8717e-06,1.4351e-06,1.0079e-06,6.1913e-07,2.6815e-07,-4.7833e-08,-3.319e-07,-5.8713e-07,-8.1658e-07,-1.0231e-06,-1.2095e-06,-1.3783e-06,-1.5317e-06,-1.672e-06,-1.8009e-06,-1.9201e-06,-2.031e-06,-2.1346e-06,-2.2319e-06,-2.3236e-06,-2.4102e-06,-2.4919e-06,-2.5688e-06,-2.6407e-06,-2.7074e-06,-2.7685e-06,-2.8233e-06,-2.8712e-06,-2.9112e-06,-2.9425e-06,-2.9641e-06,-2.975e-06,-2.9739e-06,-2.9599e-06,-2.9317e-06,-2.8883e-06,-2.8287e-06,-2.7519e-06,-2.657e-06,-2.5432e-06,-2.4099e-06,-2.2568e-06,-2.0835e-06,-1.8899e-06,-1.6764e-06,-1.4432e-06,-1.191e-06,-9.2089e-07,-6.3431e-07,-3.3284e-07,-1.8338e-08,3.0703e-07,6.4083e-07,9.8034e-07,1.3226e-06,1.6645e-06,2.0027e-06,2.3337e-06,2.6539e-06,2.9597e-06,3.2475e-06,3.5138e-06,3.7553e-06,3.9687e-06,4.1512e-06,4.3e-06,4.4131e-06,4.4886e-06,4.5251e-06,4.5219e-06,4.4786e-06,4.3953e-06,4.2729e-06,4.1126e-06,3.916e-06,3.6854e-06,3.4233e-06,3.1328e-06,2.8169e-06,2.4792e-06,2.1233e-06,1.7529e-06,1.3716e-06,9.8331e-07,5.9147e-07,1.9958e-07,-1.8912e-07,-5.7152e-07,-9.4342e-07,-1.2813e-06
1.6443e-06,1.1933e-06,7.5223e-07,3.5109e-07,-1.0808e-08,-3.3649e-07,-6.2925e-07,-8.924e-07,-1.1292e-06,-1.3426e-06,-1.5357e-06,-1.7111e-06,-1.8713e-06,-2.0185e-06,-2.1546e-06,-2.2814e-06,-2.4003e-06,-2.5126e-06,-2.619e-06,-2.7204e-06,-2.8173e-06,-2.9098e-06,-2.9981e-06,-3.0819e-06,-3.161e-06,-3.235e-06,-3.303e-06,-3.3644e-06,-3.4182e-06,-3.4635e-06,-3.4991e-06,-3.5239e-06,-3.5367e-06,-3.5362e-06,-3.5212e-06,-3.4904e-06,-3.4428e-06,-3.3771e-06,-3.2924e-06,-3.1877e-06,-3.0623e-06,-2.9156e-06,-2.7472e-06,-2.5569e-06,-2.3447e-06,-2.111e-06,-1.8563e-06,-1.5814e-06,-1.2879e-06,-9.7714e-07,-6.5109e-07,-3.1188e-07,3.8024e-08,3.9584e-07,7.5852e-07,1.1228e-06,1.4851e-06,1.8417e-06,2.1889e-06,2.5228e-06,2.8393e-06,3.1348e-06,3.4053e-06,3.6474e-06,3.8578e-06,4.0334e-06,4.1716e-06,4.2702e-06,4.3275e-06,4.3425e-06,4.3143e-06,4.2431e-06,4.1294e-06,3.9741e-06,3.7791e-06,3.5465e-06,3.2789e-06,2.9793e-06,2.6512e-06,2.2982e-06,1.9243e-06,1.5333e-06,1.1293e-06,7.1643e-07,2.9857e-07,-1.2048e-07,-5.3714e-07,-9.4797e-07,-1.3484e-06,-1.7128e-06
1.3699e-06,9.0521e-07,4.5108e-07,3.829e-08,-3.3396e-07,-6.6888e-07,-9.6999e-07,-1.2408e-06,-1.4847e-06,-1.7051e-06,-1.9049e-06,-2.0871e-06,-2.2542e-06,-2.4086e-06,-2.5524e-06,-2.6873e-06,-2.8148e-06,-2.9362e-06,-3.0524e-06,-3.1643e-06,-3.2721e-06,-3.3764e-06,-3.4769e-06,-3.5736e-06,-3.6662e-06,-3.754e-06,-3.8363e-06,-3.9124e-06,-3.9812e-06,-4.0416e-06,-4.0925e-06,-4.1325e-06,-4.1603e-06,-4.1747e-06,-4.1741e-06,-4.1572e-06,-4.1228e-06,-4.0696e-06,-3.9963e-06,-3.9019e-06,-3.7855e-06,-3.6463e-06,-3.4837e-06,-3.2975e-06,-3.0876e-06,-2.854e-06,-2.5972e-06,-2.3178e-06,-2.0173e-06,-1.6972e-06,-1.3592e-06,-1.0055e-06,-6.3853e-07,-2.612e-07,1.2337e-07,5.1176e-07,9.0027e-07,1.285e-06,1.6619e-06,2.0266e-06,2.3751e-06,2.703e-06,3.0062e-06,3.2807e-06,3.5228e-06,3.729e-06,3.8961e-06,4.0217e-06,4.1037e-06,4.1403e-06,4.1308e-06,4.0748e-06,3.9725e-06,3.825e-06,3.6338e-06,3.401e-06,3.1292e-06,2.8218e-06,2.4821e-06,2.1142e-06,1.7222e-06,1.3103e-06,8.83e-07,4.447e-07,-2.8194e-10,-4.4779e-07,-8.9387e-07,-1.3347e-06,-1.7653e-06,-2.158e-06
1.0467e-06,5.6917e-07,1.0279e-07,-3.2096e-07,-7.0297e-07,-1.0467e-06,-1.3558e-06,-1.634e-06,-1.8849e-06,-2.1121e-06,-2.3187e-06,-2.5078e-06,-2.6821e-06,-2.8441e-06,-2.9958e-06,-3.1393e-06,-3.2759e-06,-3.4071e-06,-3.5339e-06,-3.6569e-06,-3.7766e-06,-3.8934e-06,-4.0072e-06,-4.1178e-06,-4.2248e-06,-4.3276e-06,-4.4254e-06,-4.5174e-06,-4.6024e-06,-4.6792e-06,-4.7467e-06,-4.8033e-06,-4.8476e-06,-4.8782e-06,-4.8935e-06,-4.892e-06,-4.8723e-06,-4.8329e-06,-4.7725e-06,-4.6898e-06,-4.5837e-06,-4.4533e-06,-4.2979e-06,-4.1169e-06,-3.91e-06,-3.6774e-06,-3.4192e-06,-3.1358e-06,-2.8287e-06,-2.4991e-06,-2.149e-06,-1.7803e-06,-1.3955e-06,-9.9762e-07,-5.8976e-07,-1.755e-07,2.4129e-07,6.5646e-07,1.0657e-06,1.4644e-06,1.8481e-06,2.2121e-06,2.5517e-06,2.8626e-06,3.1405e-06,3.3814e-06,3.5819e-06,3.7387e-06,3.8493e-06,3.9118e-06,3.9247e-06,3.8874e-06,3.8e-06,3.6632e-06,3.4783e-06,3.2475e-06,2.9735e-06,2.6595e-06,2.3093e-06,1.927e-06,1.517e-06,1.0841e-06,6.3297e-07,1.6843e-07,-3.0478e-07,-7.8208e-07,-1.2591e-06,-1.7317e-06,-2.1943e-06,-2.6171e-06
6.729e-07,1.8354e-07,-2.9426e-07,-7.2823e-07,-1.1194e-06,-1.4714e-06,-1.7881e-06,-2.0735e-06,-2.3313e-06,-2.5652e-06,-2.7787e-06,-2.9748e-06,-3.1566e-06,-3.3264e-06,-3.4866e-06,-3.639e-06,-3.7854e-06,-3.927e-06,-4.065e-06,-4.1999e-06,-4.3324e-06,-4.4627e-06,-4.5907e-06,-4.7162e-06,-4.8387e-06,-4.9577e-06,-5.0723e-06,-5.1814e-06,-5.284e-06,-5.3787e-06,-5.4641e-06,-5.5388e-06,-5.6012e-06,-5.6496e-06,-5.6824e-06,-5.698e-06,-5.6946e-06,-5.6707e-06,-5.6248e-06,-5.5553e-06,-5.4612e-06,-5.3411e-06,-5.1942e-06,-5.0197e-06,-4.8172e-06,-4.5866e-06,-4.3279e-06,-4.0412e-06,-3.728e-06,-3.3893e-06,-3.027e-06,-2.6431e-06,-2.2399e-06,-1.8205e-06,-1.388e-06,-9.4627e-07,-4.9922e-07,-5.1217e-08,3.931e-07,8.289e-07,1.2512e-06,1.6549e-06,2.035e-06,2.3865e-06,2.7047e-06,2.985e-06,3.2233e-06,3.416e-06,3.5599e-06,3.6527e-06,3.6924e-06,3.678e-06,3.6091e-06,3.4864e-06,3.311e-06,3.0848e-06,2.8107e-06,2.4919e-06,2.1324e-06,1.7365e-06,1.309e-06,8.55e-07,3.7957e-07,-1.12e-07,-6.1453e-07,-1.123e-06,-1.6326e-06,-2.1387e-06,-2.6354e-06,-3.0903e-06
2.4711e-07,-2.532e-07,-7.4153e-07,-1.185e-06,-1.5847e-06,-1.9444e-06,-2.2684e-06,-2.5606e-06,-2.8252e-06,-3.0658e-06,-3.2862e-06,-3.4896e-06,-3.6789e-06,-3.8569e-06,-4.0259e-06,-4.1879e-06,-4.3446e-06,-4.4973e-06,-4.6472e-06,-4.7949e-06,-4.941e-06,-5.0857e-06,-5.2289e-06,-5.3704e-06,-5.5098e-06,-5.6461e-06,-5.7787e-06,-5.9064e-06,-6.028e-06,-6.142e-06,-6.2471e-06,-6.3415e-06,-6.4235e-06,-6.4915e-06,-6.5436e-06,-6.578e-06,-6.5927e-06,-6.5862e-06,-6.5566e-06,-6.5023e-06,-6.4218e-06,-6.3138e-06,-6.1771e-06,-6.0107e-06,-5.8141e-06,-5.5868e-06,-5.3288e-06,-5.0399e-06,-4.7213e-06,-4.3741e-06,-3.9999e-06,-3.6006e-06,-3.1786e-06,-2.7369e-06,-2.2788e-06,-1.8081e-06,-1.3288e-06,-8.4568e-07,-3.6353e-07,1.1244e-07,5.7686e-07,1.0242e-06,1.449e-06,1.8456e-06,2.2087e-06,2.5333e-06,2.8146e-06,3.0482e-06,3.2306e-06,3.3586e-06,3.4299e-06,3.4429e-06,3.397e-06,3.2923e-06,3.1298e-06,2.9114e-06,2.6398e-06,2.3183e-06,1.9511e-06,1.5427e-06,1.0983e-06,6.2326e-07,1.2324e-07,-3.9607e-07,-9.2898e-07,-1.47e-06,-2.0138e-06,-2.5555e-06,-3.0883e-06,-3.5775e-06
-2.3212e-07,-7.424e-07,-1.2404e-06,-1.6925e-06,-2.1001e-06,-2.4671e-06,-2.7979e-06,-3.0968e-06,-3.3679e-06,-3.6152e-06,-3.8425e-06,-4.0532e-06,-4.2505e-06,-4.437e-06,-4.6153e-06,-4.7873e-06,-4.9549e-06,-5.1194e-06,-5.2819e-06,-5.4432e-06,-5.6038e-06,-5.7639e-06,-5.9234e-06,-6.0821e-06,-6.2394e-06,-6.3945e-06,-6.5464e-06,-6.6941e-06,-6.8362e-06,-6.9712e-06,-7.0975e-06,-7.2133e-06,-7.3169e-06,-7.4064e-06,-7.4796e-06,-7.5347e-06,-7.5697e-06,-7.5825e-06,-7.5713e-06,-7.5342e-06,-7.4694e-06,-7.3754e-06,-7.2509e-06,-7.0945e-06,-6.9055e-06,-6.6832e-06,-6.4273e-06,-6.1375e-06,-5.8146e-06,-5.4596e-06,-5.074e-06,-4.6596e-06,-4.2188e-06,-3.7543e-06,-3.2696e-06,-2.7685e-06,-2.2553e-06,-1.7348e-06,-1.2121e-06,-6.9285e-07,-1.8273e-07,3.1226e-07,7.8603e-07,1.2325e-06,1.6456e-06,2.0198e-06,2.3494e-06,2.6296e-06,2.8559e-06,3.0246e-06,3.1329e-06,3.1786e-06,3.1604e-06,3.0782e-06,2.9328e-06,2.7257e-06,2.4596e-06,2.138e-06,1.765e-06,1.3455e-06,8.8502e-07,3.8933e-07,-1.3546e-07,-6.8312e-07,-1.2474e-06,-1.8224e-06,-2.4022e-06,-2.9813e-06,-3.5526e-06,-4.0784e-06
-7.6605e-07,-1.2853e-06,-1.7919e-06,-2.252e-06,-2.6668e-06,-3.0406e-06,-3.3779e-06,-3.683e-06,-3.9605e-06,-4.2145e-06,-4.4488e-06,-4.667e-06,-4.8724e-06,-5.0678e-06,-5.2557e-06,-5.4383e-06,-5.6173e-06,-5.7942e-06,-5.9702e-06,-6.1459e-06,-6.322e-06,-6.4985e-06,-6.6754e-06,-6.8524e-06,-7.0289e-06,-7.204e-06,-7.3768e-06,-7.546e-06,-7.7102e-06,-7.8678e-06,-8.0172e-06,-8.1563e-06,-8.2834e-06,-8.3962e-06,-8.4927e-06,-8.5707e-06,-8.6281e-06,-8.6625e-06,-8.6719e-06,-8.6542e-06,-8.6074e-06,-8.5297e-06,-8.4195e-06,-8.2753e-06,-8.0959e-06,-7.8805e-06,-7.6285e-06,-7.3394e-06,-7.0136e-06,-6.652e-06,-6.2559e-06,-5.8268e-06,-5.3672e-06,-4.8797e-06,-4.3677e-06,-3.8352e-06,-3.2864e-06,-2.7265e-06,-2.1608e-06,-1.5951e-06,-1.0357e-06,-4.8903e-07,3.8273e-08,5.3949e-07,1.008e-06,1.4372e-06,1.821e-06,2.1537e-06,2.43e-06,2.6456e-06,2.7968e-06,2.8808e-06,2.8958e-06,2.8413e-06,2.7175e-06,2.5259e-06,2.2689e-06,1.9501e-06,1.5737e-06,1.1449e-06,6.6949e-07,1.5371e-07,-3.9583e-07,-9.7235e-07,-1.5691e-06,-2.1794e-06,-2.7969e-06,-3.4156e-06,-4.0277e-06,-4.5926e-06
-1.3558e-06,-1.8829e-06,-2.3973e-06,-2.8644e-06,-3.2858e-06,-3.6659e-06,-4.0092e-06,-4.3204e-06,-4.6041e-06,-4.8646e-06,-5.106e-06,-5.3319e-06,-5.5456e-06,-5.7502e-06,-5.9482e-06,-6.1418e-06,-6.3329e-06,-6.523e-06,-6.7131e-06,-6.9042e-06,-7.0966e-06,-7.2905e-06,-7.486e-06,-7.6825e-06,-7.8794e-06,-8.076e-06,-8.2711e-06,-8.4634e-06,-8.6513e-06,-8.8334e-06,-9.0076e-06,-9.172e-06,-9.3245e-06,-9.4629e-06,-9.5849e-06,-9.6881e-06,-9.7701e-06,-9.8285e-06,-9.861e-06,-9.8652e-06,-9.8389e-06,-9.78e-06,-9.6865e-06,-9.5569e-06,-9.3894e-06,-9.1831e-06,-8.9371e-06,-8.6508e-06,-8.3237e-06,-7.957e-06,-7.5514e-06,-7.1087e-06,-6.6307e-06,-6.1203e-06,-5.5807e-06,-5.0158e-06,-4.4301e-06,-3.8288e-06,-3.2176e-06,-2.6026e-06,-1.9903e-06,-1.3879e-06,-8.0247e-07,-2.4142e-07,2.8787e-07,7.7812e-07,1.2223e-06,1.6139e-06,1.9469e-06,2.2158e-06,2.4164e-06,2.5451e-06,2.5995e-06,2.5783e-06,2.4814e-06,2.31e-06,2.0663e-06,1.7538e-06,1.3769e-06,9.4092e-07,4.5207e-07,-8.2954e-08,-6.5702e-07,-1.2628e-06,-1.8928e-06,-2.5398e-06,-3.1969e-06,-3.8574e-06,-4.5128e-06,-5.1193e-06
-2.0022e-06,-2.5362e-06,-3.0573e-06,-3.5307e-06,-3.958e-06,-4.3437e-06,-4.6927e-06,-5.0097e-06,-5.2995e-06,-5.5665e-06,-5.8149e-06,-6.0486e-06,-6.2709e-06,-6.485e-06,-6.6936e-06,-6.8987e-06,-7.1025e-06,-7.3063e-06,-7.5114e-06,-7.7186e-06,-7.9283e-06,-8.1407e-06,-8.3558e-06,-8.573e-06,-8.7918e-06,-9.0112e-06,-9.2301e-06,-9.447e-06,-9.6605e-06,-9.8687e-06,-1.007e-05,-1.0261e-05,-1.0442e-05,-1.0608e-05,-1.0758e-05,-1.0888e-05,-1.0998e-05,-1.1083e-05,-1.1141e-05,-1.117e-05,-1.1166e-05,-1.1129e-05,-1.1055e-05,-1.0943e-05,-1.079e-05,-1.0595e-05,-1.0358e-05,-1.0076e-05,-9.75e-06,-9.3798e-06,-8.9665e-06,-8.5111e-06,-8.0157e-06,-7.4828e-06,-6.9154e-06,-6.3177e-06,-5.6941e-06,-5.0498e-06,-4.3908e-06,-3.7236e-06,-3.0551e-06,-2.3928e-06,-1.7446e-06,-1.1185e-06,-5.2268e-07,3.4755e-08,5.4591e-07,1.0033e-06,1.3998e-06,1.7293e-06,1.9865e-06,2.1668e-06,2.2673e-06,2.2858e-06,2.2218e-06,2.0759e-06,1.8503e-06,1.5482e-06,1.1741e-06,7.3364e-07,2.3325e-07,-3.1987e-07,-9.1801e-07,-1.5532e-06,-2.2172e-06,-2.9023e-06,-3.6008e-06,-4.3053e-06,-5.0067e-06,-5.6577e-06
-2.7061e-06,-3.2459e-06,-3.7728e-06,-4.2516e-06,-4.6841e-06,-5.0749e-06,-5.4291e-06,-5.7516e-06,-6.0472e-06,-6.3207e-06,-6.5763e-06,-6.8179e-06,-7.049e-06,-7.273e-06,-7.4924e-06,-7.7096e-06,-7.9266e-06,-8.1449e-06,-8.3657e-06,-8.5898e-06,-8.8177e-06,-9.0496e-06,-9.2854e-06,-9.5245e-06,-9.7664e-06,-1.001e-05,-1.0254e-05,-1.0498e-05,-1.0738e-05,-1.0975e-05,-1.1204e-05,-1.1425e-05,-1.1635e-05,-1.1832e-05,-1.2012e-05,-1.2173e-05,-1.2312e-05,-1.2426e-05,-1.2513e-05,-1.2569e-05,-1.2592e-05,-1.2579e-05,-1.2528e-05,-1.2435e-05,-1.23e-05,-1.212e-05,-1.1893e-05,-1.1619e-05,-1.1297e-05,-1.0925e-05,-1.0506e-05,-1.004e-05,-9.5282e-06,-8.9735e-06,-8.3788e-06,-7.748e-06,-7.0857e-06,-6.3971e-06,-5.6884e-06,-4.9663e-06,-4.2382e-06,-3.5122e-06,-2.7966e-06,-2.1002e-06,-1.432e-06,-8.0097e-07,-2.1603e-07,3.1431e-07,7.8201e-07,1.1798e-06,1.5012e-06,1.7408e-06,1.8947e-06,1.9601e-06,1.9356e-06,1.8214e-06,1.6193e-06,1.3323e-06,9.6504e-07,5.2318e-07,1.358e-08,-5.561e-07,-1.1776e-06,-1.8421e-06,-2.5409e-06,-3.2653e-06,-4.007e-06,-4.7579e-06,-5.508e-06,-6.2063e-06
-3.468e-06,-4.0125e-06,-4.5441e-06,-5.0275e-06,-5.4645e-06,-5.8599e-06,-6.2189e-06,-6.5466e-06,-6.848e-06,-7.1278e-06,-7.3905e-06,-7.6401e-06,-7.8803e-06,-8.1144e-06,-8.345e-06,-8.5748e-06,-8.8055e-06,-9.0389e-06,-9.2761e-06,-9.5179e-06,-9.765e-06,-1.0017e-05,-1.0275e-05,-1.0537e-05,-1.0804e-05,-1.1073e-05,-1.1344e-05,-1.1615e-05,-1.1885e-05,-1.2151e-05,-1.2412e-05,-1.2664e-05,-1.2906e-05,-1.3135e-05,-1.3348e-05,-1.3542e-05,-1.3713e-05,-1.386e-05,-1.3978e-05,-1.4065e-05,-1.4117e-05,-1.4132e-05,-1.4106e-05,-1.4037e-05,-1.3923e-05,-1.376e-05,-1.3548e-05,-1.3284e-05,-1.2968e-05,-1.2598e-05,-1.2175e-05,-1.17e-05,-1.1173e-05,-1.0598e-05,-9.9769e-06,-9.3133e-06,-8.6119e-06,-7.878e-06,-7.1179e-06,-6.3386e-06,-5.548e-06,-4.7543e-06,-3.9668e-06,-3.1949e-06,-2.4484e-06,-1.7373e-06,-1.0714e-06,-4.6051e-07,8.6276e-08,5.6045e-07,9.5443e-07,1.2618e-06,1.4773e-06,1.5973e-06,1.6197e-06,1.5441e-06,1.3716e-06,1.1052e-06,7.493e-07,3.0978e-07,-2.0621e-07,-7.9052e-07,-1.4342e-06,-2.1279e-06,-2.8619e-06,-3.6268e-06,-4.4134e-06,-5.2131e-06,-6.0147e-06,-6.7635e-06
-4.2884e-06,-4.8364e-06,-5.3718e-06,-5.8589e-06,-6.2997e-06,-6.6991e-06,-7.0625e-06,-7.3951e-06,-7.7019e-06,-7.988e-06,-8.2579e-06,-8.5156e-06,-8.7651e-06,-9.0095e-06,-9.2518e-06,-9.4944e-06,-9.7394e-06,-9.9884e-06,-1.0243e-05,-1.0503e-05,-1.077e-05,-1.1044e-05,-1.1324e-05,-1.1611e-05,-1.1903e-05,-1.2199e-05,-1.2499e-05,-1.2799e-05,-1.31e-05,-1.3398e-05,-1.3691e-05,-1.3978e-05,-1.4254e-05,-1.4518e-05,-1.4766e-05,-1.4995e-05,-1.5202e-05,-1.5384e-05,-1.5537e-05,-1.5657e-05,-1.5742e-05,-1.5788e-05,-1.5791e-05,-1.5749e-05,-1.5659e-05,-1.5517e-05,-1.5323e-05,-1.5073e-05,-1.4765e-05,-1.44e-05,-1.3976e-05,-1.3495e-05,-1.2956e-05,-1.2362e-05,-1.1715e-05,-1.1019e-05,-1.0279e-05,-9.4992e-06,-8.6865e-06,-7.8481e-06,-6.9921e-06,-6.1273e-06,-5.2635e-06,-4.4109e-06,-3.5802e-06,-2.7823e-06,-2.0283e-06,-1.3289e-06,-6.9473e-07,-1.3545e-07,3.4002e-07,7.2394e-07,1.01e-06,1.1933e-06,1.2708e-06,1.2413e-06,1.1055e-06,8.6581e-07,5.2656e-07,9.3725e-08,-4.2527e-07,-1.0218e-06,-1.6862e-06,-2.4085e-06,-3.178e-06,-3.9845e-06,-4.8179e-06,-5.6686e-06,-6.5247e-06,-7.327e-06
-5.1673e-06,-5.7179e-06,-6.2559e-06,-6.7459e-06,-7.1898e-06,-7.5927e-06,-7.96e-06,-8.2972e-06,-8.6094e-06,-8.9016e-06,-9.1786e-06,-9.4445e-06,-9.7033e-06,-9.9583e-06,-1.0212e-05,-1.0468e-05,-1.0728e-05,-1.0993e-05,-1.1265e-05,-1.1545e-05,-1.1833e-05,-1.2129e-05,-1.2433e-05,-1.2745e-05,-1.3064e-05,-1.3388e-05,-1.3718e-05,-1.405e-05,-1.4383e-05,-1.4714e-05,-1.5043e-05,-1.5365e-05,-1.5678e-05,-1.5979e-05,-1.6265e-05,-1.6533e-05,-1.6778e-05,-1.6998e-05,-1.7189e-05,-1.7346e-05,-1.7467e-05,-1.7547e-05,-1.7583e-05,-1.7572e-05,-1.7509e-05,-1.7393e-05,-1.7219e-05,-1.6986e-05,-1.6692e-05,-1.6334e-05,-1.5913e-05,-1.5428e-05,-1.4879e-05,-1.4268e-05,-1.3598e-05,-1.2871e-05,-1.2092e-05,-1.1267e-05,-1.0401e-05,-9.5015e-06,-8.5778e-06,-7.6387e-06,-6.6946e-06,-5.7563e-06,-4.8356e-06,-3.9443e-06,-3.0947e-06,-2.2988e-06,-1.5685e-06,-9.1493e-07,-3.4852e-07,1.2159e-07,4.8767e-07,7.4365e-07,8.8533e-07,9.1051e-07,8.1909e-07,6.1309e-07,2.9655e-07,-1.2454e-07,-6.4254e-07,-1.2483e-06,-1.9316e-06,-2.6815e-06,-3.4866e-06,-4.3356e-06,-5.2174e-06,-6.1216e-06,-7.0351e-06,-7.8944e-06
-6.1049e-06,-6.6568e-06,-7.1965e-06,-7.6885e-06,-8.1349e-06,-8.5407e-06,-8.9116e-06,-9.2529e-06,-9.5702e-06,-9.8684e-06,-1.0152e-05,-1.0427e-05,-1.0695e-05,-1.0961e-05,-1.1227e-05,-1.1496e-05,-1.1771e-05,-1.2053e-05,-1.2343e-05,-1.2643e-05,-1.2952e-05,-1.3271e-05,-1.36e-05,-1.3938e-05,-1.4285e-05,-1.4639e-05,-1.5e-05,-1.5365e-05,-1.5732e-05,-1.6099e-05,-1.6464e-05,-1.6824e-05,-1.7176e-05,-1.7517e-05,-1.7844e-05,-1.8152e-05,-1.8439e-05,-1.87e-05,-1.8932e-05,-1.913e-05,-1.929e-05,-1.9409e-05,-1.9481e-05,-1.9504e-05,-1.9473e-05,-1.9385e-05,-1.9237e-05,-1.9025e-05,-1.8748e-05,-1.8402e-05,-1.7986e-05,-1.7501e-05,-1.6945e-05,-1.632e-05,-1.5628e-05,-1.4873e-05,-1.4056e-05,-1.3185e-05,-1.2266e-05,-1.1305e-05,-1.0311e-05,-9.2953e-06,-8.2671e-06,-7.2386e-06,-6.2222e-06,-5.2309e-06,-4.2783e-06,-3.3776e-06,-2.5423e-06,-1.785e-06,-1.1177e-06,-5.5122e-07,-9.4793e-08,2.4401e-07,4.5967e-07,5.4885e-07,5.1052e-07,3.4605e-07,5.9098e-08,-3.4446e-07,-8.5676e-07,-1.4683e-06,-2.1681e-06,-2.9443e-06,-3.7847e-06,-4.6769e-06,-5.6087e-06,-6.5687e-06,-7.5428e-06,-8.4624e-06
-7.1008e-06,-7.653e-06,-8.1935e-06,-8.6867e-06,-9.1347e-06,-9.543e-06,-9.9169e-06,-1.0262e-05,-1.0584e-05,-1.0888e-05,-1.1179e-05,-1.1462e-05,-1.1739e-05,-1.2016e-05,-1.2294e-05,-1.2578e-05,-1.2868e-05,-1.3167e-05,-1.3475e-05,-1.3795e-05,-1.4126e-05,-1.4469e-05,-1.4824e-05,-1.519e-05,-1.5565e-05,-1.5951e-05,-1.6343e-05,-1.6742e-05,-1.7145e-05,-1.755e-05,-1.7953e-05,-1.8353e-05,-1.8747e-05,-1.913e-05,-1.95e-05,-1.9852e-05,-2.0183e-05,-2.0489e-05,-2.0764e-05,-2.1006e-05,-2.121e-05,-2.137e-05,-2.1483e-05,-2.1544e-05,-2.1549e-05,-2.1494e-05,-2.1375e-05,-2.1189e-05,-2.0932e-05,-2.0602e-05,-2.0196e-05,-1.9714e-05,-1.9155e-05,-1.8519e-05,-1.7809e-05,-1.7026e-05,-1.6174e-05,-1.5259e-05,-1.4286e-05,-1.3263e-05,-1.2199e-05,-1.1103e-05,-9.9875e-06,-8.8644e-06,-7.747e-06,-6.6495e-06,-5.5865e-06,-4.5728e-06,-3.6234e-06,-2.7525e-06,-1.974e-06,-1.3004e-06,-7.4268e-07,-3.1013e-07,-9.8051e-09,1.536e-07,1.7794e-07,6.3739e-08,-1.8588e-07,-5.6525e-07,-1.0664e-06,-1.6795e-06,-2.3928e-06,-3.1937e-06,-4.0688e-06,-5.0046e-06,-5.9879e-06,-7.0062e-06,-8.0439e-06,-9.0273e-06
-8.1547e-06,-8.7061e-06,-9.2464e-06,-9.7399e-06,-1.0189e-05,-1.0599e-05,-1.0976e-05,-1.1324e-05,-1.1651e-05,-1.1961e-05,-1.2259e-05,-1.2549e-05,-1.2836e-05,-1.3123e-05,-1.3414e-05,-1.3712e-05,-1.4017e-05,-1.4333e-05,-1.4661e-05,-1.5001e-05,-1.5355e-05,-1.5722e-05,-1.6103e-05,-1.6497e-05,-1.6903e-05,-1.732e-05,-1.7746e-05,-1.818e-05,-1.862e-05,-1.9063e-05,-1.9508e-05,-1.995e-05,-2.0386e-05,-2.0814e-05,-2.1229e-05,-2.1628e-05,-2.2006e-05,-2.2359e-05,-2.2683e-05,-2.2972e-05,-2.3222e-05,-2.3428e-05,-2.3586e-05,-2.3689e-05,-2.3734e-05,-2.3716e-05,-2.3631e-05,-2.3474e-05,-2.3243e-05,-2.2932e-05,-2.2541e-05,-2.2066e-05,-2.1508e-05,-2.0865e-05,-2.0139e-05,-1.9332e-05,-1.8448e-05,-1.749e-05,-1.6464e-05,-1.5379e-05,-1.4243e-05,-1.3067e-05,-1.1861e-05,-1.064e-05,-9.4163e-06,-8.2066e-06,-7.0261e-06,-5.8912e-06,-4.8185e-06,-3.8241e-06,-2.9237e-06,-2.1317e-06,-1.4612e-06,-9.2321e-07,-5.2671e-07,-2.7796e-07,-1.8043e-07,-2.3467e-07,-4.3827e-07,-7.8595e-07,-1.2698e-06,-1.8794e-06,-2.6027e-06,-3.426e-06,-4.3348e-06,-5.3145e-06,-6.3506e-06,-7.4293e-06,-8.5338e-06,-9.5847e-06
-9.266e-06,-9.8156e-06,-1.0355e-05,-1.0848e-05,-1.1297e-05,-1.1709e-05,-1.2088e-05,-1.2439e-05,-1.277e-05,-1.3085e-05,-1.339e-05,-1.3688e-05,-1.3984e-05,-1.4282e-05,-1.4586e-05,-1.4897e-05,-1.5218e-05,-1.5551e-05,-1.5898e-05,-1.6259e-05,-1.6636e-05,-1.7028e-05,-1.7436e-05,-1.7858e-05,-1.8294e-05,-1.8744e-05,-1.9205e-05,-1.9675e-05,-2.0154e-05,-2.0637e-05,-2.1124e-05,-2.1609e-05,-2.2091e-05,-2.2566e-05,-2.3029e-05,-2.3477e-05,-2.3905e-05,-2.4308e-05,-2.4682e-05,-2.5022e-05,-2.5323e-05,-2.5578e-05,-2.5784e-05,-2.5934e-05,-2.6024e-05,-2.6047e-05,-2.6e-05,-2.5878e-05,-2.5676e-05,-2.539e-05,-2.5018e-05,-2.4555e-05,-2.4002e-05,-2.3356e-05,-2.2619e-05,-2.1791e-05,-2.0876e-05,-1.9878e-05,-1.8802e-05,-1.7655e-05,-1.6448e-05,-1.5189e-05,-1.3891e-05,-1.2569e-05,-1.1235e-05,-9.9075e-06,-8.6028e-06,-7.3389e-06,-6.1338e-06,-5.0059e-06,-3.9726e-06,-3.0506e-06,-2.2551e-06,-1.5995e-06,-1.0945e-06,-7.484e-07,-5.6621e-07,-5.4982e-07,-6.9774e-07,-1.0053e-06,-1.4646e-06,-2.0651e-06,-2.7941e-06,-3.637e-06,-4.5782e-06,-5.6016e-06,-6.6915e-06,-7.8329e-06,-9.0072e-06,-1.0129e-05
-1.0434e-05,-1.0981e-05,-1.1518e-05,-1.201e-05,-1.2459e-05,-1.2871e-05,-1.3252e-05,-1.3606e-05,-1.3941e-05,-1.4261e-05,-1.4572e-05,-1.4878e-05,-1.5183e-05,-1.5492e-05,-1.5807e-05,-1.6132e-05,-1.6469e-05,-1.6819e-05,-1.7185e-05,-1.7567e-05,-1.7967e-05,-1.8384e-05,-1.8818e-05,-1.927e-05,-1.9737e-05,-2.022e-05,-2.0716e-05,-2.1224e-05,-2.1742e-05,-2.2267e-05,-2.2797e-05,-2.3328e-05,-2.3857e-05,-2.438e-05,-2.4894e-05,-2.5393e-05,-2.5873e-05,-2.633e-05,-2.6758e-05,-2.7152e-05,-2.7506e-05,-2.7815e-05,-2.8073e-05,-2.8274e-05,-2.8412e-05,-2.8481e-05,-2.8477e-05,-2.8394e-05,-2.8226e-05,-2.7971e-05,-2.7621e-05,-2.7176e-05,-2.6632e-05,-2.5988e-05,-2.5243e-05,-2.4399e-05,-2.3457e-05,-2.2421e-05,-2.1297e-05,-2.0092e-05,-1.8813e-05,-1.7472e-05,-1.6081e-05,-1.4654e-05,-1.3207e-05,-1.1757e-05,-1.0321e-05,-8.9208e-06,-7.5746e-06,-6.3031e-06,-5.1259e-06,-4.0621e-06,-3.1292e-06,-2.3429e-06,-1.7164e-06,-1.2601e-06,-9.8081e-07,-8.821e-07,-9.6368e-07,-1.2216e-06,-1.6483e-06,-2.2331e-06,-2.9628e-06,-3.8219e-06,-4.7935e-06,-5.8602e-06,-7.0048e-06,-8.2108e-06,-9.4582e-06,-1.0655e-05
-1.1657e-05,-1.22e-05,-1.2735e-05,-1.3225e-05,-1.3674e-05,-1.4086e-05,-1.4468e-05,-1.4825e-05,-1.5163e-05,-1.5488e-05,-1.5804e-05,-1.6117e-05,-1.6431e-05,-1.675e-05,-1.7077e-05,-1.7415e-05,-1.7767e-05,-1.8135e-05,-1.8519e-05,-1.8922e-05,-1.9345e-05,-1.9787e-05,-2.0248e-05,-2.0729e-05,-2.1228e-05,-2.1744e-05,-2.2276e-05,-2.2823e-05,-2.3381e-05,-2.3949e-05,-2.4523e-05,-2.5101e-05,-2.5678e-05,-2.6252e-05,-2.6817e-05,-2.737e-05,-2.7905e-05,-2.8418e-05,-2.8903e-05,-2.9354e-05,-2.9765e-05,-3.0131e-05,-3.0444e-05,-3.07e-05,-3.0891e-05,-3.1011e-05,-3.1055e-05,-3.1015e-05,-3.0887e-05,-3.0665e-05,-3.0345e-05,-2.9922e-05,-2.9393e-05,-2.8755e-05,-2.8008e-05,-2.7151e-05,-2.6187e-05,-2.5118e-05,-2.3948e-05,-2.2685e-05,-2.1338e-05,-1.9915e-05,-1.843e-05,-1.6898e-05,-1.5334e-05,-1.3756e-05,-1.2185e-05,-1.0641e-05,-9.145e-06,-7.7201e-06,-6.3881e-06,-5.1704e-06,-4.0873e-06,-3.1569e-06,-2.3952e-06,-1.8149e-06,-1.4252e-06,-1.2316e-06,-1.2351e-06,-1.4328e-06,-1.8178e-06,-2.3796e-06,-3.1041e-06,-3.9751e-06,-4.9747e-06,-6.0838e-06,-7.2837e-06,-8.5562e-06,-9.8796e-06,-1.1156e-05
-1.2935e-05,-1.3474e-05,-1.4004e-05,-1.4492e-05,-1.494e-05,-1.5352e-05,-1.5734e-05,-1.6093e-05,-1.6434e-05,-1.6763e-05,-1.7085e-05,-1.7405e-05,-1.7727e-05,-1.8056e-05,-1.8394e-05,-1.8745e-05,-1.9111e-05,-1.9495e-05,-1.9899e-05,-2.0322e-05,-2.0767e-05,-2.1234e-05,-2.1722e-05,-2.2232e-05,-2.2762e-05,-2.3312e-05,-2.3881e-05,-2.4465e-05,-2.5065e-05,-2.5676e-05,-2.6295e-05,-2.6921e-05,-2.7548e-05,-2.8174e-05,-2.8793e-05,-2.9402e-05,-2.9994e-05,-3.0565e-05,-3.1109e-05,-3.162e-05,-3.2092e-05,-3.2517e-05,-3.2891e-05,-3.3205e-05,-3.3453e-05,-3.3628e-05,-3.3723e-05,-3.3732e-05,-3.3648e-05,-3.3466e-05,-3.318e-05,-3.2784e-05,-3.2275e-05,-3.1649e-05,-3.0905e-05,-3.0041e-05,-2.9059e-05,-2.796e-05,-2.6749e-05,-2.5433e-05,-2.4018e-05,-2.2515e-05,-2.0937e-05,-1.9298e-05,-1.7616e-05,-1.5908e-05,-1.4195e-05,-1.2501e-05,-1.0848e-05,-9.2601e-06,-7.7625e-06,-6.3789e-06,-5.1325e-06,-4.0443e-06,-3.1331e-06,-2.4144e-06,-1.9001e-06,-1.5977e-06,-1.5104e-06,-1.6364e-06,-1.9697e-06,-2.4997e-06,-3.2124e-06,-4.0905e-06,-5.1149e-06,-6.265e-06,-7.5203e-06,-8.8611e-06,-1.0264e-05,-1.1622e-05
-1.4266e-05,-1.48e-05,-1.5326e-05,-1.5811e-05,-1.6256e-05,-1.6668e-05,-1.7051e-05,-1.7411e-05,-1.7755e-05,-1.8087e-05,-1.8414e-05,-1.874e-05,-1.907e-05,-1.9407e-05,-1.9756e-05,-2.0119e-05,-2.0499e-05,-2.0899e-05,-2.132e-05,-2.1763e-05,-2.223e-05,-2.272e-05,-2.3235e-05,-2.3774e-05,-2.4335e-05,-2.4919e-05,-2.5524e-05,-2.6147e-05,-2.6787e-05,-2.7442e-05,-2.8108e-05,-2.8782e-05,-2.9461e-05,-3.0139e-05,-3.0814e-05,-3.148e-05,-3.2131e-05,-3.2762e-05,-3.3368e-05,-3.3941e-05,-3.4476e-05,-3.4965e-05,-3.5402e-05,-3.5778e-05,-3.6087e-05,-3.6321e-05,-3.6472e-05,-3.6535e-05,-3.65e-05,-3.6362e-05,-3.6115e-05,-3.5753e-05,-3.5269e-05,-3.4661e-05,-3.3924e-05,-3.3059e-05,-3.2064e-05,-3.0941e-05,-2.9693e-05,-2.8326e-05,-2.6847e-05,-2.5267e-05,-2.3597e-05,-2.1852e-05,-2.005e-05,-1.8209e-05,-1.6352e-05,-1.4501e-05,-1.2684e-05,-1.0924e-05,-9.2509e-06,-7.6897e-06,-6.2669e-06,-5.0068e-06,-3.9313e-06,-3.0592e-06,-2.4052e-06,-1.9796e-06,-1.7875e-06,-1.8292e-06,-2.0994e-06,-2.5882e-06,-3.2814e-06,-4.1609e-06,-5.2062e-06,-6.3954e-06,-7.7061e-06,-9.1165e-06,-1.0601e-05,-1.2046e-05
-1.5648e-05,-1.6176e-05,-1.6698e-05,-1.718e-05,-1.7623e-05,-1.8033e-05,-1.8416e-05,-1.8777e-05,-1.9123e-05,-1.9459e-05,-1.9789e-05,-2.0121e-05,-2.0457e-05,-2.0802e-05,-2.116e-05,-2.1535e-05,-2.1928e-05,-2.2342e-05,-2.2779e-05,-2.3241e-05,-2.3729e-05,-2.4243e-05,-2.4783e-05,-2.535e-05,-2.5942e-05,-2.6559e-05,-2.7199e-05,-2.7861e-05,-2.8543e-05,-2.9241e-05,-2.9954e-05,-3.0677e-05,-3.1407e-05,-3.214e-05,-3.2871e-05,-3.3595e-05,-3.4307e-05,-3.5e-05,-3.567e-05,-3.6308e-05,-3.6908e-05,-3.7463e-05,-3.7966e-05,-3.8408e-05,-3.8781e-05,-3.9078e-05,-3.929e-05,-3.941e-05,-3.943e-05,-3.9342e-05,-3.9138e-05,-3.8814e-05,-3.8362e-05,-3.7776e-05,-3.7054e-05,-3.6192e-05,-3.519e-05,-3.4048e-05,-3.2768e-05,-3.1356e-05,-2.9817e-05,-2.8163e-05,-2.6403e-05,-2.4553e-05,-2.2631e-05,-2.0656e-05,-1.8651e-05,-1.664e-05,-1.4652e-05,-1.2713e-05,-1.0854e-05,-9.1033e-06,-7.4913e-06,-6.0452e-06,-4.7904e-06,-3.7493e-06,-2.9398e-06,-2.3752e-06,-2.0636e-06,-2.0071e-06,-2.2019e-06,-2.639e-06,-3.3039e-06,-4.1781e-06,-5.2399e-06,-6.4656e-06,-7.8309e-06,-9.3122e-06,-1.0881e-05,-1.2417e-05
-1.708e-05,-1.7603e-05,-1.812e-05,-1.8597e-05,-1.9038e-05,-1.9447e-05,-1.9829e-05,-2.0191e-05,-2.0537e-05,-2.0875e-05,-2.1209e-05,-2.1545e-05,-2.1887e-05,-2.2239e-05,-2.2605e-05,-2.2989e-05,-2.3394e-05,-2.3821e-05,-2.4274e-05,-2.4754e-05,-2.5261e-05,-2.5797e-05,-2.6362e-05,-2.6955e-05,-2.7577e-05,-2.8226e-05,-2.8902e-05,-2.9602e-05,-3.0324e-05,-3.1066e-05,-3.1825e-05,-3.2597e-05,-3.3379e-05,-3.4167e-05,-3.4955e-05,-3.5738e-05,-3.6512e-05,-3.7269e-05,-3.8003e-05,-3.8708e-05,-3.9377e-05,-4e-05,-4.0571e-05,-4.1082e-05,-4.1523e-05,-4.1886e-05,-4.2163e-05,-4.2345e-05,-4.2423e-05,-4.2389e-05,-4.2235e-05,-4.1954e-05,-4.1538e-05,-4.0982e-05,-4.0279e-05,-3.9427e-05,-3.8424e-05,-3.7268e-05,-3.5962e-05,-3.451e-05,-3.2916e-05,-3.1191e-05,-2.9345e-05,-2.7393e-05,-2.5352e-05,-2.3242e-05,-2.1087e-05,-1.8913e-05,-1.6748e-05,-1.4623e-05,-1.2569e-05,-1.0619e-05,-8.8048e-06,-7.1587e-06,-5.7094e-06,-4.4831e-06,-3.5017e-06,-2.782e-06,-2.335e-06,-2.1653e-06,-2.2713e-06,-2.6448e-06,-3.2716e-06,-4.1329e-06,-5.2058e-06,-6.4648e-06,-7.8837e-06,-9.4366e-06,-1.1093e-05,-1.2723e-05
-1.8561e-05,-1.9077e-05,-1.9589e-05,-2.0063e-05,-2.05e-05,-2.0907e-05,-2.1288e-05,-2.165e-05,-2.1997e-05,-2.2336e-05,-2.2673e-05,-2.3011e-05,-2.3357e-05,-2.3715e-05,-2.4088e-05,-2.448e-05,-2.4894e-05,-2.5334e-05,-2.58e-05,-2.6295e-05,-2.682e-05,-2.7377e-05,-2.7964e-05,-2.8583e-05,-2.9234e-05,-2.9914e-05,-3.0624e-05,-3.136e-05,-3.2123e-05,-3.2908e-05,-3.3712e-05,-3.4534e-05,-3.5368e-05,-3.621e-05,-3.7055e-05,-3.7899e-05,-3.8734e-05,-3.9556e-05,-4.0357e-05,-4.1131e-05,-4.1868e-05,-4.2563e-05,-4.3205e-05,-4.3786e-05,-4.4298e-05,-4.4731e-05,-4.5076e-05,-4.5324e-05,-4.5464e-05,-4.5489e-05,-4.5388e-05,-4.5156e-05,-4.4782e-05,-4.426e-05,-4.3583e-05,-4.2747e-05,-4.1748e-05,-4.0585e-05,-3.9259e-05,-3.7772e-05,-3.6129e-05,-3.4338e-05,-3.241e-05,-3.0359e-05,-2.8201e-05,-2.5958e-05,-2.3653e-05,-2.1313e-05,-1.8967e-05,-1.6649e-05,-1.4392e-05,-1.2232e-05,-1.0205e-05,-8.3447e-06,-6.6858e-06,-5.2582e-06,-4.0879e-06,-3.1959e-06,-2.5966e-06,-2.298e-06,-2.3004e-06,-2.5973e-06,-3.1753e-06,-4.015e-06,-5.0926e-06,-6.381e-06,-7.8518e-06,-9.4768e-06,-1.1223e-05,-1.2951e-05
-2.0089e-05,-2.0598e-05,-2.1105e-05,-2.1574e-05,-2.2009e-05,-2.2414e-05,-2.2793e-05,-2.3154e-05,-2.3501e-05,-2.384e-05,-2.4177e-05,-2.4518e-05,-2.4866e-05,-2.5227e-05,-2.5605e-05,-2.6004e-05,-2.6426e-05,-2.6875e-05,-2.7353e-05,-2.7861e-05,-2.8403e-05,-2.8977e-05,-2.9586e-05,-3.0229e-05,-3.0905e-05,-3.1615e-05,-3.2357e-05,-3.313e-05,-3.3931e-05,-3.4758e-05,-3.5608e-05,-3.6477e-05,-3.7362e-05,-3.8259e-05,-3.9161e-05,-4.0065e-05,-4.0964e-05,-4.1851e-05,-4.2719e-05,-4.3561e-05,-4.437e-05,-4.5136e-05,-4.5852e-05,-4.6506e-05,-4.7091e-05,-4.7597e-05,-4.8013e-05,-4.8329e-05,-4.8536e-05,-4.8623e-05,-4.8581e-05,-4.8401e-05,-4.8075e-05,-4.7592e-05,-4.6947e-05,-4.6133e-05,-4.5145e-05,-4.3981e-05,-4.2641e-05,-4.1125e-05,-3.9439e-05,-3.7588e-05,-3.5582e-05,-3.3436e-05,-3.1165e-05,-2.8791e-05,-2.6336e-05,-2.3829e-05,-2.13e-05,-1.8784e-05,-1.6317e-05,-1.3938e-05,-1.1685e-05,-9.5987e-06,-7.7153e-06,-6.0701e-06,-4.6937e-06,-3.6116e-06,-2.8425e-06,-2.3978e-06,-2.2809e-06,-2.4872e-06,-3.0041e-06,-3.8125e-06,-4.8876e-06,-6.2006e-06,-7.721e-06,-9.4182e-06,-1.1256e-05,-1.3085e-05
-2.1661e-05,-2.2165e-05,-2.2666e-05,-2.3131e-05,-2.3563e-05,-2.3965e-05,-2.4342e-05,-2.4701e-05,-2.5047e-05,-2.5385e-05,-2.5722e-05,-2.6062e-05,-2.6412e-05,-2.6774e-05,-2.7155e-05,-2.7557e-05,-2.7985e-05,-2.8441e-05,-2.8928e-05,-2.9447e-05,-3.0002e-05,-3.0593e-05,-3.122e-05,-3.1884e-05,-3.2585e-05,-3.3323e-05,-3.4095e-05,-3.4902e-05,-3.574e-05,-3.6607e-05,-3.7501e-05,-3.8417e-05,-3.9353e-05,-4.0303e-05,-4.1262e-05,-4.2226e-05,-4.3187e-05,-4.4139e-05,-4.5075e-05,-4.5987e-05,-4.6868e-05,-4.7707e-05,-4.8496e-05,-4.9226e-05,-4.9886e-05,-5.0466e-05,-5.0956e-05,-5.1344e-05,-5.162e-05,-5.1774e-05,-5.1794e-05,-5.1672e-05,-5.1397e-05,-5.0959e-05,-5.035e-05,-4.9563e-05,-4.8593e-05,-4.7434e-05,-4.6086e-05,-4.4549e-05,-4.2825e-05,-4.092e-05,-3.8843e-05,-3.6607e-05,-3.4227e-05,-3.1724e-05,-2.9121e-05,-2.6447e-05,-2.3734e-05,-2.1016e-05,-1.8334e-05,-1.5728e-05,-1.324e-05,-1.0914e-05,-8.7915e-06,-6.9125e-06,-5.3126e-06,-4.0222e-06,-3.0649e-06,-2.4563e-06,-2.2031e-06,-2.3033e-06,-2.746e-06,-3.5122e-06,-4.5765e-06,-5.9085e-06,-7.4756e-06,-9.2443e-06,-1.1176e-05,-1.311e-05
-2.3276e-05,-2.3774e-05,-2.4271e-05,-2.4733e-05,-2.5161e-05,-2.556e-05,-2.5935e-05,-2.6292e-05,-2.6635e-05,-2.6971e-05,-2.7305e-05,-2.7644e-05,-2.7991e-05,-2.8353e-05,-2.8733e-05,-2.9137e-05,-2.9567e-05,-3.0027e-05,-3.052e-05,-3.1048e-05,-3.1613e-05,-3.2217e-05,-3.286e-05,-3.3543e-05,-3.4266e-05,-3.5028e-05,-3.5829e-05,-3.6667e-05,-3.754e-05,-3.8446e-05,-3.9382e-05,-4.0344e-05,-4.1328e-05,-4.2331e-05,-4.3346e-05,-4.4368e-05,-4.5391e-05,-4.6409e-05,-4.7412e-05,-4.8394e-05,-4.9346e-05,-5.0259e-05,-5.1124e-05,-5.1929e-05,-5.2666e-05,-5.3322e-05,-5.3887e-05,-5.435e-05,-5.4698e-05,-5.4921e-05,-5.5007e-05,-5.4945e-05,-5.4726e-05,-5.4338e-05,-5.3771e-05,-5.3017e-05,-5.2069e-05,-5.0921e-05,-4.9572e-05,-4.8019e-05,-4.6264e-05,-4.4312e-05,-4.217e-05,-3.9849e-05,-3.7365e-05,-3.4738e-05,-3.199e-05,-2.9151e-05,-2.6253e-05,-2.3332e-05,-2.043e-05,-1.759e-05,-1.4858e-05,-1.2281e-05,-9.9054e-06,-7.7768e-06,-5.936e-06,-4.419e-06,-3.2545e-06,-2.463e-06,-2.0556e-06,-2.0333e-06,-2.3872e-06,-3.0991e-06,-4.1432e-06,-5.4877e-06,-7.0976e-06,-8.9371e-06,-1.0963e-05,-1.3007e-05
-2.4932e-05,-2.5426e-05,-2.5918e-05,-2.6377e-05,-2.6802e-05,-2.7199e-05,-2.7571e-05,-2.7924e-05,-2.8263e-05,-2.8595e-05,-2.8925e-05,-2.9259e-05,-2.9603e-05,-2.9961e-05,-3.0338e-05,-3.0739e-05,-3.1168e-05,-3.1629e-05,-3.2125e-05,-3.2657e-05,-3.3229e-05,-3.3843e-05,-3.4498e-05,-3.5197e-05,-3.5938e-05,-3.6723e-05,-3.7549e-05,-3.8416e-05,-3.9322e-05,-4.0264e-05,-4.124e-05,-4.2246e-05,-4.3277e-05,-4.4331e-05,-4.54e-05,-4.648e-05,-4.7564e-05,-4.8645e-05,-4.9716e-05,-5.0767e-05,-5.1791e-05,-5.2778e-05,-5.3717e-05,-5.4599e-05,-5.5413e-05,-5.6147e-05,-5.6788e-05,-5.7327e-05,-5.7749e-05,-5.8044e-05,-5.8198e-05,-5.8201e-05,-5.804e-05,-5.7705e-05,-5.7184e-05,-5.6468e-05,-5.5548e-05,-5.4418e-05,-5.3073e-05,-5.1511e-05,-4.9732e-05,-4.7739e-05,-4.5538e-05,-4.3139e-05,-4.0557e-05,-3.781e-05,-3.4922e-05,-3.192e-05,-2.8838e-05,-2.5713e-05,-2.2588e-05,-1.9509e-05,-1.6525e-05,-1.3687e-05,-1.1046e-05,-8.6521e-06,-6.5532e-06,-4.7908e-06,-3.3997e-06,-2.4059e-06,-1.8253e-06,-1.6628e-06,-1.9121e-06,-2.5563e-06,-3.5697e-06,-4.9191e-06,-6.5675e-06,-8.4759e-06,-1.0598e-05,-1.2754e-05
-2.6628e-05,-2.7118e-05,-2.7608e-05,-2.8064e-05,-2.8487e-05,-2.888e-05,-2.9249e-05,-2.9597e-05,-2.9932e-05,-3.0257e-05,-3.0581e-05,-3.0908e-05,-3.1244e-05,-3.1595e-05,-3.1965e-05,-3.236e-05,-3.2785e-05,-3.3242e-05,-3.3736e-05,-3.427e-05,-3.4845e-05,-3.5464e-05,-3.6128e-05,-3.6839e-05,-3.7595e-05,-3.8398e-05,-3.9247e-05,-4.014e-05,-4.1075e-05,-4.2051e-05,-4.3064e-05,-4.4111e-05,-4.5188e-05,-4.6291e-05,-4.7413e-05,-4.8549e-05,-4.9692e-05,-5.0836e-05,-5.1972e-05,-5.3092e-05,-5.4187e-05,-5.5246e-05,-5.6261e-05,-5.7219e-05,-5.811e-05,-5.8921e-05,-5.9641e-05,-6.0256e-05,-6.0754e-05,-6.1122e-05,-6.1346e-05,-6.1415e-05,-6.1316e-05,-6.1038e-05,-6.0567e-05,-5.9893e-05,-5.9006e-05,-5.7898e-05,-5.6563e-05,-5.4998e-05,-5.3201e-05,-5.1173e-05,-4.892e-05,-4.645e-05,-4.3776e-05,-4.0916e-05,-3.7892e-05,-3.4731e-05,-3.1468e-05,-2.8139e-05,-2.479e-05,-2.1468e-05,-1.8225e-05,-1.5116e-05,-1.2197e-05,-9.5244e-06,-7.1507e-06,-5.1245e-06,-3.487e-06,-2.2706e-06,-1.4969e-06,-1.1753e-06,-1.303e-06,-1.865e-06,-2.8359e-06,-4.1817e-06,-5.8631e-06,-7.8383e-06,-1.0058e-05,-1.2328e-05
-2.8362e-05,-2.885e-05,-2.9338e-05,-2.9793e-05,-3.0213e-05,-3.0604e-05,-3.0968e-05,-3.1311e-05,-3.1639e-05,-3.1956e-05,-3.2271e-05,-3.2587e-05,-3.2912e-05,-3.3252e-05,-3.3612e-05,-3.3997e-05,-3.4412e-05,-3.4862e-05,-3.535e-05,-3.5879e-05,-3.6453e-05,-3.7073e-05,-3.7742e-05,-3.846e-05,-3.9228e-05,-4.0046e-05,-4.0913e-05,-4.1828e-05,-4.279e-05,-4.3797e-05,-4.4844e-05,-4.593e-05,-4.7049e-05,-4.8198e-05,-4.937e-05,-5.056e-05,-5.1761e-05,-5.2966e-05,-5.4166e-05,-5.5353e-05,-5.6517e-05,-5.7649e-05,-5.8738e-05,-5.9771e-05,-6.0739e-05,-6.1627e-05,-6.2425e-05,-6.3117e-05,-6.3691e-05,-6.4133e-05,-6.4429e-05,-6.4567e-05,-6.4531e-05,-6.4312e-05,-6.3894e-05,-6.3265e-05,-6.2415e-05,-6.1334e-05,-6.0015e-05,-5.8452e-05,-5.6642e-05,-5.4587e-05,-5.2288e-05,-4.9753e-05,-4.6994e-05,-4.4026e-05,-4.0871e-05,-3.7557e-05,-3.4115e-05,-3.0585e-05,-2.7011e-05,-2.3443e-05,-1.9937e-05,-1.6549e-05,-1.3342e-05,-1.0377e-05,-7.7122e-06,-5.4038e-06,-3.5001e-06,-2.0405e-06,-1.0528e-06,-5.5228e-07,-5.4009e-07,-1.004e-06,-1.9195e-06,-3.2519e-06,-4.96e-06,-6.999e-06,-9.3153e-06,-1.1704e-05
-3.0134e-05,-3.0621e-05,-3.1109e-05,-3.1563e-05,-3.1983e-05,-3.237e-05,-3.273e-05,-3.3066e-05,-3.3385e-05,-3.3692e-05,-3.3993e-05,-3.4296e-05,-3.4606e-05,-3.493e-05,-3.5275e-05,-3.5644e-05,-3.6045e-05,-3.6482e-05,-3.6959e-05,-3.7479e-05,-3.8047e-05,-3.8663e-05,-3.9332e-05,-4.0053e-05,-4.0827e-05,-4.1656e-05,-4.2537e-05,-4.3472e-05,-4.4456e-05,-4.549e-05,-4.6569e-05,-4.769e-05,-4.8849e-05,-5.0041e-05,-5.1261e-05,-5.2502e-05,-5.3759e-05,-5.5022e-05,-5.6284e-05,-5.7536e-05,-5.8768e-05,-5.9971e-05,-6.1132e-05,-6.224e-05,-6.3283e-05,-6.4248e-05,-6.5122e-05,-6.5891e-05,-6.6541e-05,-6.7057e-05,-6.7426e-05,-6.7632e-05,-6.7661e-05,-6.7503e-05,-6.714e-05,-6.6559e-05,-6.5749e-05,-6.4698e-05,-6.3398e-05,-6.1842e-05,-6.0026e-05,-5.7948e-05,-5.561e-05,-5.3016e-05,-5.0178e-05,-4.7109e-05,-4.383e-05,-4.0367e-05,-3.6751e-05,-3.3022e-05,-2.9225e-05,-2.5411e-05,-2.1637e-05,-1.7965e-05,-1.446e-05,-1.1189e-05,-8.2181e-06,-5.6097e-06,-3.42e-06,-1.696e-06,-4.7301e-07,2.2745e-07,3.9899e-07,5.04e-08,-7.9535e-07,-2.1035e-06,-3.831e-06,-5.9301e-06,-8.3432e-06,-1.0852e-05
-3.1941e-05,-3.2431e-05,-3.2921e-05,-3.3376e-05,-3.3795e-05,-3.418e-05,-3.4534e-05,-3.4862e-05,-3.517e-05,-3.5463e-05,-3.5748e-05,-3.6033e-05,-3.6323e-05,-3.6627e-05,-3.695e-05,-3.7299e-05,-3.768e-05,-3.8098e-05,-3.8557e-05,-3.9063e-05,-3.9619e-05,-4.0226e-05,-4.0889e-05,-4.1608e-05,-4.2385e-05,-4.3219e-05,-4.4111e-05,-4.5059e-05,-4.6063e-05,-4.7119e-05,-4.8226e-05,-4.9379e-05,-5.0574e-05,-5.1807e-05,-5.3072e-05,-5.4362e-05,-5.5671e-05,-5.699e-05,-5.8312e-05,-5.9627e-05,-6.0925e-05,-6.2195e-05,-6.3427e-05,-6.4608e-05,-6.5725e-05,-6.6765e-05,-6.7714e-05,-6.8559e-05,-6.9284e-05,-6.9874e-05,-7.0314e-05,-7.059e-05,-7.0685e-05,-7.0586e-05,-7.0279e-05,-6.9748e-05,-6.898e-05,-6.7962e-05,-6.6685e-05,-6.514e-05,-6.3322e-05,-6.1226e-05,-5.8853e-05,-5.6207e-05,-5.3296e-05,-5.0132e-05,-4.6735e-05,-4.3129e-05,-3.9344e-05,-3.542e-05,-3.1402e-05,-2.7341e-05,-2.3297e-05,-1.9335e-05,-1.5524e-05,-1.1937e-05,-8.6455e-06,-5.7199e-06,-3.2245e-06,-1.2148e-06,2.6554e-07,1.1878e-06,1.5394e-06,1.3247e-06,5.6426e-07,-7.0745e-07,-2.4459e-06,-4.6007e-06,-7.1098e-06,-9.7413e-06
-3.3783e-05,-3.4279e-05,-3.4774e-05,-3.5232e-05,-3.5652e-05,-3.6034e-05,-3.6382e-05,-3.67e-05,-3.6994e-05,-3.7269e-05,-3.7535e-05,-3.7796e-05,-3.8062e-05,-3.8339e-05,-3.8635e-05,-3.8957e-05,-3.9311e-05,-3.9704e-05,-4.014e-05,-4.0625e-05,-4.1162e-05,-4.1755e-05,-4.2406e-05,-4.3117e-05,-4.389e-05,-4.4726e-05,-4.5623e-05,-4.6581e-05,-4.76e-05,-4.8675e-05,-4.9805e-05,-5.0987e-05,-5.2215e-05,-5.3485e-05,-5.4791e-05,-5.6127e-05,-5.7485e-05,-5.8858e-05,-6.0237e-05,-6.1612e-05,-6.2973e-05,-6.4309e-05,-6.5609e-05,-6.686e-05,-6.8049e-05,-6.9162e-05,-7.0185e-05,-7.1103e-05,-7.1901e-05,-7.2563e-05,-7.3074e-05,-7.3418e-05,-7.3578e-05,-7.3539e-05,-7.3289e-05,-7.2808e-05,-7.2082e-05,-7.1099e-05,-6.9847e-05,-6.8316e-05,-6.6498e-05,-6.4389e-05,-6.1986e-05,-5.9293e-05,-5.6314e-05,-5.3061e-05,-4.9551e-05,-4.5807e-05,-4.1859e-05,-3.7744e-05,-3.3507e-05,-2.9201e-05,-2.4887e-05,-2.0631e-05,-1.6508e-05,-1.2594e-05,-8.9679e-06,-5.7085e-06,-2.8882e-06,-5.7151e-07,1.1889e-06,2.3557e-06,2.9091e-06,2.8482e-06,2.1902e-06,9.6841e-07,-7.7159e-07,-2.9766e-06,-5.5803e-06,-8.3367e-06
-3.5661e-05,-3.6166e-05,-3.6669e-05,-3.7133e-05,-3.7554e-05,-3.7934e-05,-3.8275e-05,-3.8581e-05,-3.8858e-05,-3.9112e-05,-3.9352e-05,-3.9585e-05,-3.9819e-05,-4.0063e-05,-4.0325e-05,-4.0613e-05,-4.0933e-05,-4.1294e-05,-4.1699e-05,-4.2156e-05,-4.2668e-05,-4.324e-05,-4.3873e-05,-4.4572e-05,-4.5336e-05,-4.6166e-05,-4.7064e-05,-4.8028e-05,-4.9056e-05,-5.0146e-05,-5.1296e-05,-5.2502e-05,-5.3759e-05,-5.5063e-05,-5.6407e-05,-5.7785e-05,-5.919e-05,-6.0613e-05,-6.2045e-05,-6.3478e-05,-6.4899e-05,-6.6298e-05,-6.7663e-05,-6.8981e-05,-7.0239e-05,-7.1422e-05,-7.2517e-05,-7.3506e-05,-7.4375e-05,-7.5108e-05,-7.5687e-05,-7.6097e-05,-7.632e-05,-7.634e-05,-7.6145e-05,-7.5714e-05,-7.5031e-05,-7.4083e-05,-7.2856e-05,-7.134e-05,-6.9525e-05,-6.7405e-05,-6.4976e-05,-6.2239e-05,-5.9197e-05,-5.586e-05,-5.2242e-05,-4.8366e-05,-4.4259e-05,-3.9957e-05,-3.5506e-05,-3.0956e-05,-2.6371e-05,-2.1819e-05,-1.7377e-05,-1.3127e-05,-9.1552e-06,-5.5462e-06,-2.382e-06,2.6305e-07,2.3265e-06,3.7614e-06,4.5398e-06,4.654e-06,4.1168e-06,2.9597e-06,1.2289e-06,-1.0201e-06,-3.7165e-06,-6.5996e-06
-3.7575e-05,-3.8094e-05,-3.8609e-05,-3.9081e-05,-3.9506e-05,-3.9883e-05,-4.0216e-05,-4.0507e-05,-4.0764e-05,-4.0992e-05,-4.1201e-05,-4.1399e-05,-4.1595e-05,-4.1798e-05,-4.2018e-05,-4.2264e-05,-4.2543e-05,-4.2862e-05,-4.323e-05,-4.3651e-05,-4.4131e-05,-4.4674e-05,-4.5283e-05,-4.5962e-05,-4.6711e-05,-4.7532e-05,-4.8424e-05,-4.9388e-05,-5.0421e-05,-5.1522e-05,-5.2687e-05,-5.3914e-05,-5.5196e-05,-5.653e-05,-5.7909e-05,-5.9326e-05,-6.0773e-05,-6.2243e-05,-6.3726e-05,-6.5212e-05,-6.6691e-05,-6.8149e-05,-6.9577e-05,-7.0959e-05,-7.2283e-05,-7.3533e-05,-7.4695e-05,-7.5753e-05,-7.669e-05,-7.749e-05,-7.8135e-05,-7.8608e-05,-7.8892e-05,-7.8969e-05,-7.8826e-05,-7.8442e-05,-7.7801e-05,-7.6887e-05,-7.5685e-05,-7.4184e-05,-7.2373e-05,-7.0243e-05,-6.779e-05,-6.5011e-05,-6.1909e-05,-5.8492e-05,-5.4771e-05,-5.0767e-05,-4.6506e-05,-4.2021e-05,-3.7358e-05,-3.2567e-05,-2.7711e-05,-2.2861e-05,-1.8096e-05,-1.3503e-05,-9.1732e-06,-5.1996e-06,-1.6732e-06,1.3216e-06,3.7114e-06,5.4389e-06,6.4663e-06,6.7782e-06,6.3819e-06,5.3059e-06,3.5961e-06,1.3105e-06,-1.476e-06,-4.4874e-06
-3.9527e-05,-4.0065e-05,-4.0597e-05,-4.108e-05,-4.151e-05,-4.1885e-05,-4.2208e-05,-4.2482e-05,-4.2714e-05,-4.2911e-05,-4.3082e-05,-4.3237e-05,-4.3387e-05,-4.3541e-05,-4.3711e-05,-4.3905e-05,-4.4133e-05,-4.4403e-05,-4.4724e-05,-4.5101e-05,-4.5541e-05,-4.6048e-05,-4.6627e-05,-4.7279e-05,-4.8007e-05,-4.8811e-05,-4.9694e-05,-5.0652e-05,-5.1686e-05,-5.2793e-05,-5.3969e-05,-5.5212e-05,-5.6516e-05,-5.7876e-05,-5.9285e-05,-6.0737e-05,-6.2225e-05,-6.3738e-05,-6.5268e-05,-6.6805e-05,-6.8336e-05,-6.9852e-05,-7.1338e-05,-7.2781e-05,-7.4167e-05,-7.5481e-05,-7.6707e-05,-7.7829e-05,-7.883e-05,-7.9694e-05,-8.0401e-05,-8.0935e-05,-8.1276e-05,-8.1408e-05,-8.1312e-05,-8.0974e-05,-8.0371e-05,-7.9489e-05,-7.831e-05,-7.6823e-05,-7.5014e-05,-7.2874e-05,-7.0397e-05,-6.7578e-05,-6.4417e-05,-6.0922e-05,-5.7101e-05,-5.2972e-05,-4.8559e-05,-4.3896e-05,-3.9024e-05,-3.3994e-05,-2.8868e-05,-2.3718e-05,-1.8626e-05,-1.3682e-05,-8.9841e-06,-4.6316e-06,-7.2495e-07,2.6407e-06,5.3806e-06,7.4258e-06,8.7277e-06,9.2614e-06,9.0275e-06,8.0504e-06,6.3751e-06,4.0611e-06,1.1877e-06,-1.9532e-06
-4.1519e-05,-4.2082e-05,-4.2636e-05,-4.3135e-05,-4.3572e-05,-4.3945e-05,-4.4257e-05,-4.451e-05,-4.4712e-05,-4.487e-05,-4.4996e-05,-4.51e-05,-4.5194e-05,-4.529e-05,-4.5398e-05,-4.5531e-05,-4.5699e-05,-4.5911e-05,-4.6175e-05,-4.65e-05,-4.6892e-05,-4.7355e-05,-4.7894e-05,-4.8513e-05,-4.9214e-05,-4.9997e-05,-5.0863e-05,-5.1811e-05,-5.2841e-05,-5.3949e-05,-5.5132e-05,-5.6387e-05,-5.7708e-05,-5.909e-05,-6.0527e-05,-6.2011e-05,-6.3534e-05,-6.5088e-05,-6.6661e-05,-6.8245e-05,-6.9827e-05,-7.1394e-05,-7.2935e-05,-7.4435e-05,-7.588e-05,-7.7253e-05,-7.854e-05,-7.9723e-05,-8.0784e-05,-8.1707e-05,-8.2472e-05,-8.3061e-05,-8.3456e-05,-8.3637e-05,-8.3586e-05,-8.3289e-05,-8.2721e-05,-8.1866e-05,-8.0708e-05,-7.9231e-05,-7.7422e-05,-7.527e-05,-7.2767e-05,-6.9907e-05,-6.6688e-05,-6.3114e-05,-5.9194e-05,-5.4942e-05,-5.038e-05,-4.554e-05,-4.0461e-05,-3.5193e-05,-2.9798e-05,-2.4347e-05,-1.8924e-05,-1.3623e-05,-8.5465e-06,-3.8011e-06,5.0332e-07,4.261e-06,7.3752e-06,9.7642e-06,1.1367e-05,1.2148e-05,1.21e-05,1.1241e-05,9.6152e-06,7.2823e-06,4.3258e-06,1.0542e-06
-4.3554e-05,-4.4151e-05,-4.4734e-05,-4.5253e-05,-4.5699e-05,-4.607e-05,-4.6367e-05,-4.6595e-05,-4.676e-05,-4.6873e-05,-4.6945e-05,-4.6988e-05,-4.7015e-05,-4.7041e-05,-4.7078e-05,-4.7139e-05,-4.7235e-05,-4.7378e-05,-4.7577e-05,-4.784e-05,-4.8174e-05,-4.8585e-05,-4.9078e-05,-4.9657e-05,-5.0323e-05,-5.1078e-05,-5.1923e-05,-5.2856e-05,-5.3876e-05,-5.4981e-05,-5.6167e-05,-5.743e-05,-5.8765e-05,-6.0166e-05,-6.1626e-05,-6.3138e-05,-6.4694e-05,-6.6284e-05,-6.7897e-05,-6.9524e-05,-7.1152e-05,-7.2769e-05,-7.4361e-05,-7.5914e-05,-7.7413e-05,-7.8842e-05,-8.0184e-05,-8.1423e-05,-8.254e-05,-8.3517e-05,-8.4335e-05,-8.4976e-05,-8.5418e-05,-8.5644e-05,-8.5633e-05,-8.5371e-05,-8.4833e-05,-8.4001e-05,-8.2858e-05,-8.1387e-05,-7.9574e-05,-7.7406e-05,-7.4874e-05,-7.1969e-05,-6.869e-05,-6.5036e-05,-6.1016e-05,-5.664e-05,-5.193e-05,-4.6913e-05,-4.1628e-05,-3.6122e-05,-3.0456e-05,-2.4703e-05,-1.8945e-05,-1.3281e-05,-7.8153e-06,-2.6636e-06,2.0564e-06,6.2276e-06,9.7407e-06,1.25e-05,1.4432e-05,1.5488e-05,1.5651e-05,1.4932e-05,1.3371e-05,1.103e-05,7.995e-06,4.5917e-06
-4.5639e-05,-4.6278e-05,-4.6897e-05,-4.7441e-05,-4.7898e-05,-4.8267e-05,-4.8547e-05,-4.8744e-05,-4.8866e-05,-4.8924e-05,-4.893e-05,-4.8901e-05,-4.885e-05,-4.8793e-05,-4.8746e-05,-4.8723e-05,-4.8736e-05,-4.8798e-05,-4.892e-05,-4.9111e-05,-4.9379e-05,-4.973e-05,-5.0169e-05,-5.07e-05,-5.1325e-05,-5.2047e-05,-5.2864e-05,-5.3777e-05,-5.4783e-05,-5.588e-05,-5.7065e-05,-5.8332e-05,-5.9677e-05,-6.1093e-05,-6.2574e-05,-6.4111e-05,-6.5696e-05,-6.7318e-05,-6.8969e-05,-7.0635e-05,-7.2306e-05,-7.3968e-05,-7.5607e-05,-7.7209e-05,-7.8758e-05,-8.0238e-05,-8.1631e-05,-8.2921e-05,-8.4089e-05,-8.5115e-05,-8.5981e-05,-8.6667e-05,-8.7152e-05,-8.7416e-05,-8.744e-05,-8.7206e-05,-8.6691e-05,-8.5877e-05,-8.4742e-05,-8.3271e-05,-8.1448e-05,-7.9259e-05,-7.6692e-05,-7.3739e-05,-7.0394e-05,-6.6657e-05,-6.2533e-05,-5.8031e-05,-5.317e-05,-4.7975e-05,-4.2482e-05,-3.6737e-05,-3.0799e-05,-2.4739e-05,-1.8642e-05,-1.2607e-05,-6.7426e-06,-1.1705e-06,3.9828e-06,8.5895e-06,1.2527e-05,1.5685e-05,1.7976e-05,1.9336e-05,1.9736e-05,1.918e-05,1.7704e-05,1.5366e-05,1.2258e-05,8.7216e-06
-4.778e-05,-4.8472e-05,-4.9136e-05,-4.971e-05,-5.0182e-05,-5.0547e-05,-5.0806e-05,-5.0966e-05,-5.1035e-05,-5.1026e-05,-5.0956e-05,-5.084e-05,-5.0697e-05,-5.0544e-05,-5.0399e-05,-5.0278e-05,-5.0195e-05,-5.0165e-05,-5.0199e-05,-5.0308e-05,-5.05e-05,-5.0781e-05,-5.1158e-05,-5.1634e-05,-5.2213e-05,-5.2894e-05,-5.3679e-05,-5.4566e-05,-5.5554e-05,-5.664e-05,-5.7819e-05,-5.9088e-05,-6.0439e-05,-6.1867e-05,-6.3365e-05,-6.4923e-05,-6.6534e-05,-6.8186e-05,-6.987e-05,-7.1573e-05,-7.3282e-05,-7.4986e-05,-7.6668e-05,-7.8314e-05,-7.9909e-05,-8.1435e-05,-8.2875e-05,-8.4211e-05,-8.5423e-05,-8.6494e-05,-8.7401e-05,-8.8126e-05,-8.8647e-05,-8.8944e-05,-8.8995e-05,-8.8782e-05,-8.8284e-05,-8.7479e-05,-8.6346e-05,-8.4868e-05,-8.3027e-05,-8.0809e-05,-7.8201e-05,-7.5191e-05,-7.1775e-05,-6.7949e-05,-6.3715e-05,-5.9082e-05,-5.4065e-05,-4.8688e-05,-4.2983e-05,-3.6995e-05,-3.0781e-05,-2.441e-05,-1.7967e-05,-1.1552e-05,-5.2777e-06,7.2958e-07,6.335e-06,1.14e-05,1.5788e-05,1.9375e-05,2.2056e-05,2.3751e-05,2.4419e-05,2.4052e-05,2.2679e-05,2.0358e-05,1.7183e-05,1.3513e-05
-4.9987e-05,-5.0745e-05,-5.1465e-05,-5.2075e-05,-5.2563e-05,-5.2923e-05,-5.3156e-05,-5.3269e-05,-5.3275e-05,-5.3187e-05,-5.3025e-05,-5.2807e-05,-5.2556e-05,-5.2291e-05,-5.2033e-05,-5.1799e-05,-5.1607e-05,-5.1471e-05,-5.1405e-05,-5.1421e-05,-5.1526e-05,-5.173e-05,-5.2037e-05,-5.2451e-05,-5.2976e-05,-5.3612e-05,-5.4359e-05,-5.5217e-05,-5.6183e-05,-5.7253e-05,-5.8423e-05,-5.9689e-05,-6.1044e-05,-6.2481e-05,-6.3993e-05,-6.557e-05,-6.7203e-05,-6.8882e-05,-7.0596e-05,-7.2332e-05,-7.4077e-05,-7.5818e-05,-7.7539e-05,-7.9226e-05,-8.0862e-05,-8.2429e-05,-8.3911e-05,-8.5287e-05,-8.6539e-05,-8.7647e-05,-8.859e-05,-8.9348e-05,-8.9898e-05,-9.022e-05,-9.0292e-05,-9.0091e-05,-8.9602e-05,-8.8798e-05,-8.7658e-05,-8.6164e-05,-8.4297e-05,-8.2041e-05,-7.9382e-05,-7.6308e-05,-7.2811e-05,-6.8886e-05,-6.4535e-05,-5.9763e-05,-5.4583e-05,-4.9016e-05,-4.3093e-05,-3.6856e-05,-3.0358e-05,-2.3669e-05,-1.6871e-05,-1.0066e-05,-3.3682e-06,3.0906e-06,9.1684e-06,1.4716e-05,1.9584e-05,2.3631e-05,2.6735e-05,2.8801e-05,2.9769e-05,2.9619e-05,2.8372e-05,2.6082e-05,2.2846e-05,1.9041e-05
-5.2273e-05,-5.3113e-05,-5.3899e-05,-5.4554e-05,-5.506e-05,-5.5411e-05,-5.5611e-05,-5.5668e-05,-5.5595e-05,-5.5413e-05,-5.5141e-05,-5.4805e-05,-5.4427e-05,-5.4033e-05,-5.3643e-05,-5.3281e-05,-5.2964e-05,-5.2709e-05,-5.2531e-05,-5.2441e-05,-5.2451e-05,-5.2567e-05,-5.2796e-05,-5.3142e-05,-5.3607e-05,-5.4192e-05,-5.4898e-05,-5.5722e-05,-5.6661e-05,-5.7713e-05,-5.8872e-05,-6.0132e-05,-6.1488e-05,-6.2932e-05,-6.4454e-05,-6.6048e-05,-6.7701e-05,-6.9404e-05,-7.1144e-05,-7.291e-05,-7.4687e-05,-7.6462e-05,-7.8219e-05,-7.9942e-05,-8.1614e-05,-8.3218e-05,-8.4736e-05,-8.6147e-05,-8.7433e-05,-8.8573e-05,-8.9545e-05,-9.0328e-05,-9.09e-05,-9.1239e-05,-9.1323e-05,-9.1128e-05,-9.0639e-05,-8.9826e-05,-8.8669e-05,-8.7149e-05,-8.5245e-05,-8.2941e-05,-8.0221e-05,-7.7071e-05,-7.3483e-05,-6.945e-05,-6.497e-05,-6.0048e-05,-5.4695e-05,-4.8928e-05,-4.2777e-05,-3.628e-05,-2.9489e-05,-2.247e-05,-1.5306e-05,-8.0975e-06,-9.6099e-07,5.9684e-06,1.2541e-05,1.8599e-05,2.3977e-05,2.8519e-05,3.2084e-05,3.4557e-05,3.586e-05,3.5959e-05,3.4864e-05,3.2623e-05,2.9333e-05,2.5392e-05
-5.4656e-05,-5.5595e-05,-5.6462e-05,-5.7167e-05,-5.7693e-05,-5.8032e-05,-5.8189e-05,-5.8176e-05,-5.8009e-05,-5.7712e-05,-5.7311e-05,-5.6834e-05,-5.631e-05,-5.5765e-05,-5.5226e-05,-5.4717e-05,-5.4259e-05,-5.387e-05,-5.3566e-05,-5.3361e-05,-5.3265e-05,-5.3285e-05,-5.3429e-05,-5.3699e-05,-5.4099e-05,-5.4629e-05,-5.5288e-05,-5.6074e-05,-5.6985e-05,-5.8015e-05,-5.916e-05,-6.0413e-05,-6.1767e-05,-6.3214e-05,-6.4746e-05,-6.6353e-05,-6.8025e-05,-6.9749e-05,-7.1514e-05,-7.3307e-05,-7.5113e-05,-7.6918e-05,-7.8707e-05,-8.0462e-05,-8.2166e-05,-8.3802e-05,-8.5351e-05,-8.6792e-05,-8.8105e-05,-8.9269e-05,-9.0263e-05,-9.1064e-05,-9.165e-05,-9.1998e-05,-9.2084e-05,-9.1886e-05,-9.1386e-05,-9.0555e-05,-8.9373e-05,-8.7816e-05,-8.5865e-05,-8.3502e-05,-8.0708e-05,-7.747e-05,-7.3778e-05,-6.9623e-05,-6.5002e-05,-5.9917e-05,-5.4376e-05,-4.8397e-05,-4.2004e-05,-3.5234e-05,-2.8136e-05,-2.0773e-05,-1.3228e-05,-5.598e-06,1.997e-06,9.4196e-06,1.6514e-05,2.3111e-05,2.9035e-05,3.4111e-05,3.8178e-05,4.11e-05,4.278e-05,4.3163e-05,4.2247e-05,4.0074e-05,3.6739e-05,3.2658e-05
-5.7158e-05,-5.8216e-05,-5.918e-05,-5.9944e-05,-6.049e-05,-6.081e-05,-6.0912e-05,-6.0811e-05,-6.0529e-05,-6.0095e-05,-5.954e-05,-5.8899e-05,-5.8203e-05,-5.7486e-05,-5.6776e-05,-5.6101e-05,-5.5485e-05,-5.4946e-05,-5.4504e-05,-5.4171e-05,-5.3958e-05,-5.3875e-05,-5.3925e-05,-5.4115e-05,-5.4445e-05,-5.4915e-05,-5.5524e-05,-5.627e-05,-5.7149e-05,-5.8155e-05,-5.9284e-05,-6.0527e-05,-6.1878e-05,-6.3329e-05,-6.4868e-05,-6.6488e-05,-6.8175e-05,-6.9918e-05,-7.1705e-05,-7.3522e-05,-7.5354e-05,-7.7187e-05,-7.9003e-05,-8.0786e-05,-8.2519e-05,-8.4182e-05,-8.5756e-05,-8.7221e-05,-8.8556e-05,-8.9739e-05,-9.0748e-05,-9.156e-05,-9.2151e-05,-9.25e-05,-9.258e-05,-9.2369e-05,-9.1846e-05,-9.0987e-05,-8.9765e-05,-8.8159e-05,-8.6147e-05,-8.3711e-05,-8.0832e-05,-7.7495e-05,-7.3686e-05,-6.9396e-05,-6.4617e-05,-5.9353e-05,-5.3611e-05,-4.7402e-05,-4.075e-05,-3.3689e-05,-2.6266e-05,-1.8541e-05,-1.0593e-05,-2.521e-06,5.5569e-06,1.35e-05,2.1147e-05,2.8321e-05,3.483e-05,4.0483e-05,4.5099e-05,4.8518e-05,5.0619e-05,5.1328e-05,5.0624e-05,4.854e-05,4.5169e-05,4.0946e-05
-5.9807e-05,-6.101e-05,-6.2088e-05,-6.292e-05,-6.3484e-05,-6.3776e-05,-6.3806e-05,-6.3594e-05,-6.3172e-05,-6.2572e-05,-6.1835e-05,-6.1e-05,-6.0107e-05,-5.9191e-05,-5.8288e-05,-5.7426e-05,-5.6633e-05,-5.5929e-05,-5.5334e-05,-5.4862e-05,-5.4523e-05,-5.4327e-05,-5.4279e-05,-5.4382e-05,-5.4637e-05,-5.5044e-05,-5.5601e-05,-5.6305e-05,-5.715e-05,-5.8131e-05,-5.9242e-05,-6.0475e-05,-6.1823e-05,-6.3274e-05,-6.482e-05,-6.645e-05,-6.8151e-05,-6.9912e-05,-7.1719e-05,-7.3557e-05,-7.5413e-05,-7.7269e-05,-7.911e-05,-8.0918e-05,-8.2674e-05,-8.436e-05,-8.5954e-05,-8.7438e-05,-8.8788e-05,-8.9983e-05,-9.1e-05,-9.1816e-05,-9.2406e-05,-9.2746e-05,-9.2812e-05,-9.2579e-05,-9.2023e-05,-9.1123e-05,-8.9851e-05,-8.8183e-05,-8.6097e-05,-8.3574e-05,-8.0593e-05,-7.7138e-05,-7.3195e-05,-6.8753e-05,-6.3806e-05,-5.8348e-05,-5.2385e-05,-4.5927e-05,-3.8997e-05,-3.1624e-05,-2.3853e-05,-1.5742e-05,-7.3673e-06,1.1749e-06,9.7659e-06,1.8263e-05,2.6501e-05,3.4293e-05,4.1434e-05,4.7717e-05,5.2936e-05,5.6907e-05,5.9483e-05,6.0564e-05,6.0111e-05,5.8142e-05,5.4745e-05,5.0374e-05
-6.2641e-05,-6.4019e-05,-6.5231e-05,-6.6138e-05,-6.6717e-05,-6.6966e-05,-6.6902e-05,-6.6552e-05,-6.5956e-05,-6.5157e-05,-6.4204e-05,-6.3142e-05,-6.2019e-05,-6.0877e-05,-5.9754e-05,-5.8683e-05,-5.7694e-05,-5.6808e-05,-5.6047e-05,-5.5424e-05,-5.495e-05,-5.4635e-05,-5.4481e-05,-5.4493e-05,-5.4671e-05,-5.5012e-05,-5.5515e-05,-5.6174e-05,-5.6985e-05,-5.7941e-05,-5.9034e-05,-6.0257e-05,-6.1599e-05,-6.3051e-05,-6.4603e-05,-6.6242e-05,-6.7956e-05,-6.9733e-05,-7.1557e-05,-7.3416e-05,-7.5292e-05,-7.7169e-05,-7.9031e-05,-8.086e-05,-8.2636e-05,-8.4339e-05,-8.595e-05,-8.7446e-05,-8.8806e-05,-9.0007e-05,-9.1026e-05,-9.1837e-05,-9.2418e-05,-9.2741e-05,-9.2784e-05,-9.2519e-05,-9.1921e-05,-9.097e-05,-8.9636e-05,-8.7894e-05,-8.5721e-05,-8.3096e-05,-7.9999e-05,-7.641e-05,-7.2315e-05,-6.7702e-05,-6.2561e-05,-5.6888e-05,-5.0688e-05,-4.3964e-05,-3.6735e-05,-2.9025e-05,-2.088e-05,-1.2355e-05,-3.5218e-06,5.5241e-06,1.4665e-05,2.3758e-05,3.2633e-05,4.1094e-05,4.8924e-05,5.5897e-05,6.1783e-05,6.6372e-05,6.9485e-05,7.0996e-05,7.0839e-05,6.9014e-05,6.5603e-05,6.1078e-05
-6.571e-05,-6.7298e-05,-6.8666e-05,-6.9656e-05,-7.0241e-05,-7.0427e-05,-7.0238e-05,-6.9714e-05,-6.8905e-05,-6.7865e-05,-6.6653e-05,-6.5327e-05,-6.3939e-05,-6.2538e-05,-6.1167e-05,-5.9863e-05,-5.8657e-05,-5.7573e-05,-5.6632e-05,-5.5847e-05,-5.523e-05,-5.4788e-05,-5.4526e-05,-5.4443e-05,-5.454e-05,-5.4815e-05,-5.5262e-05,-5.5877e-05,-5.6654e-05,-5.7584e-05,-5.8659e-05,-5.9871e-05,-6.1209e-05,-6.2662e-05,-6.4218e-05,-6.5866e-05,-6.7593e-05,-6.9384e-05,-7.1225e-05,-7.31e-05,-7.4995e-05,-7.6891e-05,-7.8771e-05,-8.0617e-05,-8.2408e-05,-8.4125e-05,-8.5747e-05,-8.7251e-05,-8.8616e-05,-8.9816e-05,-9.0829e-05,-9.163e-05,-9.2193e-05,-9.2492e-05,-9.2502e-05,-9.2196e-05,-9.1548e-05,-9.0534e-05,-8.9126e-05,-8.7299e-05,-8.5026e-05,-8.2287e-05,-7.9058e-05,-7.532e-05,-7.1057e-05,-6.6253e-05,-6.0899e-05,-5.4988e-05,-4.8522e-05,-4.1504e-05,-3.3951e-05,-2.5885e-05,-1.734e-05,-8.3659e-06,9.6097e-07,1.0551e-05,2.0288e-05,3.0027e-05,3.9594e-05,4.8786e-05,5.7374e-05,6.5111e-05,7.1743e-05,7.7028e-05,8.0755e-05,8.2763e-05,8.2957e-05,8.1314e-05,7.7902e-05,7.3215e-05
-6.9076e-05,-7.0917e-05,-7.2467e-05,-7.3543e-05,-7.4121e-05,-7.4215e-05,-7.3862e-05,-7.3116e-05,-7.2041e-05,-7.071e-05,-6.9191e-05,-6.7554e-05,-6.586e-05,-6.4165e-05,-6.2516e-05,-6.0954e-05,-5.951e-05,-5.8211e-05,-5.7077e-05,-5.6121e-05,-5.5353e-05,-5.478e-05,-5.4404e-05,-5.4225e-05,-5.4241e-05,-5.4448e-05,-5.484e-05,-5.5412e-05,-5.6155e-05,-5.706e-05,-5.8119e-05,-5.9321e-05,-6.0654e-05,-6.2108e-05,-6.367e-05,-6.5327e-05,-6.7064e-05,-6.8869e-05,-7.0725e-05,-7.2617e-05,-7.4528e-05,-7.644e-05,-7.8336e-05,-8.0195e-05,-8.1998e-05,-8.3725e-05,-8.5353e-05,-8.686e-05,-8.8223e-05,-8.9417e-05,-9.0419e-05,-9.1202e-05,-9.174e-05,-9.2007e-05,-9.1976e-05,-9.162e-05,-9.0911e-05,-8.9826e-05,-8.8334e-05,-8.6409e-05,-8.4025e-05,-8.1158e-05,-7.7783e-05,-7.3882e-05,-6.9433e-05,-6.4422e-05,-5.8836e-05,-5.2666e-05,-4.591e-05,-3.8572e-05,-3.0662e-05,-2.2202e-05,-1.3226e-05,-3.7743e-06,6.0858e-06,1.6267e-05,2.6653e-05,3.7098e-05,4.7426e-05,5.7426e-05,6.6856e-05,7.5448e-05,8.2922e-05,8.9001e-05,9.3436e-05,9.6026e-05,9.6638e-05,9.5222e-05,9.1827e-05,8.6964e-05
-7.2825e-05,-7.4968e-05,-7.6728e-05,-7.7891e-05,-7.8439e-05,-7.8398e-05,-7.7826e-05,-7.6796e-05,-7.5394e-05,-7.3708e-05,-7.1824e-05,-6.9823e-05,-6.7777e-05,-6.5749e-05,-6.3789e-05,-6.1941e-05,-6.0239e-05,-5.8709e-05,-5.7369e-05,-5.6233e-05,-5.5308e-05,-5.46e-05,-5.4109e-05,-5.3832e-05,-5.3767e-05,-5.3908e-05,-5.4247e-05,-5.4777e-05,-5.5488e-05,-5.6371e-05,-5.7415e-05,-5.8608e-05,-5.9939e-05,-6.1394e-05,-6.2962e-05,-6.4628e-05,-6.6377e-05,-6.8195e-05,-7.0065e-05,-7.1972e-05,-7.3897e-05,-7.5823e-05,-7.7731e-05,-7.9601e-05,-8.1413e-05,-8.3145e-05,-8.4775e-05,-8.628e-05,-8.7637e-05,-8.8819e-05,-8.9803e-05,-9.0562e-05,-9.1068e-05,-9.1296e-05,-9.1217e-05,-9.0802e-05,-9.0025e-05,-8.8859e-05,-8.7273e-05,-8.524e-05,-8.2733e-05,-7.9726e-05,-7.6194e-05,-7.2115e-05,-6.7466e-05,-6.2231e-05,-5.6395e-05,-4.9946e-05,-4.2879e-05,-3.5194e-05,-2.6899e-05,-1.8011e-05,-8.5589e-06,1.4156e-06,1.185e-05,2.2669e-05,3.3765e-05,4.4987e-05,5.6157e-05,6.7058e-05,7.7433e-05,8.6993e-05,9.5429e-05,0.00010242,0.00010769,0.00011096,0.00011208,0.00011095,0.0001076,0.00010254
-7.7066e-05,-7.9573e-05,-8.1571e-05,-8.2814e-05,-8.3294e-05,-8.3061e-05,-8.2196e-05,-8.0802e-05,-7.8991e-05,-7.6874e-05,-7.4555e-05,-7.2129e-05,-6.9679e-05,-6.7273e-05,-6.4968e-05,-6.2808e-05,-6.0826e-05,-5.9049e-05,-5.7493e-05,-5.617e-05,-5.5084e-05,-5.4239e-05,-5.3633e-05,-5.326e-05,-5.3116e-05,-5.3192e-05,-5.3481e-05,-5.3972e-05,-5.4655e-05,-5.5518e-05,-5.6549e-05,-5.7736e-05,-5.9066e-05,-6.0525e-05,-6.21e-05,-6.3775e-05,-6.5536e-05,-6.7367e-05,-6.9251e-05,-7.1171e-05,-7.3109e-05,-7.5047e-05,-7.6965e-05,-7.8843e-05,-8.066e-05,-8.2394e-05,-8.4022e-05,-8.5521e-05,-8.6866e-05,-8.8032e-05,-8.8992e-05,-8.9721e-05,-9.019e-05,-9.0372e-05,-9.0237e-05,-8.9758e-05,-8.8904e-05,-8.7648e-05,-8.5961e-05,-8.3811e-05,-8.1172e-05,-7.8015e-05,-7.4315e-05,-7.0045e-05,-6.5184e-05,-5.9711e-05,-5.3608e-05,-4.6862e-05,-3.9463e-05,-3.1407e-05,-2.27e-05,-1.3352e-05,-3.387e-06,7.1576e-06,1.8227e-05,2.9744e-05,4.161e-05,5.3689e-05,6.5797e-05,7.771e-05,8.9157e-05,9.9826e-05,0.00010937,0.00011744,0.00012368,0.00012779,0.00012953,0.00012876,0.00012547,0.00012021
-8.1948e-05,-8.489e-05,-8.7156e-05,-8.846e-05,-8.8814e-05,-8.8303e-05,-8.7045e-05,-8.5183e-05,-8.2861e-05,-8.0218e-05,-7.7381e-05,-7.446e-05,-7.1547e-05,-6.8717e-05,-6.603e-05,-6.353e-05,-6.125e-05,-5.9212e-05,-5.7432e-05,-5.5916e-05,-5.4668e-05,-5.3687e-05,-5.2967e-05,-5.2501e-05,-5.2281e-05,-5.2298e-05,-5.2541e-05,-5.2998e-05,-5.3656e-05,-5.4503e-05,-5.5525e-05,-5.671e-05,-5.8041e-05,-5.9506e-05,-6.109e-05,-6.2776e-05,-6.4549e-05,-6.6393e-05,-6.829e-05,-7.0222e-05,-7.2172e-05,-7.412e-05,-7.6047e-05,-7.793e-05,-7.9749e-05,-8.1482e-05,-8.3104e-05,-8.4593e-05,-8.5922e-05,-8.7066e-05,-8.7999e-05,-8.8693e-05,-8.9119e-05,-8.9249e-05,-8.9053e-05,-8.8503e-05,-8.7566e-05,-8.6215e-05,-8.4419e-05,-8.2146e-05,-7.9367e-05,-7.6053e-05,-7.2175e-05,-6.7707e-05,-6.2623e-05,-5.69e-05,-5.0518e-05,-4.3459e-05,-3.5711e-05,-2.7264e-05,-1.8119e-05,-8.281e-06,2.2326e-06,1.3392e-05,2.5149e-05,3.7436e-05,5.0156e-05,6.3175e-05,7.6329e-05,8.9385e-05,0.00010206,0.00011401,0.00012486,0.0001342,0.00014162,0.00014674,0.00014925,0.00014895,0.00014577,0.00014027
-8.767e-05,-9.1135e-05,-9.3692e-05,-9.5016e-05,-9.5156e-05,-9.4244e-05,-9.2458e-05,-8.999e-05,-8.7027e-05,-8.3744e-05,-8.029e-05,-7.6793e-05,-7.3353e-05,-7.005e-05,-6.6944e-05,-6.4078e-05,-6.1481e-05,-5.9173e-05,-5.7162e-05,-5.5453e-05,-5.4044e-05,-5.293e-05,-5.2101e-05,-5.1547e-05,-5.1259e-05,-5.1223e-05,-5.1426e-05,-5.1854e-05,-5.2494e-05,-5.333e-05,-5.4348e-05,-5.5533e-05,-5.687e-05,-5.8343e-05,-5.9937e-05,-6.1636e-05,-6.3422e-05,-6.528e-05,-6.719e-05,-6.9135e-05,-7.1096e-05,-7.3052e-05,-7.4985e-05,-7.6872e-05,-7.8691e-05,-8.0419e-05,-8.2033e-05,-8.3508e-05,-8.4818e-05,-8.5937e-05,-8.6837e-05,-8.7492e-05,-8.7871e-05,-8.7945e-05,-8.7684e-05,-8.7058e-05,-8.6035e-05,-8.4584e-05,-8.2674e-05,-8.0273e-05,-7.7349e-05,-7.3873e-05,-6.9813e-05,-6.5141e-05,-5.9828e-05,-5.3848e-05,-4.7178e-05,-3.9796e-05,-3.1685e-05,-2.2831e-05,-1.3228e-05,-2.874e-06,8.221e-06,2.0036e-05,3.2533e-05,4.5655e-05,5.9314e-05,7.3387e-05,8.7706e-05,0.00010205,0.00011614,0.00012959,0.00014198,0.00015285,0.00016171,0.00016809,0.00017159,0.0001719,0.0001689,0.00016314
-9.4503e-05,-9.8597e-05,-0.00010146,-0.00010273,-0.00010251,-0.00010103,-9.8525e-05,-9.527e-05,-9.1504e-05,-8.744e-05,-8.3255e-05,-7.9091e-05,-7.5055e-05,-7.1228e-05,-6.7668e-05,-6.4413e-05,-6.1486e-05,-5.89e-05,-5.6659e-05,-5.4759e-05,-5.3195e-05,-5.1953e-05,-5.1024e-05,-5.0392e-05,-5.0044e-05,-4.9963e-05,-5.0134e-05,-5.0542e-05,-5.1169e-05,-5.2e-05,-5.3019e-05,-5.421e-05,-5.5556e-05,-5.7042e-05,-5.8649e-05,-6.0362e-05,-6.2164e-05,-6.4036e-05,-6.596e-05,-6.7917e-05,-6.9888e-05,-7.1853e-05,-7.379e-05,-7.5678e-05,-7.7495e-05,-7.9217e-05,-8.082e-05,-8.2279e-05,-8.3567e-05,-8.4658e-05,-8.5524e-05,-8.6136e-05,-8.6465e-05,-8.6481e-05,-8.6152e-05,-8.5448e-05,-8.4335e-05,-8.2782e-05,-8.0757e-05,-7.8226e-05,-7.5157e-05,-7.1516e-05,-6.7273e-05,-6.2395e-05,-5.6851e-05,-5.0612e-05,-4.365e-05,-3.5941e-05,-2.746e-05,-1.819e-05,-8.1149e-06,2.7735e-06,1.4476e-05,2.6982e-05,4.0267e-05,5.4286e-05,6.8967e-05,8.4202e-05,9.9834e-05,0.00011564,0.00013135,0.00014656,0.0001608,0.00017354,0.00018419,0.00019218,0.00019695,0.0001981,0.00019537,0.00018931
-0.00010283,-0.00010767,-0.00011083,-0.00011191,-0.00011112,-0.00010881,-0.00010534,-0.00010106,-9.6284e-05,-9.1272e-05,-8.6224e-05,-8.1292e-05,-7.6589e-05,-7.2189e-05,-6.8144e-05,-6.4482e-05,-6.1218e-05,-5.8356e-05,-5.5889e-05,-5.3806e-05,-5.2095e-05,-5.074e-05,-4.9722e-05,-4.9024e-05,-4.8628e-05,-4.8514e-05,-4.8663e-05,-4.9059e-05,-4.9683e-05,-5.0517e-05,-5.1544e-05,-5.2746e-05,-5.4106e-05,-5.5608e-05,-5.7232e-05,-5.8963e-05,-6.0781e-05,-6.2669e-05,-6.4608e-05,-6.6578e-05,-6.8559e-05,-7.0531e-05,-7.2473e-05,-7.4362e-05,-7.6176e-05,-7.789e-05,-7.948e-05,-8.0921e-05,-8.2186e-05,-8.3247e-05,-8.4077e-05,-8.4646e-05,-8.4924e-05,-8.4881e-05,-8.4483e-05,-8.3701e-05,-8.2499e-05,-8.0844e-05,-7.8704e-05,-7.6045e-05,-7.2832e-05,-6.9031e-05,-6.4607e-05,-5.9526e-05,-5.3755e-05,-4.7261e-05,-4.0011e-05,-3.1977e-05,-2.3128e-05,-1.3439e-05,-2.8882e-06,8.5441e-06,2.087e-05,3.4092e-05,4.8202e-05,6.3174e-05,7.8955e-05,9.5459e-05,0.00011255,0.00013002,0.00014759,0.00016486,0.00018133,0.00019638,0.0002093,0.00021935,0.00022583,0.00022813,0.00022583,0.00021944
-0.00011318,-0.00011892,-0.0001223,-0.00012296,-0.00012127,-0.00011776,-0.00011296,-0.00010735,-0.00010132,-9.5163e-05,-8.9105e-05,-8.3303e-05,-7.7863e-05,-7.2848e-05,-6.8296e-05,-6.422e-05,-6.0621e-05,-5.7491e-05,-5.4809e-05,-5.2561e-05,-5.0722e-05,-4.9269e-05,-4.8181e-05,-4.7433e-05,-4.7003e-05,-4.6869e-05,-4.701e-05,-4.7406e-05,-4.8036e-05,-4.8882e-05,-4.9924e-05,-5.1145e-05,-5.2525e-05,-5.4048e-05,-5.5693e-05,-5.7445e-05,-5.9283e-05,-6.1189e-05,-6.3144e-05,-6.5127e-05,-6.712e-05,-6.91e-05,-7.1046e-05,-7.2936e-05,-7.4746e-05,-7.6453e-05,-7.803e-05,-7.9453e-05,-8.0694e-05,-8.1726e-05,-8.252e-05,-8.3046e-05,-8.3274e-05,-8.3172e-05,-8.2708e-05,-8.1849e-05,-8.0562e-05,-7.8809e-05,-7.656e-05,-7.3778e-05,-7.0428e-05,-6.6473e-05,-6.1877e-05,-5.6602e-05,-5.0614e-05,-4.3874e-05,-3.6348e-05,-2.7999e-05,-1.8792e-05,-8.6944e-06,2.3263e-06,1.43e-05,2.7251e-05,4.1201e-05,5.6159e-05,7.2123e-05,8.9067e-05,0.00010694,0.00012562,0.00014495,0.00016466,0.00018436,0.00020351,0.00022142,0.00023724,0.00025003,0.00025884,0.00026278,0.00026119,0.00025446
-0.00012634,-0.00013313,-0.00013657,-0.00013639,-0.00013327,-0.00012803,-0.00012144,-0.0001141,-0.0001065,-9.8976e-05,-9.1754e-05,-8.4983e-05,-7.8747e-05,-7.3089e-05,-6.8022e-05,-6.3539e-05,-5.9622e-05,-5.6243e-05,-5.3374e-05,-5.0984e-05,-4.9042e-05,-4.7518e-05,-4.638e-05,-4.5603e-05,-4.5159e-05,-4.5022e-05,-4.517e-05,-4.5579e-05,-4.6228e-05,-4.7096e-05,-4.8163e-05,-4.941e-05,-5.0817e-05,-5.2366e-05,-5.4039e-05,-5.5815e-05,-5.7676e-05,-5.9603e-05,-6.1577e-05,-6.3576e-05,-6.5582e-05,-6.7571e-05,-6.9523e-05,-7.1415e-05,-7.3222e-05,-7.4922e-05,-7.6487e-05,-7.7893e-05,-7.9112e-05,-8.0117e-05,-8.0877e-05,-8.1363e-05,-8.1544e-05,-8.1388e-05,-8.0862e-05,-7.9932e-05,-7.8565e-05,-7.6722e-05,-7.4372e-05,-7.1477e-05,-6.8001e-05,-6.3905e-05,-5.915e-05,-5.3698e-05,-4.7508e-05,-4.0542e-05,-3.2757e-05,-2.4114e-05,-1.457e-05,-4.0845e-06,7.3855e-06,1.9881e-05,3.3444e-05,4.8113e-05,6.3921e-05,8.0895e-05,9.9042e-05,0.00011835,0.00013875,0.00016013,0.00018226,0.00020479,0.00022716,0.00024863,0.00026818,0.00028464,0.0002967,0.00030307,0.00030265,0.00029561
-0.00014352,-0.00015147,-0.00015458,-0.00015284,-0.00014747,-0.00013974,-0.00013069,-0.00012114,-0.00011162,-0.00010248,-9.3951e-05,-8.6128e-05,-7.9064e-05,-7.2759e-05,-6.7197e-05,-6.2335e-05,-5.8134e-05,-5.4546e-05,-5.1527e-05,-4.9033e-05,-4.7023e-05,-4.5457e-05,-4.43e-05,-4.3519e-05,-4.3084e-05,-4.2965e-05,-4.3137e-05,-4.3576e-05,-4.4257e-05,-4.516e-05,-4.6263e-05,-4.7545e-05,-4.8987e-05,-5.057e-05,-5.2274e-05,-5.408e-05,-5.5969e-05,-5.7921e-05,-5.9917e-05,-6.1935e-05,-6.3956e-05,-6.5958e-05,-6.7918e-05,-6.9813e-05,-7.1621e-05,-7.3316e-05,-7.4873e-05,-7.6266e-05,-7.7466e-05,-7.8447e-05,-7.9178e-05,-7.9629e-05,-7.9769e-05,-7.9566e-05,-7.8985e-05,-7.7994e-05,-7.6557e-05,-7.4636e-05,-7.2197e-05,-6.9204e-05,-6.5618e-05,-6.1398e-05,-5.6504e-05,-5.0896e-05,-4.4529e-05,-3.7362e-05,-2.9348e-05,-2.044e-05,-1.0592e-05,2.4748e-07,1.2131e-05,2.5114e-05,3.9254e-05,5.461e-05,7.1243e-05,8.9211e-05,0.00010857,0.00012935,0.00015155,0.00017514,0.00019995,0.00022571,0.00025191,0.00027777,0.00030216,0.00032359,0.00034029,0.00035033,0.00035194,0.00034476
-0.00016658,-0.00017568,-0.00017761,-0.00017306,-0.00016415,-0.00015282,-0.00014049,-0.00012812,-0.0001163,-0.00010533,-9.5376e-05,-8.6464e-05,-7.8585e-05,-7.1671e-05,-6.5663e-05,-6.0483e-05,-5.6059e-05,-5.2321e-05,-4.9207e-05,-4.6659e-05,-4.4626e-05,-4.3059e-05,-4.1918e-05,-4.1165e-05,-4.0766e-05,-4.0689e-05,-4.0907e-05,-4.1393e-05,-4.2123e-05,-4.3074e-05,-4.4224e-05,-4.5552e-05,-4.7038e-05,-4.8663e-05,-5.0406e-05,-5.2248e-05,-5.417e-05,-5.6152e-05,-5.8175e-05,-6.0216e-05,-6.2257e-05,-6.4274e-05,-6.6247e-05,-6.8151e-05,-6.9963e-05,-7.1658e-05,-7.3211e-05,-7.4596e-05,-7.5784e-05,-7.6747e-05,-7.7456e-05,-7.7881e-05,-7.7989e-05,-7.7749e-05,-7.7125e-05,-7.6085e-05,-7.4592e-05,-7.2608e-05,-7.0099e-05,-6.7026e-05,-6.3351e-05,-5.9031e-05,-5.4024e-05,-4.8288e-05,-4.1776e-05,-3.4441e-05,-2.6234e-05,-1.7104e-05,-6.9959e-06,4.1496e-06,1.6395e-05,2.981e-05,4.4468e-05,6.0452e-05,7.7851e-05,9.6761e-05,0.00011728,0.00013951,0.00016354,0.00018942,0.00021711,0.00024647,0.00027712,0.00030834,0.00033894,0.00036714,0.00039057,0.00040635,0.00041152,0.00040471
-0.00019864,-0.00020842,-0.00020738,-0.00019781,-0.00018337,-0.00016692,-0.00015026,-0.00013444,-0.00011996,-0.00010701,-9.5599e-05,-8.5639e-05,-7.7019e-05,-6.9597e-05,-6.3246e-05,-5.7847e-05,-5.3292e-05,-4.9488e-05,-4.6352e-05,-4.3815e-05,-4.1815e-05,-4.0296e-05,-3.9214e-05,-3.8525e-05,-3.8194e-05,-3.8186e-05,-3.8473e-05,-3.9027e-05,-3.9823e-05,-4.0837e-05,-4.2048e-05,-4.3434e-05,-4.4974e-05,-4.6649e-05,-4.8439e-05,-5.0325e-05,-5.2288e-05,-5.4306e-05,-5.6361e-05,-5.8432e-05,-6.0498e-05,-6.2537e-05,-6.4527e-05,-6.6446e-05,-6.8269e-05,-6.9972e-05,-7.1528e-05,-7.2913e-05,-7.4097e-05,-7.5053e-05,-7.5751e-05,-7.616e-05,-7.6249e-05,-7.5985e-05,-7.5334e-05,-7.4261e-05,-7.2729e-05,-7.0702e-05,-6.8145e-05,-6.5017e-05,-6.1279e-05,-5.6888e-05,-5.18e-05,-4.597e-05,-3.935e-05,-3.1891e-05,-2.3538e-05,-1.4236e-05,-3.9237e-06,7.4657e-06,2.0005e-05,3.3776e-05,4.8871e-05,6.5393e-05,8.3461e-05,0.00010321,0.0001248,0.00014839,0.00017417,0.00020231,0.00023297,0.00026618,0.00030182,0.00033938,0.00037781,0.00041516,0.00044842,0.00047339,0.00048507,0.00047996
-0.00024515,-0.00025382,-0.00024605,-0.00022761,-0.00020465,-0.00018108,-0.00015894,-0.00013908,-0.00012174,-0.00010681,-9.4061e-05,-8.3227e-05,-7.4049e-05,-6.6295e-05,-5.9766e-05,-5.4292e-05,-4.9733e-05,-4.5971e-05,-4.2907e-05,-4.046e-05,-3.8559e-05,-3.7146e-05,-3.617e-05,-3.5587e-05,-3.5358e-05,-3.5449e-05,-3.5831e-05,-3.6475e-05,-3.7355e-05,-3.845e-05,-3.9735e-05,-4.1191e-05,-4.2797e-05,-4.4534e-05,-4.6381e-05,-4.8319e-05,-5.0329e-05,-5.2392e-05,-5.4487e-05,-5.6595e-05,-5.8694e-05,-6.0763e-05,-6.278e-05,-6.4721e-05,-6.6564e-05,-6.8283e-05,-6.9854e-05,-7.1249e-05,-7.2441e-05,-7.3402e-05,-7.4102e-05,-7.4511e-05,-7.4597e-05,-7.4326e-05,-7.3666e-05,-7.2581e-05,-7.1033e-05,-6.8988e-05,-6.6409e-05,-6.3255e-05,-5.9486e-05,-5.5057e-05,-4.9925e-05,-4.4043e-05,-3.736e-05,-2.9824e-05,-2.138e-05,-1.1966e-05,-1.5165e-06,1.0042e-05,2.2791e-05,3.6824e-05,5.2248e-05,6.9188e-05,8.7789e-05,0.00010823,0.00013071,0.00015547,0.00018281,0.00021306,0.00024656,0.00028366,0.00032459,0.00036934,0.00041727,0.00046671,0.00051424,0.00055408,0.00057798,0.00057799
-0.00031616,-0.00031817,-0.00029579,-0.00026199,-0.00022631,-0.00019335,-0.00016471,-0.00014056,-0.00012048,-0.00010387,-9.0135e-05,-7.8771e-05,-6.9352e-05,-6.154e-05,-5.5063e-05,-4.9708e-05,-4.5305e-05,-4.1716e-05,-3.8833e-05,-3.6566e-05,-3.484e-05,-3.3594e-05,-3.2777e-05,-3.2342e-05,-3.2253e-05,-3.2474e-05,-3.2977e-05,-3.3734e-05,-3.4719e-05,-3.5911e-05,-3.7287e-05,-3.8827e-05,-4.0511e-05,-4.232e-05,-4.4235e-05,-4.6235e-05,-4.8304e-05,-5.0421e-05,-5.2566e-05,-5.472e-05,-5.6862e-05,-5.897e-05,-6.1024e-05,-6.2999e-05,-6.4873e-05,-6.6622e-05,-6.8219e-05,-6.9639e-05,-7.0854e-05,-7.1836e-05,-7.2556e-05,-7.2982e-05,-7.3084e-05,-7.2829e-05,-7.2182e-05,-7.1109e-05,-6.9572e-05,-6.7537e-05,-6.4967e-05,-6.1819e-05,-5.8054e-05,-5.3627e-05,-4.8493e-05,-4.2603e-05,-3.5907e-05,-2.8351e-05,-1.9876e-05,-1.0418e-05,9.2596e-08,1.1734e-05,2.4595e-05,3.8779e-05,5.4403e-05,7.1611e-05,9.057e-05,0.00011149,0.00013462,0.00016028,0.00018886,0.00022084,0.00025681,0.00029746,0.00034357,0.00039583,0.00045461,0.00051926,0.00058696,0.00065083,0.00069802,0.00071172
-0.00043106,-0.00041033,-0.00035726,-0.00029788,-0.0002444,-0.00020016,-0.0001648,-0.00013686,-0.00011479,-9.725e-05,-8.3207e-05,-7.1877e-05,-6.2676e-05,-5.5171e-05,-4.9039e-05,-4.4034e-05,-3.997e-05,-3.6703e-05,-3.4119e-05,-3.2128e-05,-3.0654e-05,-2.964e-05,-2.9033e-05,-2.8791e-05,-2.8878e-05,-2.9261e-05,-2.9911e-05,-3.0804e-05,-3.1914e-05,-3.3221e-05,-3.4704e-05,-3.6343e-05,-3.8118e-05,-4.0012e-05,-4.2006e-05,-4.4081e-05,-4.6219e-05,-4.8401e-05,-5.0608e-05,-5.282e-05,-5.5017e-05,-5.7178e-05,-5.9281e-05,-6.1305e-05,-6.3225e-05,-6.5017e-05,-6.6658e-05,-6.8119e-05,-6.9375e-05,-7.0398e-05,-7.1157e-05,-7.1623e-05,-7.1765e-05,-7.1549e-05,-7.0942e-05,-6.9909e-05,-6.8413e-05,-6.6421e-05,-6.3892e-05,-6.0788e-05,-5.7066e-05,-5.2682e-05,-4.7591e-05,-4.1744e-05,-3.5089e-05,-2.7571e-05,-1.9131e-05,-9.7022e-06,7.8665e-07,1.2418e-05,2.5283e-05,3.9492e-05,5.5171e-05,7.2473e-05,9.1583e-05,0.00011273,0.00013621,0.00016238,0.00019172,0.00022486,0.0002626,0.000306,0.00035645,0.00041563,0.00048549,0.00056767,0.00066212,0.00076358,0.00085523,0.00090389
-0.00062783,-0.00053925,-0.00042487,-0.00032637,-0.00025116,-0.00019593,-0.00015556,-0.00012574,-0.00010335,-8.6207e-05,-7.2869e-05,-6.2335e-05,-5.3924e-05,-4.7157e-05,-4.1693e-05,-3.7287e-05,-3.3754e-05,-3.0957e-05,-2.8788e-05,-2.7165e-05,-2.6019e-05,-2.5295e-05,-2.4949e-05,-2.4941e-05,-2.5239e-05,-2.5812e-05,-2.6636e-05,-2.7687e-05,-2.8942e-05,-3.0382e-05,-3.1988e-05,-3.374e-05,-3.5622e-05,-3.7614e-05,-3.9701e-05,-4.1863e-05,-4.4084e-05,-4.6345e-05,-4.8627e-05,-5.0911e-05,-5.3177e-05,-5.5405e-05,-5.7574e-05,-5.9661e-05,-6.1644e-05,-6.35e-05,-6.5202e-05,-6.6726e-05,-6.8044e-05,-6.9129e-05,-6.9952e-05,-7.0482e-05,-7.069e-05,-7.0541e-05,-7.0003e-05,-6.9041e-05,-6.762e-05,-6.5704e-05,-6.3255e-05,-6.0232e-05,-5.6595e-05,-5.2299e-05,-4.7299e-05,-4.1545e-05,-3.4987e-05,-2.757e-05,-1.9232e-05,-9.9088e-06,4.7291e-07,1.1996e-05,2.4753e-05,3.8856e-05,5.4432e-05,7.164e-05,9.067e-05,0.00011176,0.00013522,0.00016145,0.00019096,0.00022446,0.00026293,0.00030772,0.00036076,0.00042482,0.0005038,0.00060302,0.00072866,0.00088419,0.0010579,0.0011944
-0.00097461,-0.00069902,-0.00047519,-0.00032793,-0.00023435,-0.00017394,-0.00013362,-0.00010566,-8.5545e-05,-7.0597e-05,-5.919e-05,-5.0304e-05,-4.3278e-05,-3.7674e-05,-3.3188e-05,-2.9606e-05,-2.6775e-05,-2.4576e-05,-2.2924e-05,-2.1747e-05,-2.099e-05,-2.0609e-05,-2.0565e-05,-2.0826e-05,-2.1364e-05,-2.2153e-05,-2.3173e-05,-2.4401e-05,-2.5819e-05,-2.7408e-05,-2.9152e-05,-3.1033e-05,-3.3035e-05,-3.514e-05,-3.7334e-05,-3.9597e-05,-4.1915e-05,-4.4269e-05,-4.664e-05,-4.9012e-05,-5.1363e-05,-5.3675e-05,-5.5927e-05,-5.8097e-05,-6.0162e-05,-6.21e-05,-6.3885e-05,-6.5493e-05,-6.6897e-05,-6.8069e-05,-6.8981e-05,-6.9603e-05,-6.9904e-05,-6.9852e-05,-6.9414e-05,-6.8556e-05,-6.7243e-05,-6.544e-05,-6.3107e-05,-6.0206e-05,-5.6695e-05,-5.2532e-05,-4.767e-05,-4.2062e-05,-3.5656e-05,-2.8399e-05,-2.0231e-05,-1.1088e-05,-8.9708e-07,1.0421e-05,2.2959e-05,3.6824e-05,5.2141e-05,6.9064e-05,8.7777e-05,0.00010852,0.00013158,0.00015735,0.00018635,0.0002193,0.0002572,0.00030152,0.00035448,0.00041957,0.00050243,0.0006125,0.00076547,0.00098517,0.0012947,0.0016473
-0.0015313,-0.00081659,-0.00045423,-0.00027813,-0.00018585,-0.00013311,-0.00010047,-7.8802e-05,-6.3568e-05,-5.2359e-05,-4.3827e-05,-3.7175e-05,-3.191e-05,-2.7712e-05,-2.4365e-05,-2.1718e-05,-1.9662e-05,-1.8116e-05,-1.7015e-05,-1.6311e-05,-1.5964e-05,-1.5939e-05,-1.6208e-05,-1.6746e-05,-1.7531e-05,-1.8542e-05,-1.9762e-05,-2.1173e-05,-2.2758e-05,-2.4502e-05,-2.6388e-05,-2.8403e-05,-3.053e-05,-3.2754e-05,-3.5061e-05,-3.7433e-05,-3.9854e-05,-4.2309e-05,-4.4779e-05,-4.7247e-05,-4.9695e-05,-5.2101e-05,-5.4448e-05,-5.6712e-05,-5.8873e-05,-6.0907e-05,-6.2791e-05,-6.4499e-05,-6.6004e-05,-6.7281e-05,-6.8301e-05,-6.9033e-05,-6.9449e-05,-6.9515e-05,-6.92e-05,-6.8469e-05,-6.7289e-05,-6.5622e-05,-6.3433e-05,-6.0681e-05,-5.7326e-05,-5.3325e-05,-4.8635e-05,-4.3208e-05,-3.6993e-05,-2.9939e-05,-2.1987e-05,-1.3075e-05,-3.1353e-06,7.91e-06,2.0148e-05,3.3678e-05,4.862e-05,6.5112e-05,8.3326e-05,0.00010347,0.00012582,0.00015073,0.00017864,0.00021021,0.00024633,0.00028834,0.00033828,0.00039957,0.00047821,0.00058576,0.00074604,0.0010101,0.0014823,0.0022957
