7.1032e-18,-1.2996e-08,-5.2517e-08,-1.1383e-07,-1.896e-07,-2.7289e-07,-3.579e-07,-4.3996e-07,-5.1542e-07,-5.8147e-07,-6.3598e-07,-6.7738e-07,-7.045e-07,-7.1656e-07,-7.1303e-07,-6.936e-07,-6.5814e-07,-6.0667e-07,-5.3929e-07,-4.562e-07,-3.5764e-07,-2.4391e-07,-1.1535e-07,2.7691e-08,1.8484e-07,3.5572e-07,5.3992e-07,7.3704e-07,9.4667e-07,1.1684e-06,1.4018e-06,1.6464e-06,1.9017e-06,2.1673e-06,2.4428e-06,2.7276e-06,3.0211e-06,3.3229e-06,3.6324e-06,3.9489e-06,4.272e-06,4.6009e-06,4.9349e-06,5.2734e-06,5.6157e-06,5.961e-06,6.3084e-06,6.6573e-06,7.0068e-06,7.356e-06,7.7041e-06,8.0501e-06,8.3932e-06,8.7323e-06,9.0665e-06,9.395e-06,9.7165e-06,1.003e-05,1.0335e-05,1.0631e-05,1.0915e-05,1.1188e-05,1.1448e-05,1.1694e-05,1.1926e-05,1.2142e-05,1.2342e-05,1.2525e-05,1.269e-05,1.2837e-05,1.2965e-05,1.3074e-05,1.3162e-05,1.3231e-05,1.328e-05,1.331e-05,1.3319e-05,1.331e-05,1.3283e-05,1.324e-05,1.3181e-05,1.3109e-05,1.3027e-05,1.2937e-05,1.2845e-05,1.2756e-05,1.2674e-05,1.2609e-05,1.2568e-05,1.2554e-05
1.2999e-08,3.1007e-12,-3.4993e-08,-8.7602e-08,-1.5218e-07,-2.2327e-07,-2.9607e-07,-3.6653e-07,-4.3137e-07,-4.8796e-07,-5.3425e-07,-5.6865e-07,-5.8998e-07,-5.9737e-07,-5.9024e-07,-5.6819e-07,-5.3101e-07,-4.7862e-07,-4.1105e-07,-3.2842e-07,-2.3091e-07,-1.1876e-07,7.7611e-09,1.4834e-07,3.0266e-07,4.7036e-07,6.5108e-07,8.4445e-07,1.0501e-06,1.2675e-06,1.4964e-06,1.7363e-06,1.9868e-06,2.2474e-06,2.5176e-06,2.7969e-06,3.0849e-06,3.381e-06,3.6845e-06,3.995e-06,4.3119e-06,4.6344e-06,4.962e-06,5.2939e-06,5.6295e-06,5.968e-06,6.3086e-06,6.6505e-06,6.9929e-06,7.335e-06,7.676e-06,8.0148e-06,8.3506e-06,8.6826e-06,9.0097e-06,9.331e-06,9.6456e-06,9.9525e-06,1.0251e-05,1.0539e-05,1.0817e-05,1.1084e-05,1.1338e-05,1.1579e-05,1.1805e-05,1.2017e-05,1.2212e-05,1.2392e-05,1.2554e-05,1.2698e-05,1.2824e-05,1.2932e-05,1.3021e-05,1.3091e-05,1.3142e-05,1.3174e-05,1.3188e-05,1.3184e-05,1.3164e-05,1.3129e-05,1.3079e-05,1.3018e-05,1.2948e-05,1.2871e-05,1.2793e-05,1.2716e-05,1.2647e-05,1.2591e-05,1.2554e-05,1.2541e-05
5.2572e-08,3.5007e-08,-6.5952e-11,-4.8572e-08,-1.0615e-07,-1.686e-07,-2.3205e-07,-2.9316e-07,-3.4908e-07,-3.9747e-07,-4.3642e-07,-4.6445e-07,-4.804e-07,-4.8338e-07,-4.7277e-07,-4.4813e-07,-4.0918e-07,-3.5579e-07,-2.8792e-07,-2.0562e-07,-1.0902e-07,1.6959e-09,1.2631e-07,2.6457e-07,4.1618e-07,5.8082e-07,7.5817e-07,9.4788e-07,1.1496e-06,1.3629e-06,1.5874e-06,1.8227e-06,2.0684e-06,2.324e-06,2.5891e-06,2.8631e-06,3.1456e-06,3.436e-06,3.7338e-06,4.0384e-06,4.3492e-06,4.6656e-06,4.9869e-06,5.3124e-06,5.6415e-06,5.9734e-06,6.3074e-06,6.6426e-06,6.9783e-06,7.3136e-06,7.6477e-06,7.9796e-06,8.3087e-06,8.6338e-06,8.9541e-06,9.2687e-06,9.5767e-06,9.877e-06,1.0169e-05,1.0451e-05,1.0723e-05,1.0984e-05,1.1233e-05,1.1468e-05,1.169e-05,1.1897e-05,1.2089e-05,1.2265e-05,1.2424e-05,1.2566e-05,1.2691e-05,1.2798e-05,1.2887e-05,1.2958e-05,1.301e-05,1.3046e-05,1.3063e-05,1.3065e-05,1.3051e-05,1.3022e-05,1.2981e-05,1.2929e-05,1.2869e-05,1.2803e-05,1.2734e-05,1.2667e-05,1.2605e-05,1.2554e-05,1.2517e-05,1.2499e-05
1.1413e-07,8.7738e-08,4.8295e-08,-4.0964e-10,-5.5136e-08,-1.1271e-07,-1.7012e-07,-2.2467e-07,-2.7397e-07,-3.1601e-07,-3.4912e-07,-3.7193e-07,-3.8335e-07,-3.8255e-07,-3.689e-07,-3.4195e-07,-3.0138e-07,-2.4703e-07,-1.7881e-07,-9.673e-08,-8.7386e-10,1.0863e-07,2.3159e-07,3.678e-07,5.1699e-07,6.789e-07,8.5322e-07,1.0396e-06,1.2378e-06,1.4473e-06,1.6678e-06,1.8989e-06,2.1403e-06,2.3913e-06,2.6517e-06,2.9209e-06,3.1984e-06,3.4837e-06,3.7763e-06,4.0756e-06,4.3809e-06,4.6918e-06,5.0075e-06,5.3273e-06,5.6506e-06,5.9767e-06,6.3047e-06,6.634e-06,6.9637e-06,7.293e-06,7.6211e-06,7.947e-06,8.2701e-06,8.5892e-06,8.9037e-06,9.2125e-06,9.5147e-06,9.8094e-06,1.0096e-05,1.0373e-05,1.064e-05,1.0896e-05,1.114e-05,1.1371e-05,1.1588e-05,1.1792e-05,1.198e-05,1.2153e-05,1.231e-05,1.2451e-05,1.2574e-05,1.2681e-05,1.277e-05,1.2841e-05,1.2896e-05,1.2933e-05,1.2954e-05,1.296e-05,1.2951e-05,1.2928e-05,1.2893e-05,1.2848e-05,1.2795e-05,1.2736e-05,1.2674e-05,1.2612e-05,1.2554e-05,1.2502e-05,1.2461e-05,1.2434e-05
1.9053e-07,1.527e-07,1.0586e-07,5.3761e-08,-1.293e-09,-5.7008e-08,-1.1112e-07,-1.6151e-07,-2.0626e-07,-2.4368e-07,-2.7234e-07,-2.9105e-07,-2.9884e-07,-2.9492e-07,-2.7872e-07,-2.4978e-07,-2.078e-07,-1.5259e-07,-8.4026e-08,-2.103e-09,9.3138e-08,2.016e-07,3.2312e-07,4.5753e-07,6.046e-07,7.6408e-07,9.357e-07,1.1191e-06,1.3141e-06,1.5202e-06,1.7372e-06,1.9646e-06,2.202e-06,2.449e-06,2.7051e-06,2.97e-06,3.2431e-06,3.5238e-06,3.8118e-06,4.1063e-06,4.4069e-06,4.7128e-06,5.0235e-06,5.3384e-06,5.6566e-06,5.9776e-06,6.3005e-06,6.6246e-06,6.9491e-06,7.2732e-06,7.5961e-06,7.917e-06,8.2349e-06,8.549e-06,8.8584e-06,9.1622e-06,9.4596e-06,9.7496e-06,1.0031e-05,1.0304e-05,1.0567e-05,1.0818e-05,1.1058e-05,1.1286e-05,1.15e-05,1.1701e-05,1.1887e-05,1.2057e-05,1.2212e-05,1.2351e-05,1.2474e-05,1.258e-05,1.2669e-05,1.2741e-05,1.2797e-05,1.2837e-05,1.2861e-05,1.2869e-05,1.2864e-05,1.2845e-05,1.2815e-05,1.2775e-05,1.2727e-05,1.2672e-05,1.2614e-05,1.2554e-05,1.2495e-05,1.244e-05,1.2392e-05,1.2353e-05
2.7505e-07,2.2458e-07,1.6851e-07,1.1085e-07,5.3154e-08,-3.0076e-09,-5.5996e-08,-1.0421e-07,-1.4614e-07,-1.8044e-07,-2.0592e-07,-2.2157e-07,-2.2655e-07,-2.2018e-07,-2.0192e-07,-1.7135e-07,-1.2819e-07,-7.2242e-08,-3.3871e-09,7.841e-08,1.7313e-07,2.8069e-07,4.0097e-07,5.338e-07,6.7901e-07,8.3635e-07,1.0056e-06,1.1864e-06,1.3785e-06,1.5817e-06,1.7954e-06,2.0195e-06,2.2534e-06,2.4968e-06,2.7492e-06,3.0103e-06,3.2794e-06,3.5562e-06,3.8401e-06,4.1305e-06,4.4268e-06,4.7285e-06,5.035e-06,5.3455e-06,5.6594e-06,5.9759e-06,6.2945e-06,6.6142e-06,6.9343e-06,7.2541e-06,7.5727e-06,7.8892e-06,8.2028e-06,8.5127e-06,8.818e-06,9.1178e-06,9.4112e-06,9.6973e-06,9.9753e-06,1.0244e-05,1.0503e-05,1.0752e-05,1.0989e-05,1.1214e-05,1.1425e-05,1.1623e-05,1.1807e-05,1.1976e-05,1.213e-05,1.2267e-05,1.2389e-05,1.2495e-05,1.2584e-05,1.2657e-05,1.2714e-05,1.2755e-05,1.2781e-05,1.2792e-05,1.279e-05,1.2774e-05,1.2747e-05,1.271e-05,1.2664e-05,1.2612e-05,1.2555e-05,1.2494e-05,1.2433e-05,1.2372e-05,1.2314e-05,1.2263e-05
3.6207e-07,2.9871e-07,2.3248e-07,1.679e-07,1.0597e-07,4.7668e-08,-5.8679e-09,-5.3481e-08,-9.404e-08,-1.2649e-07,-1.4989e-07,-1.6342e-07,-1.6636e-07,-1.5814e-07,-1.3829e-07,-1.0646e-07,-6.2365e-08,-5.8336e-09,6.3246e-08,1.4492e-07,2.3917e-07,3.4595e-07,4.6514e-07,5.9661e-07,7.4018e-07,8.9565e-07,1.0628e-06,1.2413e-06,1.431e-06,1.6315e-06,1.8424e-06,2.0636e-06,2.2945e-06,2.5347e-06,2.7839e-06,3.0416e-06,3.3074e-06,3.5807e-06,3.8611e-06,4.1479e-06,4.4407e-06,4.7388e-06,5.0416e-06,5.3485e-06,5.6587e-06,5.9716e-06,6.2865e-06,6.6027e-06,6.9192e-06,7.2354e-06,7.5504e-06,7.8635e-06,8.1737e-06,8.4802e-06,8.7822e-06,9.0788e-06,9.369e-06,9.6521e-06,9.9272e-06,1.0193e-05,1.045e-05,1.0696e-05,1.093e-05,1.1153e-05,1.1363e-05,1.1559e-05,1.1741e-05,1.1909e-05,1.2061e-05,1.2198e-05,1.232e-05,1.2425e-05,1.2514e-05,1.2588e-05,1.2646e-05,1.2688e-05,1.2715e-05,1.2728e-05,1.2727e-05,1.2714e-05,1.2689e-05,1.2653e-05,1.2609e-05,1.2556e-05,1.2498e-05,1.2436e-05,1.237e-05,1.2302e-05,1.2234e-05,1.2169e-05
4.4703e-07,3.711e-07,2.9445e-07,2.222e-07,1.5499e-07,9.3358e-08,3.8026e-08,-1.0218e-08,-5.0565e-08,-8.223e-08,-1.0449e-07,-1.1669e-07,-1.1828e-07,-1.0877e-07,-8.7791e-08,-5.5025e-08,-1.0245e-08,4.6706e-08,1.1593e-07,1.9746e-07,2.913e-07,3.9739e-07,5.1564e-07,6.4592e-07,7.8808e-07,9.4193e-07,1.1073e-06,1.2838e-06,1.4713e-06,1.6695e-06,1.8781e-06,2.0967e-06,2.325e-06,2.5626e-06,2.809e-06,3.0639e-06,3.3268e-06,3.5972e-06,3.8747e-06,4.1585e-06,4.4483e-06,4.7435e-06,5.0433e-06,5.3472e-06,5.6545e-06,5.9645e-06,6.2765e-06,6.5898e-06,6.9035e-06,7.2169e-06,7.5292e-06,7.8396e-06,8.1472e-06,8.4512e-06,8.7507e-06,9.0449e-06,9.3328e-06,9.6137e-06,9.8866e-06,1.0151e-05,1.0405e-05,1.0649e-05,1.0882e-05,1.1103e-05,1.1312e-05,1.1507e-05,1.1688e-05,1.1855e-05,1.2006e-05,1.2143e-05,1.2264e-05,1.2369e-05,1.2459e-05,1.2533e-05,1.2591e-05,1.2634e-05,1.2662e-05,1.2676e-05,1.2676e-05,1.2664e-05,1.264e-05,1.2604e-05,1.256e-05,1.2507e-05,1.2446e-05,1.238e-05,1.2309e-05,1.2233e-05,1.2154e-05,1.2077e-05
5.2635e-07,4.3848e-07,3.5152e-07,2.7131e-07,1.982e-07,1.3245e-07,7.4417e-08,2.4609e-08,-1.6438e-08,-4.8173e-08,-7.0072e-08,-8.1649e-08,-8.2477e-08,-7.2186e-08,-5.0471e-08,-1.7089e-08,2.8145e-08,8.5361e-08,1.5464e-07,2.3601e-07,3.2946e-07,4.3494e-07,5.5238e-07,6.8165e-07,8.2261e-07,9.7508e-07,1.1389e-06,1.3137e-06,1.4995e-06,1.6957e-06,1.9023e-06,2.1188e-06,2.3449e-06,2.5802e-06,2.8244e-06,3.077e-06,3.3375e-06,3.6056e-06,3.8806e-06,4.1621e-06,4.4496e-06,4.7424e-06,5.0399e-06,5.3415e-06,5.6465e-06,5.9543e-06,6.2642e-06,6.5753e-06,6.887e-06,7.1984e-06,7.5088e-06,7.8173e-06,8.1231e-06,8.4254e-06,8.7232e-06,9.0158e-06,9.3022e-06,9.5816e-06,9.8532e-06,1.0116e-05,1.0369e-05,1.0613e-05,1.0844e-05,1.1065e-05,1.1272e-05,1.1466e-05,1.1647e-05,1.1813e-05,1.1965e-05,1.2101e-05,1.2222e-05,1.2328e-05,1.2418e-05,1.2492e-05,1.255e-05,1.2594e-05,1.2622e-05,1.2637e-05,1.2637e-05,1.2625e-05,1.26e-05,1.2565e-05,1.2519e-05,1.2464e-05,1.24e-05,1.2329e-05,1.2252e-05,1.2168e-05,1.2078e-05,1.1989e-05
5.9719e-07,4.9817e-07,4.0128e-07,3.1308e-07,2.3379e-07,1.634e-07,1.0205e-07,4.9995e-08,7.549e-09,-2.4938e-08,-4.7113e-08,-5.8642e-08,-5.9218e-08,-4.8574e-08,-2.6485e-08,7.2286e-09,5.2706e-08,1.1004e-07,1.7929e-07,2.6047e-07,3.5356e-07,4.5852e-07,5.7527e-07,7.0368e-07,8.4364e-07,9.9497e-07,1.1575e-06,1.331e-06,1.5152e-06,1.7099e-06,1.9148e-06,2.1296e-06,2.354e-06,2.5875e-06,2.8299e-06,3.0806e-06,3.3393e-06,3.6056e-06,3.8788e-06,4.1585e-06,4.4442e-06,4.7353e-06,5.0311e-06,5.3311e-06,5.6346e-06,5.9409e-06,6.2493e-06,6.5591e-06,6.8695e-06,7.1797e-06,7.4889e-06,7.7963e-06,8.1011e-06,8.4024e-06,8.6994e-06,8.9912e-06,9.2769e-06,9.5557e-06,9.8267e-06,1.0089e-05,1.0342e-05,1.0585e-05,1.0816e-05,1.1036e-05,1.1243e-05,1.1438e-05,1.1618e-05,1.1784e-05,1.1936e-05,1.2073e-05,1.2194e-05,1.2299e-05,1.2389e-05,1.2464e-05,1.2523e-05,1.2566e-05,1.2595e-05,1.2609e-05,1.261e-05,1.2597e-05,1.2571e-05,1.2534e-05,1.2486e-05,1.2428e-05,1.2361e-05,1.2285e-05,1.2201e-05,1.2109e-05,1.2009e-05,1.1909e-05
6.5733e-07,5.4798e-07,4.4168e-07,3.4567e-07,2.601e-07,1.8481e-07,1.1973e-07,6.4942e-08,2.0573e-08,-1.3194e-08,-3.6155e-08,-4.8105e-08,-4.8853e-08,-3.8223e-08,-1.6068e-08,1.7731e-08,6.3265e-08,1.2059e-07,1.8974e-07,2.7071e-07,3.6348e-07,4.6799e-07,5.8415e-07,7.1188e-07,8.5102e-07,1.0014e-06,1.1629e-06,1.3353e-06,1.5184e-06,1.7119e-06,1.9155e-06,2.129e-06,2.352e-06,2.5842e-06,2.8252e-06,3.0747e-06,3.3321e-06,3.597e-06,3.869e-06,4.1475e-06,4.4321e-06,4.7221e-06,5.0169e-06,5.3159e-06,5.6185e-06,5.924e-06,6.2317e-06,6.5409e-06,6.8507e-06,7.1604e-06,7.4692e-06,7.7764e-06,8.0809e-06,8.3821e-06,8.679e-06,8.9708e-06,9.2566e-06,9.5355e-06,9.8066e-06,1.0069e-05,1.0322e-05,1.0565e-05,1.0797e-05,1.1017e-05,1.1225e-05,1.142e-05,1.1601e-05,1.1767e-05,1.1919e-05,1.2056e-05,1.2178e-05,1.2284e-05,1.2374e-05,1.2449e-05,1.2508e-05,1.2551e-05,1.258e-05,1.2594e-05,1.2594e-05,1.258e-05,1.2553e-05,1.2514e-05,1.2463e-05,1.2402e-05,1.233e-05,1.2248e-05,1.2157e-05,1.2057e-05,1.1948e-05,1.1838e-05
7.0502e-07,5.8616e-07,4.71e-07,3.6748e-07,2.757e-07,1.9538e-07,1.2633e-07,6.8479e-08,2.1807e-08,-1.3638e-08,-3.778e-08,-5.053e-08,-5.1793e-08,-4.1481e-08,-1.9517e-08,1.416e-08,5.9594e-08,1.1681e-07,1.858e-07,2.6655e-07,3.5903e-07,4.6316e-07,5.7887e-07,7.0605e-07,8.4458e-07,9.943e-07,1.1551e-06,1.3266e-06,1.5089e-06,1.7015e-06,1.9042e-06,2.1168e-06,2.3389e-06,2.5702e-06,2.8103e-06,3.0589e-06,3.3155e-06,3.5797e-06,3.851e-06,4.1289e-06,4.4129e-06,4.7024e-06,4.9969e-06,5.2957e-06,5.5981e-06,5.9035e-06,6.2112e-06,6.5204e-06,6.8304e-06,7.1404e-06,7.4496e-06,7.7572e-06,8.0624e-06,8.3642e-06,8.6618e-06,8.9543e-06,9.2409e-06,9.5207e-06,9.7928e-06,1.0056e-05,1.0311e-05,1.0554e-05,1.0787e-05,1.1009e-05,1.1217e-05,1.1413e-05,1.1595e-05,1.1762e-05,1.1915e-05,1.2052e-05,1.2175e-05,1.2281e-05,1.2372e-05,1.2446e-05,1.2506e-05,1.2549e-05,1.2577e-05,1.259e-05,1.2589e-05,1.2574e-05,1.2545e-05,1.2503e-05,1.245e-05,1.2384e-05,1.2308e-05,1.222e-05,1.2123e-05,1.2015e-05,1.1897e-05,1.1778e-05
7.3887e-07,6.1127e-07,4.8783e-07,3.7714e-07,2.7929e-07,1.9395e-07,1.2081e-07,5.9678e-08,1.044e-08,-2.6976e-08,-5.2601e-08,-6.6444e-08,-6.8496e-08,-5.8745e-08,-3.718e-08,-3.7931e-09,4.1413e-08,9.8427e-08,1.6722e-07,2.4776e-07,3.3999e-07,4.4383e-07,5.592e-07,6.86e-07,8.241e-07,9.7336e-07,1.1336e-06,1.3047e-06,1.4864e-06,1.6784e-06,1.8806e-06,2.0927e-06,2.3143e-06,2.5451e-06,2.7849e-06,3.0331e-06,3.2894e-06,3.5534e-06,3.8246e-06,4.1025e-06,4.3865e-06,4.6762e-06,4.9709e-06,5.2701e-06,5.573e-06,5.879e-06,6.1874e-06,6.4975e-06,6.8084e-06,7.1195e-06,7.4298e-06,7.7387e-06,8.0451e-06,8.3484e-06,8.6475e-06,8.9416e-06,9.2298e-06,9.5112e-06,9.785e-06,1.005e-05,1.0306e-05,1.0552e-05,1.0786e-05,1.1009e-05,1.1219e-05,1.1416e-05,1.1599e-05,1.1768e-05,1.1922e-05,1.2061e-05,1.2183e-05,1.2291e-05,1.2382e-05,1.2457e-05,1.2516e-05,1.2559e-05,1.2587e-05,1.2599e-05,1.2596e-05,1.2579e-05,1.2548e-05,1.2504e-05,1.2447e-05,1.2377e-05,1.2296e-05,1.2203e-05,1.2098e-05,1.1983e-05,1.1857e-05,1.1729e-05
7.5778e-07,6.2214e-07,4.9098e-07,3.7348e-07,2.6977e-07,1.7946e-07,1.0218e-07,3.7664e-08,-1.4314e-08,-5.3908e-08,-8.1239e-08,-9.6396e-08,-9.9448e-08,-9.0449e-08,-6.9445e-08,-3.648e-08,8.4044e-09,6.5161e-08,1.3374e-07,2.1408e-07,3.0611e-07,4.0975e-07,5.2492e-07,6.515e-07,7.8936e-07,9.3838e-07,1.0984e-06,1.2692e-06,1.4507e-06,1.6425e-06,1.8446e-06,2.0565e-06,2.278e-06,2.5089e-06,2.7487e-06,2.997e-06,3.2536e-06,3.5179e-06,3.7895e-06,4.0679e-06,4.3527e-06,4.6431e-06,4.9388e-06,5.239e-06,5.543e-06,5.8504e-06,6.1602e-06,6.4718e-06,6.7845e-06,7.0973e-06,7.4096e-06,7.7204e-06,8.029e-06,8.3344e-06,8.6358e-06,8.9322e-06,9.2228e-06,9.5066e-06,9.7828e-06,1.005e-05,1.0309e-05,1.0557e-05,1.0793e-05,1.1018e-05,1.1231e-05,1.143e-05,1.1615e-05,1.1785e-05,1.1941e-05,1.208e-05,1.2204e-05,1.2312e-05,1.2404e-05,1.2479e-05,1.2539e-05,1.2581e-05,1.2608e-05,1.2619e-05,1.2615e-05,1.2596e-05,1.2563e-05,1.2515e-05,1.2454e-05,1.238e-05,1.2294e-05,1.2195e-05,1.2085e-05,1.1962e-05,1.1829e-05,1.1693e-05
7.6088e-07,6.1782e-07,4.7944e-07,3.5549e-07,2.4615e-07,1.5098e-07,6.9583e-08,1.6144e-09,-5.3209e-08,-9.5122e-08,-1.2432e-07,-1.4095e-07,-1.4516e-07,-1.3705e-07,-1.1673e-07,-8.4284e-08,-3.9788e-08,1.6678e-08,8.5037e-08,1.6521e-07,2.5711e-07,3.6066e-07,4.7575e-07,6.0227e-07,7.401e-07,8.8911e-07,1.0491e-06,1.22e-06,1.4016e-06,1.5936e-06,1.7958e-06,2.008e-06,2.2299e-06,2.4611e-06,2.7014e-06,2.9504e-06,3.2077e-06,3.4729e-06,3.7455e-06,4.0251e-06,4.3111e-06,4.603e-06,4.9001e-06,5.202e-06,5.508e-06,5.8173e-06,6.1293e-06,6.4432e-06,6.7582e-06,7.0737e-06,7.3886e-06,7.7023e-06,8.0137e-06,8.3221e-06,8.6265e-06,8.9261e-06,9.2198e-06,9.5068e-06,9.7861e-06,1.0057e-05,1.0318e-05,1.0569e-05,1.0809e-05,1.1037e-05,1.1252e-05,1.1453e-05,1.1641e-05,1.1813e-05,1.197e-05,1.2112e-05,1.2237e-05,1.2346e-05,1.2439e-05,1.2515e-05,1.2574e-05,1.2616e-05,1.2642e-05,1.2652e-05,1.2647e-05,1.2625e-05,1.2589e-05,1.2538e-05,1.2474e-05,1.2395e-05,1.2304e-05,1.2199e-05,1.2083e-05,1.1953e-05,1.1812e-05,1.167e-05
7.4747e-07,5.9752e-07,4.5236e-07,3.223e-07,2.0754e-07,1.0765e-07,2.2185e-08,-4.9242e-08,-1.0697e-07,-1.5129e-07,-1.8245e-07,-2.0068e-07,-2.0615e-07,-1.9904e-07,-1.7949e-07,-1.4762e-07,-1.0355e-07,-4.7386e-08,2.0773e-08,1.0083e-07,1.9269e-07,2.9624e-07,4.114e-07,5.3803e-07,6.7603e-07,8.2525e-07,9.8555e-07,1.1568e-06,1.3387e-06,1.5312e-06,1.734e-06,1.9468e-06,2.1695e-06,2.4016e-06,2.6429e-06,2.893e-06,3.1516e-06,3.4182e-06,3.6923e-06,3.9736e-06,4.2614e-06,4.5553e-06,4.8547e-06,5.159e-06,5.4675e-06,5.7795e-06,6.0943e-06,6.4113e-06,6.7295e-06,7.0483e-06,7.3667e-06,7.6839e-06,7.999e-06,8.3112e-06,8.6194e-06,8.9229e-06,9.2205e-06,9.5114e-06,9.7947e-06,1.0069e-05,1.0334e-05,1.0589e-05,1.0833e-05,1.1064e-05,1.1282e-05,1.1487e-05,1.1677e-05,1.1852e-05,1.2012e-05,1.2155e-05,1.2282e-05,1.2393e-05,1.2486e-05,1.2562e-05,1.2622e-05,1.2664e-05,1.2689e-05,1.2698e-05,1.269e-05,1.2666e-05,1.2627e-05,1.2573e-05,1.2504e-05,1.2422e-05,1.2325e-05,1.2215e-05,1.2092e-05,1.1957e-05,1.1809e-05,1.1659e-05
7.1697e-07,5.6057e-07,4.0904e-07,2.7315e-07,1.5319e-07,4.8705e-08,-4.076e-08,-1.1563e-07,-1.7628e-07,-2.2306e-07,-2.5626e-07,-2.7615e-07,-2.8296e-07,-2.7691e-07,-2.5818e-07,-2.2692e-07,-1.8329e-07,-1.2742e-07,-5.9423e-08,2.058e-08,1.1248e-07,2.1617e-07,3.3154e-07,4.5846e-07,5.9683e-07,7.4651e-07,9.0734e-07,1.0792e-06,1.2618e-06,1.4551e-06,1.6589e-06,1.8728e-06,2.0966e-06,2.33e-06,2.5728e-06,2.8245e-06,3.0848e-06,3.3533e-06,3.6296e-06,3.9131e-06,4.2034e-06,4.5e-06,4.8022e-06,5.1095e-06,5.4212e-06,5.7367e-06,6.0551e-06,6.3758e-06,6.698e-06,7.0208e-06,7.3434e-06,7.665e-06,7.9846e-06,8.3013e-06,8.6142e-06,8.9223e-06,9.2247e-06,9.5204e-06,9.8083e-06,1.0088e-05,1.0357e-05,1.0616e-05,1.0864e-05,1.1099e-05,1.1322e-05,1.153e-05,1.1723e-05,1.1902e-05,1.2064e-05,1.221e-05,1.2339e-05,1.2451e-05,1.2545e-05,1.2622e-05,1.2682e-05,1.2724e-05,1.2748e-05,1.2756e-05,1.2746e-05,1.272e-05,1.2678e-05,1.262e-05,1.2548e-05,1.246e-05,1.2359e-05,1.2243e-05,1.2114e-05,1.1972e-05,1.1818e-05,1.1662e-05
6.689e-07,5.0642e-07,3.4882e-07,2.0737e-07,8.2389e-08,-2.6562e-08,-1.1995e-07,-1.9823e-07,-2.6181e-07,-3.1106e-07,-3.4633e-07,-3.6793e-07,-3.7613e-07,-3.7117e-07,-3.5328e-07,-3.2265e-07,-2.7945e-07,-2.2384e-07,-1.5595e-07,-7.5923e-08,1.6126e-08,1.2008e-07,2.3582e-07,3.6322e-07,5.0217e-07,6.5253e-07,8.1416e-07,9.8691e-07,1.1706e-06,1.3651e-06,1.5701e-06,1.7854e-06,2.0108e-06,2.246e-06,2.4906e-06,2.7445e-06,3.0071e-06,3.278e-06,3.557e-06,3.8434e-06,4.1368e-06,4.4366e-06,4.7423e-06,5.0533e-06,5.3689e-06,5.6884e-06,6.0112e-06,6.3364e-06,6.6633e-06,6.9909e-06,7.3186e-06,7.6453e-06,7.9702e-06,8.2923e-06,8.6106e-06,8.9242e-06,9.2321e-06,9.5333e-06,9.8267e-06,1.0111e-05,1.0386e-05,1.0651e-05,1.0903e-05,1.1143e-05,1.137e-05,1.1583e-05,1.178e-05,1.1962e-05,1.2128e-05,1.2276e-05,1.2408e-05,1.2521e-05,1.2617e-05,1.2695e-05,1.2755e-05,1.2797e-05,1.282e-05,1.2826e-05,1.2815e-05,1.2786e-05,1.2741e-05,1.268e-05,1.2603e-05,1.2511e-05,1.2404e-05,1.2283e-05,1.2149e-05,1.2001e-05,1.184e-05,1.1678e-05
6.0286e-07,4.3458e-07,2.7117e-07,1.2435e-07,-5.4964e-09,-1.188e-07,-2.1605e-07,-2.9769e-07,-3.6418e-07,-4.1591e-07,-4.5327e-07,-4.7659e-07,-4.8619e-07,-4.8235e-07,-4.6531e-07,-4.3529e-07,-3.9249e-07,-3.3708e-07,-2.6924e-07,-1.8909e-07,-9.6779e-08,7.5749e-09,1.2385e-07,2.5192e-07,3.9166e-07,5.4295e-07,7.0564e-07,8.7959e-07,1.0646e-06,1.2606e-06,1.4672e-06,1.6844e-06,1.9118e-06,2.1491e-06,2.3962e-06,2.6526e-06,2.9179e-06,3.1919e-06,3.474e-06,3.7639e-06,4.061e-06,4.3647e-06,4.6746e-06,4.9899e-06,5.3101e-06,5.6345e-06,5.9623e-06,6.2927e-06,6.625e-06,6.9583e-06,7.2918e-06,7.6245e-06,7.9554e-06,8.2837e-06,8.6083e-06,8.9283e-06,9.2425e-06,9.55e-06,9.8497e-06,1.0141e-05,1.0422e-05,1.0692e-05,1.095e-05,1.1196e-05,1.1428e-05,1.1645e-05,1.1847e-05,1.2033e-05,1.2202e-05,1.2354e-05,1.2488e-05,1.2604e-05,1.2702e-05,1.2781e-05,1.2841e-05,1.2883e-05,1.2906e-05,1.291e-05,1.2897e-05,1.2866e-05,1.2818e-05,1.2753e-05,1.2672e-05,1.2575e-05,1.2463e-05,1.2337e-05,1.2196e-05,1.2042e-05,1.1875e-05,1.1708e-05
5.1847e-07,3.4459e-07,1.7556e-07,2.3538e-08,-1.1105e-07,-2.2863e-07,-3.2966e-07,-4.1464e-07,-4.8401e-07,-5.3822e-07,-5.7766e-07,-6.0272e-07,-6.1372e-07,-6.1097e-07,-5.9476e-07,-5.6532e-07,-5.2288e-07,-4.6762e-07,-3.9973e-07,-3.1937e-07,-2.2667e-07,-1.2176e-07,-4.786e-09,1.2414e-07,2.649e-07,4.1735e-07,5.8137e-07,7.568e-07,9.435e-07,1.1413e-06,1.35e-06,1.5693e-06,1.7991e-06,2.0391e-06,2.2889e-06,2.5484e-06,2.817e-06,3.0945e-06,3.3804e-06,3.6743e-06,3.9756e-06,4.2839e-06,4.5985e-06,4.9189e-06,5.2444e-06,5.5743e-06,5.9078e-06,6.2443e-06,6.5828e-06,6.9226e-06,7.2626e-06,7.6021e-06,7.94e-06,8.2753e-06,8.607e-06,8.9341e-06,9.2556e-06,9.5702e-06,9.8771e-06,1.0175e-05,1.0463e-05,1.074e-05,1.1005e-05,1.1257e-05,1.1494e-05,1.1717e-05,1.1924e-05,1.2115e-05,1.2288e-05,1.2444e-05,1.2581e-05,1.27e-05,1.2799e-05,1.2879e-05,1.294e-05,1.2982e-05,1.3004e-05,1.3007e-05,1.2992e-05,1.2959e-05,1.2907e-05,1.2839e-05,1.2753e-05,1.2652e-05,1.2535e-05,1.2403e-05,1.2256e-05,1.2096e-05,1.1923e-05,1.175e-05
4.1541e-07,2.3607e-07,6.1541e-08,-9.5589e-08,-2.3484e-07,-3.5662e-07,-4.614e-07,-5.4967e-07,-6.2191e-07,-6.7858e-07,-7.201e-07,-7.4687e-07,-7.5926e-07,-7.5759e-07,-7.4218e-07,-7.1327e-07,-6.7113e-07,-6.1595e-07,-5.4792e-07,-4.6722e-07,-3.74e-07,-2.6839e-07,-1.5053e-07,-2.055e-08,1.2144e-07,2.753e-07,4.409e-07,6.1811e-07,8.0678e-07,1.0067e-06,1.2178e-06,1.4397e-06,1.6723e-06,1.9153e-06,2.1685e-06,2.4314e-06,2.7039e-06,2.9854e-06,3.2756e-06,3.5741e-06,3.8802e-06,4.1937e-06,4.5137e-06,4.8398e-06,5.1713e-06,5.5074e-06,5.8475e-06,6.1907e-06,6.5362e-06,6.8832e-06,7.2307e-06,7.5778e-06,7.9234e-06,8.2666e-06,8.6063e-06,8.9415e-06,9.271e-06,9.5937e-06,9.9085e-06,1.0214e-05,1.051e-05,1.0794e-05,1.1067e-05,1.1325e-05,1.157e-05,1.1799e-05,1.2012e-05,1.2208e-05,1.2386e-05,1.2545e-05,1.2686e-05,1.2808e-05,1.2909e-05,1.2991e-05,1.3053e-05,1.3095e-05,1.3116e-05,1.3118e-05,1.3101e-05,1.3065e-05,1.301e-05,1.2938e-05,1.2848e-05,1.2742e-05,1.262e-05,1.2482e-05,1.233e-05,1.2163e-05,1.1984e-05,1.1806e-05
2.9335e-07,1.0861e-07,-7.135e-08,-2.3353e-07,-3.7739e-07,-5.0333e-07,-6.1183e-07,-7.0338e-07,-7.7848e-07,-8.3759e-07,-8.8117e-07,-9.0964e-07,-9.2338e-07,-9.2277e-07,-9.081e-07,-8.7968e-07,-8.3776e-07,-7.8257e-07,-7.1431e-07,-6.3315e-07,-5.3927e-07,-4.328e-07,-3.1388e-07,-1.8264e-07,-3.9206e-08,1.1631e-07,2.8376e-07,4.6303e-07,6.5397e-07,8.5641e-07,1.0702e-06,1.2951e-06,1.5309e-06,1.7774e-06,2.0342e-06,2.3012e-06,2.5779e-06,2.864e-06,3.159e-06,3.4626e-06,3.7743e-06,4.0935e-06,4.4196e-06,4.752e-06,5.0902e-06,5.4333e-06,5.7806e-06,6.1314e-06,6.4847e-06,6.8397e-06,7.1955e-06,7.551e-06,7.9053e-06,8.2572e-06,8.6058e-06,8.9499e-06,9.2884e-06,9.6201e-06,9.9438e-06,1.0258e-05,1.0563e-05,1.0855e-05,1.1136e-05,1.1402e-05,1.1654e-05,1.189e-05,1.2109e-05,1.2311e-05,1.2495e-05,1.2659e-05,1.2804e-05,1.2928e-05,1.3033e-05,1.3116e-05,1.3179e-05,1.3221e-05,1.3242e-05,1.3243e-05,1.3224e-05,1.3185e-05,1.3128e-05,1.3051e-05,1.2957e-05,1.2846e-05,1.2718e-05,1.2575e-05,1.2416e-05,1.2244e-05,1.2059e-05,1.1874e-05
1.5198e-07,-3.8173e-08,-2.2355e-07,-3.9076e-07,-5.3923e-07,-6.6933e-07,-7.8153e-07,-8.7635e-07,-9.5429e-07,-1.0158e-06,-1.0615e-06,-1.0916e-06,-1.1067e-06,-1.1071e-06,-1.0931e-06,-1.0651e-06,-1.0233e-06,-9.6804e-07,-8.9943e-07,-8.1769e-07,-7.23e-07,-6.1551e-07,-4.9535e-07,-3.6266e-07,-2.1755e-07,-6.0146e-08,1.0943e-07,2.9104e-07,4.8455e-07,6.8981e-07,9.0664e-07,1.1349e-06,1.3743e-06,1.6246e-06,1.8856e-06,2.1571e-06,2.4385e-06,2.7297e-06,3.0302e-06,3.3395e-06,3.6572e-06,3.9827e-06,4.3155e-06,4.655e-06,5.0006e-06,5.3514e-06,5.7067e-06,6.0658e-06,6.4277e-06,6.7916e-06,7.1564e-06,7.5213e-06,7.8851e-06,8.2467e-06,8.6051e-06,8.9591e-06,9.3074e-06,9.649e-06,9.9825e-06,1.0307e-05,1.0621e-05,1.0923e-05,1.1212e-05,1.1487e-05,1.1747e-05,1.1991e-05,1.2217e-05,1.2426e-05,1.2615e-05,1.2785e-05,1.2934e-05,1.3062e-05,1.317e-05,1.3255e-05,1.3319e-05,1.3362e-05,1.3383e-05,1.3383e-05,1.3362e-05,1.332e-05,1.3259e-05,1.3179e-05,1.308e-05,1.2964e-05,1.283e-05,1.2681e-05,1.2517e-05,1.2338e-05,1.2146e-05,1.1955e-05
-9.0604e-09,-2.0466e-07,-3.955e-07,-5.6778e-07,-7.2088e-07,-8.5515e-07,-9.7107e-07,-1.0692e-06,-1.1499e-06,-1.2139e-06,-1.2616e-06,-1.2934e-06,-1.3097e-06,-1.3111e-06,-1.2978e-06,-1.2701e-06,-1.2284e-06,-1.1729e-06,-1.1038e-06,-1.0214e-06,-9.2576e-07,-8.1708e-07,-6.955e-07,-5.6115e-07,-4.1415e-07,-2.5462e-07,-8.2682e-08,1.0155e-07,2.9793e-07,5.0633e-07,7.2657e-07,9.5849e-07,1.2019e-06,1.4565e-06,1.7221e-06,1.9984e-06,2.2852e-06,2.5819e-06,2.8883e-06,3.2039e-06,3.5282e-06,3.8607e-06,4.2009e-06,4.5481e-06,4.9017e-06,5.2609e-06,5.625e-06,5.9932e-06,6.3645e-06,6.7381e-06,7.1129e-06,7.488e-06,7.8622e-06,8.2344e-06,8.6036e-06,8.9684e-06,9.3276e-06,9.68e-06,1.0024e-05,1.0359e-05,1.0683e-05,1.0996e-05,1.1295e-05,1.158e-05,1.1849e-05,1.2101e-05,1.2335e-05,1.2551e-05,1.2747e-05,1.2922e-05,1.3077e-05,1.321e-05,1.332e-05,1.3408e-05,1.3474e-05,1.3517e-05,1.3538e-05,1.3537e-05,1.3514e-05,1.347e-05,1.3405e-05,1.3321e-05,1.3217e-05,1.3096e-05,1.2957e-05,1.2801e-05,1.263e-05,1.2445e-05,1.2246e-05,1.2049e-05
-1.901e-07,-3.9126e-07,-5.8766e-07,-7.6508e-07,-9.2286e-07,-1.0614e-06,-1.181e-06,-1.2824e-06,-1.3661e-06,-1.4325e-06,-1.4821e-06,-1.5156e-06,-1.5332e-06,-1.5355e-06,-1.5227e-06,-1.4954e-06,-1.4536e-06,-1.3978e-06,-1.3282e-06,-1.2449e-06,-1.1481e-06,-1.0381e-06,-9.1493e-07,-7.7873e-07,-6.2962e-07,-4.6773e-07,-2.9317e-07,-1.0605e-07,9.3494e-08,3.0533e-07,5.2932e-07,7.6527e-07,1.013e-06,1.2723e-06,1.5429e-06,1.8246e-06,2.117e-06,2.4199e-06,2.7327e-06,3.0551e-06,3.3866e-06,3.7268e-06,4.0749e-06,4.4305e-06,4.7929e-06,5.1612e-06,5.5349e-06,5.9129e-06,6.2945e-06,6.6786e-06,7.0643e-06,7.4505e-06,7.836e-06,8.2198e-06,8.6007e-06,8.9773e-06,9.3484e-06,9.7126e-06,1.0069e-05,1.0415e-05,1.0751e-05,1.1075e-05,1.1385e-05,1.168e-05,1.1959e-05,1.222e-05,1.2464e-05,1.2687e-05,1.2891e-05,1.3073e-05,1.3233e-05,1.337e-05,1.3485e-05,1.3576e-05,1.3643e-05,1.3688e-05,1.3708e-05,1.3706e-05,1.3681e-05,1.3635e-05,1.3566e-05,1.3478e-05,1.3369e-05,1.3242e-05,1.3097e-05,1.2935e-05,1.2758e-05,1.2565e-05,1.236e-05,1.2156e-05
-3.9154e-07,-5.984e-07,-8.0049e-07,-9.8317e-07,-1.1457e-06,-1.2885e-06,-1.412e-06,-1.5167e-06,-1.6032e-06,-1.6721e-06,-1.7238e-06,-1.7588e-06,-1.7777e-06,-1.7808e-06,-1.7686e-06,-1.7414e-06,-1.6996e-06,-1.6434e-06,-1.573e-06,-1.4888e-06,-1.3908e-06,-1.2792e-06,-1.1543e-06,-1.016e-06,-8.6461e-07,-7.0013e-07,-5.227e-07,-3.3243e-07,-1.2944e-07,8.6142e-08,3.1418e-07,5.5452e-07,8.0697e-07,1.0713e-06,1.3474e-06,1.6349e-06,1.9334e-06,2.2428e-06,2.5626e-06,2.8924e-06,3.2317e-06,3.58e-06,3.9368e-06,4.3014e-06,4.6732e-06,5.0515e-06,5.4354e-06,5.8241e-06,6.2168e-06,6.6123e-06,7.0097e-06,7.4079e-06,7.8058e-06,8.2022e-06,8.5957e-06,8.9852e-06,9.3692e-06,9.7464e-06,1.0115e-05,1.0475e-05,1.0823e-05,1.1159e-05,1.1481e-05,1.1787e-05,1.2077e-05,1.2349e-05,1.2602e-05,1.2835e-05,1.3047e-05,1.3236e-05,1.3402e-05,1.3545e-05,1.3664e-05,1.3758e-05,1.3828e-05,1.3873e-05,1.3894e-05,1.3891e-05,1.3865e-05,1.3815e-05,1.3743e-05,1.365e-05,1.3536e-05,1.3403e-05,1.3252e-05,1.3084e-05,1.2899e-05,1.2699e-05,1.2486e-05,1.2275e-05
-6.1377e-07,-8.2653e-07,-1.0345e-06,-1.2226e-06,-1.39e-06,-1.5372e-06,-1.6646e-06,-1.7727e-06,-1.8622e-06,-1.9334e-06,-1.9871e-06,-2.0238e-06,-2.0439e-06,-2.0478e-06,-2.0361e-06,-2.009e-06,-1.967e-06,-1.9103e-06,-1.8391e-06,-1.7537e-06,-1.6544e-06,-1.5411e-06,-1.4142e-06,-1.2737e-06,-1.1198e-06,-9.5251e-07,-7.7198e-07,-5.7831e-07,-3.7161e-07,-1.5199e-07,8.0414e-08,3.2546e-07,5.8298e-07,8.5278e-07,1.1346e-06,1.4283e-06,1.7335e-06,2.0499e-06,2.3771e-06,2.7148e-06,3.0625e-06,3.4196e-06,3.7856e-06,4.1599e-06,4.5419e-06,4.9307e-06,5.3257e-06,5.7259e-06,6.1304e-06,6.5383e-06,6.9484e-06,7.3596e-06,7.7708e-06,8.1807e-06,8.588e-06,8.9914e-06,9.3894e-06,9.7807e-06,1.0164e-05,1.0537e-05,1.0899e-05,1.1248e-05,1.1583e-05,1.1902e-05,1.2204e-05,1.2488e-05,1.2751e-05,1.2994e-05,1.3214e-05,1.3412e-05,1.3585e-05,1.3734e-05,1.3857e-05,1.3956e-05,1.4028e-05,1.4075e-05,1.4096e-05,1.4092e-05,1.4064e-05,1.4011e-05,1.3936e-05,1.3838e-05,1.3719e-05,1.358e-05,1.3422e-05,1.3246e-05,1.3054e-05,1.2846e-05,1.2625e-05,1.2407e-05
-8.5724e-07,-1.0761e-06,-1.2902e-06,-1.4839e-06,-1.6564e-06,-1.8081e-06,-1.9394e-06,-2.051e-06,-2.1434e-06,-2.2172e-06,-2.2729e-06,-2.3112e-06,-2.3324e-06,-2.3372e-06,-2.3258e-06,-2.2988e-06,-2.2565e-06,-2.1992e-06,-2.1271e-06,-2.0405e-06,-1.9396e-06,-1.8245e-06,-1.6955e-06,-1.5526e-06,-1.3959e-06,-1.2256e-06,-1.0418e-06,-8.4447e-07,-6.3379e-07,-4.0986e-07,-1.728e-07,7.7267e-08,3.4018e-07,6.1577e-07,9.0382e-07,1.2041e-06,1.5163e-06,1.8402e-06,2.1754e-06,2.5215e-06,2.878e-06,3.2445e-06,3.6203e-06,4.005e-06,4.3978e-06,4.798e-06,5.2048e-06,5.6173e-06,6.0346e-06,6.4556e-06,6.8792e-06,7.3044e-06,7.7299e-06,8.1544e-06,8.5766e-06,8.995e-06,9.4082e-06,9.8147e-06,1.0213e-05,1.0601e-05,1.0978e-05,1.1342e-05,1.1691e-05,1.2024e-05,1.2339e-05,1.2635e-05,1.291e-05,1.3164e-05,1.3394e-05,1.3601e-05,1.3782e-05,1.3937e-05,1.4066e-05,1.4169e-05,1.4244e-05,1.4293e-05,1.4315e-05,1.431e-05,1.428e-05,1.4225e-05,1.4145e-05,1.4042e-05,1.3918e-05,1.3772e-05,1.3607e-05,1.3424e-05,1.3223e-05,1.3008e-05,1.2778e-05,1.2552e-05
-1.1224e-06,-1.3477e-06,-1.5681e-06,-1.7676e-06,-1.9454e-06,-2.1017e-06,-2.2372e-06,-2.3524e-06,-2.4478e-06,-2.5241e-06,-2.5819e-06,-2.6217e-06,-2.6441e-06,-2.6496e-06,-2.6386e-06,-2.6116e-06,-2.5689e-06,-2.5108e-06,-2.4377e-06,-2.3498e-06,-2.2472e-06,-2.1302e-06,-1.9988e-06,-1.8534e-06,-1.6938e-06,-1.5203e-06,-1.3329e-06,-1.1317e-06,-9.1683e-07,-6.8833e-07,-4.4633e-07,-1.9095e-07,7.7681e-08,3.5939e-07,6.5399e-07,9.6126e-07,1.2809e-06,1.6127e-06,1.9563e-06,2.3113e-06,2.6772e-06,3.0536e-06,3.44e-06,3.8356e-06,4.2399e-06,4.6522e-06,5.0715e-06,5.4971e-06,5.928e-06,6.3631e-06,6.8013e-06,7.2414e-06,7.6823e-06,8.1225e-06,8.5606e-06,8.9952e-06,9.4247e-06,9.8476e-06,1.0262e-05,1.0667e-05,1.106e-05,1.144e-05,1.1804e-05,1.2152e-05,1.2482e-05,1.2791e-05,1.308e-05,1.3345e-05,1.3586e-05,1.3803e-05,1.3992e-05,1.4155e-05,1.4291e-05,1.4398e-05,1.4477e-05,1.4528e-05,1.455e-05,1.4545e-05,1.4513e-05,1.4455e-05,1.4371e-05,1.4263e-05,1.4133e-05,1.398e-05,1.3808e-05,1.3616e-05,1.3407e-05,1.3183e-05,1.2944e-05,1.2709e-05
-1.4099e-06,-1.6419e-06,-1.869e-06,-2.0745e-06,-2.2577e-06,-2.4189e-06,-2.5586e-06,-2.6774e-06,-2.776e-06,-2.8548e-06,-2.9147e-06,-2.9561e-06,-2.9797e-06,-2.9858e-06,-2.9752e-06,-2.9481e-06,-2.9049e-06,-2.8461e-06,-2.7718e-06,-2.6824e-06,-2.578e-06,-2.4589e-06,-2.3251e-06,-2.1769e-06,-2.0143e-06,-1.8373e-06,-1.6462e-06,-1.4409e-06,-1.2216e-06,-9.883e-07,-7.4111e-07,-4.8013e-07,-2.055e-07,8.2651e-08,3.8414e-07,6.9876e-07,1.0263e-06,1.3664e-06,1.7188e-06,2.0832e-06,2.459e-06,2.8459e-06,3.2433e-06,3.6505e-06,4.067e-06,4.492e-06,4.9247e-06,5.3642e-06,5.8095e-06,6.2596e-06,6.7133e-06,7.1694e-06,7.6266e-06,8.0836e-06,8.5389e-06,8.9909e-06,9.438e-06,9.8786e-06,1.0311e-05,1.0733e-05,1.1144e-05,1.1541e-05,1.1922e-05,1.2287e-05,1.2632e-05,1.2957e-05,1.3259e-05,1.3538e-05,1.3791e-05,1.4018e-05,1.4217e-05,1.4389e-05,1.4531e-05,1.4644e-05,1.4726e-05,1.478e-05,1.4803e-05,1.4798e-05,1.4764e-05,1.4703e-05,1.4615e-05,1.4502e-05,1.4365e-05,1.4205e-05,1.4025e-05,1.3824e-05,1.3606e-05,1.3372e-05,1.3124e-05,1.2879e-05
-1.7202e-06,-1.9593e-06,-2.1933e-06,-2.4051e-06,-2.594e-06,-2.7602e-06,-2.9044e-06,-3.027e-06,-3.1287e-06,-3.2102e-06,-3.2722e-06,-3.3152e-06,-3.3399e-06,-3.3468e-06,-3.3363e-06,-3.3091e-06,-3.2654e-06,-3.2057e-06,-3.1302e-06,-3.0392e-06,-2.9329e-06,-2.8115e-06,-2.6752e-06,-2.524e-06,-2.3582e-06,-2.1777e-06,-1.9826e-06,-1.7731e-06,-1.5491e-06,-1.3108e-06,-1.0581e-06,-7.913e-07,-5.1038e-07,-2.1551e-07,9.3179e-08,4.1549e-07,7.5119e-07,1.1e-06,1.4617e-06,1.8359e-06,2.2221e-06,2.62e-06,3.029e-06,3.4485e-06,3.8778e-06,4.3162e-06,4.763e-06,5.2172e-06,5.6778e-06,6.1438e-06,6.614e-06,7.0871e-06,7.5618e-06,8.0367e-06,8.5102e-06,8.9809e-06,9.4469e-06,9.9066e-06,1.0358e-05,1.08e-05,1.1229e-05,1.1645e-05,1.2045e-05,1.2427e-05,1.2789e-05,1.313e-05,1.3448e-05,1.3741e-05,1.4008e-05,1.4247e-05,1.4457e-05,1.4637e-05,1.4787e-05,1.4906e-05,1.4994e-05,1.505e-05,1.5075e-05,1.5069e-05,1.5034e-05,1.497e-05,1.4877e-05,1.4758e-05,1.4614e-05,1.4447e-05,1.4258e-05,1.4048e-05,1.382e-05,1.3575e-05,1.3316e-05,1.3062e-05
-2.054e-06,-2.3005e-06,-2.5418e-06,-2.7603e-06,-2.9551e-06,-3.1266e-06,-3.2753e-06,-3.4018e-06,-3.5068e-06,-3.5911e-06,-3.6552e-06,-3.6998e-06,-3.7256e-06,-3.7332e-06,-3.723e-06,-3.6955e-06,-3.6513e-06,-3.5905e-06,-3.5137e-06,-3.421e-06,-3.3127e-06,-3.1889e-06,-3.0499e-06,-2.8957e-06,-2.7265e-06,-2.5423e-06,-2.3431e-06,-2.1291e-06,-1.9003e-06,-1.6567e-06,-1.3984e-06,-1.1255e-06,-8.3809e-07,-5.3621e-07,-2.2004e-07,1.1027e-07,4.545e-07,8.1243e-07,1.1838e-06,1.5682e-06,1.9653e-06,2.3747e-06,2.7958e-06,3.228e-06,3.6708e-06,4.1234e-06,4.585e-06,5.0547e-06,5.5314e-06,6.0142e-06,6.5018e-06,6.9929e-06,7.4862e-06,7.9802e-06,8.4733e-06,8.9639e-06,9.4501e-06,9.9303e-06,1.0402e-05,1.0864e-05,1.1314e-05,1.175e-05,1.217e-05,1.2571e-05,1.2953e-05,1.3312e-05,1.3646e-05,1.3955e-05,1.4237e-05,1.4489e-05,1.4711e-05,1.4902e-05,1.5061e-05,1.5186e-05,1.5279e-05,1.5339e-05,1.5366e-05,1.536e-05,1.5323e-05,1.5255e-05,1.5158e-05,1.5034e-05,1.4882e-05,1.4707e-05,1.4508e-05,1.4288e-05,1.4049e-05,1.3793e-05,1.3523e-05,1.3258e-05
-2.4119e-06,-2.6662e-06,-2.9152e-06,-3.1407e-06,-3.3417e-06,-3.5187e-06,-3.6721e-06,-3.8027e-06,-3.9112e-06,-3.9983e-06,-4.0646e-06,-4.1109e-06,-4.1378e-06,-4.146e-06,-4.136e-06,-4.1083e-06,-4.0634e-06,-4.0016e-06,-3.9233e-06,-3.8288e-06,-3.7184e-06,-3.5922e-06,-3.4503e-06,-3.2929e-06,-3.1202e-06,-2.9321e-06,-2.7287e-06,-2.5101e-06,-2.2763e-06,-2.0273e-06,-1.7632e-06,-1.484e-06,-1.1898e-06,-8.8066e-07,-5.5675e-07,-2.1817e-07,1.349e-07,5.0224e-07,8.8359e-07,1.2786e-06,1.687e-06,2.1084e-06,2.5421e-06,2.9877e-06,3.4445e-06,3.9119e-06,4.389e-06,4.875e-06,5.3687e-06,5.8692e-06,6.3752e-06,6.8854e-06,7.3983e-06,7.9126e-06,8.4265e-06,8.9384e-06,9.4463e-06,9.9483e-06,1.0443e-05,1.0927e-05,1.1399e-05,1.1857e-05,1.2298e-05,1.272e-05,1.3122e-05,1.3501e-05,1.3854e-05,1.418e-05,1.4478e-05,1.4745e-05,1.498e-05,1.5183e-05,1.5351e-05,1.5485e-05,1.5583e-05,1.5647e-05,1.5676e-05,1.5671e-05,1.5632e-05,1.5561e-05,1.5459e-05,1.5328e-05,1.5169e-05,1.4984e-05,1.4776e-05,1.4545e-05,1.4295e-05,1.4026e-05,1.3743e-05,1.3466e-05
-2.7947e-06,-3.0573e-06,-3.3143e-06,-3.5471e-06,-3.7547e-06,-3.9374e-06,-4.0958e-06,-4.2307e-06,-4.3428e-06,-4.4327e-06,-4.5013e-06,-4.5493e-06,-4.5774e-06,-4.5862e-06,-4.5763e-06,-4.5483e-06,-4.5027e-06,-4.4398e-06,-4.36e-06,-4.2636e-06,-4.151e-06,-4.0222e-06,-3.8774e-06,-3.7167e-06,-3.5403e-06,-3.3482e-06,-3.1405e-06,-2.9171e-06,-2.6781e-06,-2.4236e-06,-2.1535e-06,-1.8678e-06,-1.5667e-06,-1.2501e-06,-9.1824e-07,-5.7114e-07,-2.0898e-07,1.6806e-07,5.5975e-07,9.6579e-07,1.3859e-06,1.8195e-06,2.2664e-06,2.7259e-06,3.1973e-06,3.6801e-06,4.1734e-06,4.6764e-06,5.1879e-06,5.707e-06,6.2323e-06,6.7626e-06,7.2964e-06,7.8322e-06,8.3682e-06,8.9027e-06,9.4337e-06,9.9592e-06,1.0477e-05,1.0985e-05,1.1481e-05,1.1963e-05,1.2427e-05,1.2873e-05,1.3296e-05,1.3696e-05,1.407e-05,1.4416e-05,1.4731e-05,1.5015e-05,1.5265e-05,1.548e-05,1.5659e-05,1.5801e-05,1.5907e-05,1.5976e-05,1.6007e-05,1.6003e-05,1.5963e-05,1.5888e-05,1.5781e-05,1.5643e-05,1.5476e-05,1.5281e-05,1.5062e-05,1.4819e-05,1.4556e-05,1.4275e-05,1.3978e-05,1.3688e-05
-3.2032e-06,-3.4745e-06,-3.74e-06,-3.9805e-06,-4.195e-06,-4.3837e-06,-4.5474e-06,-4.6867e-06,-4.8024e-06,-4.8953e-06,-4.9663e-06,-5.016e-06,-5.0452e-06,-5.0547e-06,-5.0449e-06,-5.0166e-06,-4.9702e-06,-4.9061e-06,-4.8248e-06,-4.7265e-06,-4.6115e-06,-4.48e-06,-4.3322e-06,-4.1682e-06,-3.988e-06,-3.7918e-06,-3.5796e-06,-3.3513e-06,-3.1071e-06,-2.8468e-06,-2.5706e-06,-2.2783e-06,-1.9701e-06,-1.6459e-06,-1.3059e-06,-9.5007e-07,-5.7859e-07,-1.9159e-07,2.1071e-07,6.2805e-07,1.0601e-06,1.5066e-06,1.967e-06,2.4408e-06,2.9274e-06,3.4262e-06,3.9363e-06,4.457e-06,4.9871e-06,5.5257e-06,6.0713e-06,6.6228e-06,7.1785e-06,7.737e-06,8.2964e-06,8.8549e-06,9.4105e-06,9.961e-06,1.0504e-05,1.1038e-05,1.156e-05,1.2067e-05,1.2556e-05,1.3027e-05,1.3475e-05,1.3898e-05,1.4294e-05,1.4661e-05,1.4996e-05,1.5298e-05,1.5564e-05,1.5793e-05,1.5985e-05,1.6137e-05,1.6251e-05,1.6325e-05,1.636e-05,1.6356e-05,1.6315e-05,1.6237e-05,1.6125e-05,1.5979e-05,1.5803e-05,1.5598e-05,1.5367e-05,1.5111e-05,1.4834e-05,1.4538e-05,1.4227e-05,1.3923e-05
-3.6381e-06,-3.9186e-06,-4.1932e-06,-4.4418e-06,-4.6635e-06,-4.8585e-06,-5.0277e-06,-5.1716e-06,-5.2912e-06,-5.3873e-06,-5.4606e-06,-5.5121e-06,-5.5425e-06,-5.5526e-06,-5.543e-06,-5.5143e-06,-5.467e-06,-5.4017e-06,-5.3187e-06,-5.2184e-06,-5.101e-06,-4.9667e-06,-4.8158e-06,-4.6483e-06,-4.4644e-06,-4.264e-06,-4.0472e-06,-3.814e-06,-3.5644e-06,-3.2983e-06,-3.0158e-06,-2.7169e-06,-2.4014e-06,-2.0695e-06,-1.7212e-06,-1.3564e-06,-9.7545e-07,-5.7829e-07,-1.6515e-07,2.6376e-07,7.0815e-07,1.1677e-06,1.642e-06,2.1306e-06,2.6328e-06,3.1481e-06,3.6757e-06,4.2148e-06,4.7643e-06,5.3231e-06,5.89e-06,6.4636e-06,7.0424e-06,7.6248e-06,8.2089e-06,8.7929e-06,9.3746e-06,9.9518e-06,1.0522e-05,1.1083e-05,1.1632e-05,1.2167e-05,1.2684e-05,1.3182e-05,1.3656e-05,1.4105e-05,1.4525e-05,1.4915e-05,1.5272e-05,1.5594e-05,1.5878e-05,1.6123e-05,1.6329e-05,1.6493e-05,1.6615e-05,1.6696e-05,1.6734e-05,1.6732e-05,1.669e-05,1.6609e-05,1.6491e-05,1.6338e-05,1.6152e-05,1.5935e-05,1.5691e-05,1.5422e-05,1.513e-05,1.4818e-05,1.449e-05,1.417e-05
-4.1005e-06,-4.3907e-06,-4.6748e-06,-4.932e-06,-5.1613e-06,-5.363e-06,-5.5378e-06,-5.6867e-06,-5.8103e-06,-5.9095e-06,-5.9854e-06,-6.0387e-06,-6.0704e-06,-6.081e-06,-6.0715e-06,-6.0424e-06,-5.9943e-06,-5.9276e-06,-5.8429e-06,-5.7405e-06,-5.6207e-06,-5.4836e-06,-5.3295e-06,-5.1585e-06,-4.9707e-06,-4.766e-06,-4.5446e-06,-4.3064e-06,-4.0513e-06,-3.7794e-06,-3.4906e-06,-3.1848e-06,-2.862e-06,-2.5223e-06,-2.1655e-06,-1.7918e-06,-1.4012e-06,-9.937e-07,-5.6953e-07,-1.2886e-07,3.281e-07,8.0102e-07,1.2896e-06,1.7932e-06,2.3116e-06,2.8439e-06,3.3895e-06,3.9475e-06,4.5171e-06,5.097e-06,5.6861e-06,6.2828e-06,6.8858e-06,7.4933e-06,8.1035e-06,8.7144e-06,9.3238e-06,9.9294e-06,1.0529e-05,1.1119e-05,1.1698e-05,1.2262e-05,1.2809e-05,1.3335e-05,1.3839e-05,1.4315e-05,1.4763e-05,1.5178e-05,1.5559e-05,1.5903e-05,1.6207e-05,1.647e-05,1.6691e-05,1.6868e-05,1.7001e-05,1.7089e-05,1.7133e-05,1.7132e-05,1.7089e-05,1.7005e-05,1.6881e-05,1.672e-05,1.6523e-05,1.6295e-05,1.6037e-05,1.5752e-05,1.5443e-05,1.5114e-05,1.4768e-05,1.4432e-05
-4.5913e-06,-4.8918e-06,-5.1859e-06,-5.4522e-06,-5.6894e-06,-5.8981e-06,-6.079e-06,-6.2329e-06,-6.3607e-06,-6.4634e-06,-6.5418e-06,-6.597e-06,-6.6299e-06,-6.6412e-06,-6.6317e-06,-6.6021e-06,-6.5531e-06,-6.4851e-06,-6.3987e-06,-6.2941e-06,-6.1717e-06,-6.0318e-06,-5.8745e-06,-5.6999e-06,-5.5081e-06,-5.2991e-06,-5.073e-06,-4.8297e-06,-4.5692e-06,-4.2914e-06,-3.9962e-06,-3.6836e-06,-3.3535e-06,-3.0058e-06,-2.6406e-06,-2.2578e-06,-1.8574e-06,-1.4395e-06,-1.0042e-06,-5.5163e-07,-8.1949e-08,4.0457e-07,9.0759e-07,1.4267e-06,1.9614e-06,2.5112e-06,3.0753e-06,3.6529e-06,4.2432e-06,4.845e-06,5.4569e-06,6.0778e-06,6.706e-06,7.3398e-06,7.9774e-06,8.6167e-06,9.2553e-06,9.891e-06,1.0521e-05,1.1143e-05,1.1753e-05,1.235e-05,1.2928e-05,1.3487e-05,1.4021e-05,1.4528e-05,1.5005e-05,1.5448e-05,1.5855e-05,1.6224e-05,1.6551e-05,1.6834e-05,1.7072e-05,1.7264e-05,1.7409e-05,1.7506e-05,1.7555e-05,1.7557e-05,1.7514e-05,1.7426e-05,1.7296e-05,1.7126e-05,1.6919e-05,1.6677e-05,1.6404e-05,1.6102e-05,1.5776e-05,1.5427e-05,1.5062e-05,1.4706e-05
-5.1114e-06,-5.4229e-06,-5.7276e-06,-6.0034e-06,-6.2491e-06,-6.4652e-06,-6.6524e-06,-6.8116e-06,-6.9438e-06,-7.0499e-06,-7.1311e-06,-7.1882e-06,-7.2223e-06,-7.2343e-06,-7.2248e-06,-7.1948e-06,-7.1448e-06,-7.0754e-06,-6.9871e-06,-6.8804e-06,-6.7554e-06,-6.6125e-06,-6.4519e-06,-6.2737e-06,-6.0779e-06,-5.8647e-06,-5.6338e-06,-5.3855e-06,-5.1194e-06,-4.8357e-06,-4.5341e-06,-4.2147e-06,-3.8772e-06,-3.5217e-06,-3.148e-06,-2.7561e-06,-2.346e-06,-1.9176e-06,-1.4711e-06,-1.0065e-06,-5.2399e-07,-2.3744e-08,4.9394e-07,1.0287e-06,1.5801e-06,2.1477e-06,2.7306e-06,3.3283e-06,3.9399e-06,4.5641e-06,5.1999e-06,5.8458e-06,6.5002e-06,7.1615e-06,7.8277e-06,8.4968e-06,9.1664e-06,9.834e-06,1.0497e-05,1.1152e-05,1.1796e-05,1.2427e-05,1.304e-05,1.3633e-05,1.4201e-05,1.4741e-05,1.525e-05,1.5724e-05,1.6161e-05,1.6556e-05,1.6908e-05,1.7214e-05,1.7472e-05,1.7681e-05,1.7839e-05,1.7946e-05,1.8003e-05,1.8009e-05,1.7965e-05,1.7875e-05,1.7738e-05,1.7559e-05,1.734e-05,1.7084e-05,1.6794e-05,1.6474e-05,1.6128e-05,1.5758e-05,1.5371e-05,1.4994e-05
-5.6621e-06,-5.9851e-06,-6.3011e-06,-6.587e-06,-6.8416e-06,-7.0654e-06,-7.2593e-06,-7.424e-06,-7.5608e-06,-7.6706e-06,-7.7545e-06,-7.8137e-06,-7.8491e-06,-7.8616e-06,-7.8522e-06,-7.8217e-06,-7.7707e-06,-7.6998e-06,-7.6097e-06,-7.5006e-06,-7.3731e-06,-7.2272e-06,-7.0633e-06,-6.8814e-06,-6.6816e-06,-6.464e-06,-6.2285e-06,-5.975e-06,-5.7035e-06,-5.4139e-06,-5.106e-06,-4.7797e-06,-4.4349e-06,-4.0716e-06,-3.6894e-06,-3.2885e-06,-2.8686e-06,-2.4298e-06,-1.9721e-06,-1.4955e-06,-1.0001e-06,-4.8608e-07,4.637e-08,5.9694e-07,1.1652e-06,1.7508e-06,2.353e-06,2.9711e-06,3.6044e-06,4.2517e-06,4.9119e-06,5.5836e-06,6.2653e-06,6.9551e-06,7.6513e-06,8.3516e-06,9.0537e-06,9.7549e-06,1.0452e-05,1.1143e-05,1.1824e-05,1.2491e-05,1.3141e-05,1.3771e-05,1.4376e-05,1.4952e-05,1.5497e-05,1.6005e-05,1.6474e-05,1.69e-05,1.728e-05,1.7611e-05,1.7891e-05,1.8119e-05,1.8293e-05,1.8412e-05,1.8477e-05,1.8487e-05,1.8445e-05,1.8351e-05,1.8209e-05,1.802e-05,1.7788e-05,1.7516e-05,1.7209e-05,1.6869e-05,1.65e-05,1.6108e-05,1.5696e-05,1.5296e-05
-6.2445e-06,-6.5797e-06,-6.9076e-06,-7.2042e-06,-7.4682e-06,-7.7002e-06,-7.901e-06,-8.0716e-06,-8.2132e-06,-8.3268e-06,-8.4136e-06,-8.4748e-06,-8.5115e-06,-8.5246e-06,-8.5152e-06,-8.4841e-06,-8.4321e-06,-8.3597e-06,-8.2676e-06,-8.1563e-06,-8.026e-06,-7.8771e-06,-7.7098e-06,-7.5243e-06,-7.3205e-06,-7.0985e-06,-6.8583e-06,-6.5998e-06,-6.3229e-06,-6.0274e-06,-5.7132e-06,-5.3802e-06,-5.0282e-06,-4.6571e-06,-4.2666e-06,-3.8567e-06,-3.4272e-06,-2.9781e-06,-2.5093e-06,-2.0207e-06,-1.5125e-06,-9.8471e-07,-4.3749e-07,1.2891e-07,7.1416e-07,1.3179e-06,1.9395e-06,2.5783e-06,3.2337e-06,3.9046e-06,4.5899e-06,5.2881e-06,5.9978e-06,6.7173e-06,7.4445e-06,8.1774e-06,8.9135e-06,9.6501e-06,1.0384e-05,1.1113e-05,1.1832e-05,1.2539e-05,1.3229e-05,1.3899e-05,1.4543e-05,1.5159e-05,1.5742e-05,1.6288e-05,1.6793e-05,1.7252e-05,1.7663e-05,1.8023e-05,1.8329e-05,1.8579e-05,1.877e-05,1.8904e-05,1.8978e-05,1.8995e-05,1.8954e-05,1.8858e-05,1.8709e-05,1.8511e-05,1.8265e-05,1.7977e-05,1.7649e-05,1.7287e-05,1.6895e-05,1.6476e-05,1.6038e-05,1.5612e-05
-6.8598e-06,-7.2081e-06,-7.5486e-06,-7.8565e-06,-8.1304e-06,-8.371e-06,-8.5791e-06,-8.7559e-06,-8.9024e-06,-9.0199e-06,-9.1097e-06,-9.1731e-06,-9.211e-06,-9.2248e-06,-9.2153e-06,-9.1836e-06,-9.1304e-06,-9.0565e-06,-8.9624e-06,-8.8487e-06,-8.7157e-06,-8.5638e-06,-8.3931e-06,-8.2038e-06,-7.996e-06,-7.7697e-06,-7.5249e-06,-7.2614e-06,-6.9791e-06,-6.6779e-06,-6.3575e-06,-6.0179e-06,-5.6588e-06,-5.28e-06,-4.8814e-06,-4.4626e-06,-4.0237e-06,-3.5644e-06,-3.0846e-06,-2.5843e-06,-2.0634e-06,-1.522e-06,-9.6009e-07,-3.7793e-07,2.2426e-07,8.4614e-07,1.4872e-06,2.147e-06,2.8247e-06,3.5195e-06,4.2303e-06,4.9556e-06,5.6941e-06,6.4441e-06,7.2036e-06,7.9704e-06,8.742e-06,9.5157e-06,1.0288e-05,1.1057e-05,1.1817e-05,1.2566e-05,1.3299e-05,1.4012e-05,1.47e-05,1.5359e-05,1.5984e-05,1.6571e-05,1.7115e-05,1.7612e-05,1.8058e-05,1.845e-05,1.8785e-05,1.9059e-05,1.9272e-05,1.9422e-05,1.9509e-05,1.9533e-05,1.9495e-05,1.9397e-05,1.9242e-05,1.9033e-05,1.8773e-05,1.8466e-05,1.8118e-05,1.7731e-05,1.7312e-05,1.6865e-05,1.6397e-05,1.5943e-05
-7.5095e-06,-7.8715e-06,-8.2254e-06,-8.5453e-06,-8.8297e-06,-9.0794e-06,-9.2952e-06,-9.4784e-06,-9.6301e-06,-9.7517e-06,-9.8446e-06,-9.91e-06,-9.9493e-06,-9.9636e-06,-9.9541e-06,-9.9217e-06,-9.8673e-06,-9.7917e-06,-9.6955e-06,-9.5794e-06,-9.4436e-06,-9.2886e-06,-9.1145e-06,-8.9215e-06,-8.7097e-06,-8.4791e-06,-8.2297e-06,-7.9612e-06,-7.6737e-06,-7.3668e-06,-7.0404e-06,-6.6944e-06,-6.3283e-06,-5.9421e-06,-5.5355e-06,-5.1082e-06,-4.66e-06,-4.1907e-06,-3.7003e-06,-3.1884e-06,-2.6551e-06,-2.1003e-06,-1.5239e-06,-9.2622e-07,-3.0725e-07,3.3269e-07,9.9323e-07,1.6739e-06,2.374e-06,3.0929e-06,3.8295e-06,4.5824e-06,5.3503e-06,6.1315e-06,6.9242e-06,7.726e-06,8.5346e-06,9.347e-06,1.016e-05,1.0971e-05,1.1775e-05,1.2568e-05,1.3347e-05,1.4106e-05,1.4841e-05,1.5547e-05,1.6218e-05,1.6851e-05,1.7438e-05,1.7977e-05,1.8463e-05,1.8891e-05,1.9258e-05,1.9561e-05,1.9798e-05,1.9968e-05,2.0069e-05,2.0103e-05,2.0069e-05,1.997e-05,1.9809e-05,1.9589e-05,1.9314e-05,1.8988e-05,1.8616e-05,1.8203e-05,1.7755e-05,1.7276e-05,1.6775e-05,1.6288e-05
-8.1949e-06,-8.5716e-06,-8.9397e-06,-9.2723e-06,-9.5678e-06,-9.8271e-06,-1.0051e-05,-1.0241e-05,-1.0398e-05,-1.0524e-05,-1.062e-05,-1.0687e-05,-1.0728e-05,-1.0743e-05,-1.0733e-05,-1.07e-05,-1.0644e-05,-1.0567e-05,-1.0469e-05,-1.035e-05,-1.0211e-05,-1.0053e-05,-9.8756e-06,-9.6789e-06,-9.4631e-06,-9.2283e-06,-8.9742e-06,-8.701e-06,-8.4082e-06,-8.0959e-06,-7.7637e-06,-7.4113e-06,-7.0386e-06,-6.6451e-06,-6.2308e-06,-5.7952e-06,-5.3381e-06,-4.8592e-06,-4.3584e-06,-3.8353e-06,-3.2899e-06,-2.722e-06,-2.1316e-06,-1.5187e-06,-8.8323e-07,-2.2549e-07,4.5427e-07,1.1557e-06,1.8781e-06,2.6212e-06,3.3836e-06,4.1644e-06,4.9621e-06,5.7752e-06,6.6018e-06,7.4398e-06,8.2865e-06,9.1393e-06,9.9948e-06,1.085e-05,1.17e-05,1.2541e-05,1.3369e-05,1.4178e-05,1.4963e-05,1.572e-05,1.6442e-05,1.7123e-05,1.776e-05,1.8345e-05,1.8874e-05,1.9343e-05,1.9748e-05,2.0084e-05,2.0349e-05,2.0542e-05,2.066e-05,2.0706e-05,2.0678e-05,2.058e-05,2.0413e-05,2.0182e-05,1.9891e-05,1.9544e-05,1.9147e-05,1.8705e-05,1.8224e-05,1.771e-05,1.7172e-05,1.6649e-05
-8.9177e-06,-9.31e-06,-9.6931e-06,-1.0039e-05,-1.0346e-05,-1.0616e-05,-1.0848e-05,-1.1045e-05,-1.1208e-05,-1.1338e-05,-1.1437e-05,-1.1507e-05,-1.1549e-05,-1.1564e-05,-1.1554e-05,-1.152e-05,-1.1463e-05,-1.1384e-05,-1.1283e-05,-1.1162e-05,-1.102e-05,-1.0859e-05,-1.0678e-05,-1.0477e-05,-1.0258e-05,-1.0019e-05,-9.7602e-06,-9.4821e-06,-9.1844e-06,-8.8667e-06,-8.5288e-06,-8.1704e-06,-7.7912e-06,-7.3909e-06,-6.9691e-06,-6.5255e-06,-6.0599e-06,-5.5718e-06,-5.061e-06,-4.5273e-06,-3.9703e-06,-3.3898e-06,-2.7858e-06,-2.158e-06,-1.5066e-06,-8.3147e-07,-1.3289e-07,5.8888e-07,1.3334e-06,2.1004e-06,2.8887e-06,3.6974e-06,4.5251e-06,5.3705e-06,6.2316e-06,7.1064e-06,7.9925e-06,8.8869e-06,9.7865e-06,1.0688e-05,1.1586e-05,1.2478e-05,1.3357e-05,1.422e-05,1.506e-05,1.5871e-05,1.6649e-05,1.7385e-05,1.8075e-05,1.8712e-05,1.929e-05,1.9805e-05,2.0252e-05,2.0626e-05,2.0924e-05,2.1144e-05,2.1284e-05,2.1344e-05,2.1325e-05,2.1228e-05,2.1057e-05,2.0815e-05,2.0507e-05,2.0137e-05,1.9713e-05,1.9239e-05,1.8722e-05,1.8169e-05,1.759e-05,1.7027e-05
-9.6794e-06,-1.0088e-05,-1.0488e-05,-1.0848e-05,-1.1168e-05,-1.1448e-05,-1.1689e-05,-1.1893e-05,-1.2062e-05,-1.2196e-05,-1.2299e-05,-1.2371e-05,-1.2414e-05,-1.2429e-05,-1.2419e-05,-1.2384e-05,-1.2325e-05,-1.2244e-05,-1.2141e-05,-1.2017e-05,-1.1872e-05,-1.1708e-05,-1.1523e-05,-1.1319e-05,-1.1095e-05,-1.0852e-05,-1.0589e-05,-1.0306e-05,-1.0004e-05,-9.6809e-06,-9.3375e-06,-8.9733e-06,-8.588e-06,-8.1811e-06,-7.7523e-06,-7.3012e-06,-6.8274e-06,-6.3307e-06,-5.8104e-06,-5.2665e-06,-4.6984e-06,-4.106e-06,-3.4889e-06,-2.847e-06,-2.1802e-06,-1.4884e-06,-7.7156e-07,-2.9948e-08,7.3618e-07,1.5266e-06,2.3404e-06,3.1768e-06,4.0345e-06,4.9122e-06,5.8082e-06,6.7206e-06,7.6468e-06,8.584e-06,9.5292e-06,1.0478e-05,1.1428e-05,1.2372e-05,1.3307e-05,1.4227e-05,1.5126e-05,1.5997e-05,1.6834e-05,1.763e-05,1.8379e-05,1.9073e-05,1.9707e-05,2.0274e-05,2.0769e-05,2.1186e-05,2.1522e-05,2.1774e-05,2.194e-05,2.2018e-05,2.201e-05,2.1918e-05,2.1743e-05,2.1491e-05,2.1165e-05,2.0772e-05,2.0317e-05,1.9809e-05,1.9252e-05,1.8656e-05,1.803e-05,1.7422e-05
-1.0482e-05,-1.0909e-05,-1.1325e-05,-1.17e-05,-1.2033e-05,-1.2325e-05,-1.2575e-05,-1.2787e-05,-1.2962e-05,-1.3101e-05,-1.3207e-05,-1.3281e-05,-1.3325e-05,-1.3341e-05,-1.333e-05,-1.3293e-05,-1.3233e-05,-1.3149e-05,-1.3044e-05,-1.2917e-05,-1.2769e-05,-1.2601e-05,-1.2413e-05,-1.2205e-05,-1.1977e-05,-1.173e-05,-1.1462e-05,-1.1175e-05,-1.0868e-05,-1.054e-05,-1.0191e-05,-9.8218e-06,-9.4306e-06,-9.0175e-06,-8.5821e-06,-8.1239e-06,-7.6426e-06,-7.1377e-06,-6.6086e-06,-6.0551e-06,-5.4767e-06,-4.8731e-06,-4.2438e-06,-3.5885e-06,-2.9071e-06,-2.1993e-06,-1.4651e-06,-7.0439e-07,8.2584e-08,8.9567e-07,1.7344e-06,2.598e-06,3.4853e-06,4.3952e-06,5.3262e-06,6.2763e-06,7.2432e-06,8.2242e-06,9.2161e-06,1.0215e-05,1.1217e-05,1.2218e-05,1.3211e-05,1.4192e-05,1.5153e-05,1.6088e-05,1.699e-05,1.7852e-05,1.8666e-05,1.9425e-05,2.012e-05,2.0746e-05,2.1295e-05,2.1763e-05,2.2143e-05,2.2433e-05,2.2629e-05,2.2731e-05,2.2738e-05,2.2652e-05,2.2475e-05,2.2213e-05,2.1869e-05,2.1451e-05,2.0965e-05,2.0418e-05,1.9818e-05,1.9174e-05,1.8496e-05,1.7837e-05
-1.1327e-05,-1.1773e-05,-1.2207e-05,-1.2599e-05,-1.2946e-05,-1.3249e-05,-1.351e-05,-1.3729e-05,-1.391e-05,-1.4054e-05,-1.4163e-05,-1.4239e-05,-1.4284e-05,-1.43e-05,-1.4288e-05,-1.425e-05,-1.4188e-05,-1.4102e-05,-1.3993e-05,-1.3863e-05,-1.3712e-05,-1.354e-05,-1.3349e-05,-1.3137e-05,-1.2905e-05,-1.2653e-05,-1.2382e-05,-1.209e-05,-1.1778e-05,-1.1446e-05,-1.1092e-05,-1.0717e-05,-1.0321e-05,-9.9018e-06,-9.4602e-06,-8.9956e-06,-8.5072e-06,-7.9948e-06,-7.4576e-06,-6.8954e-06,-6.3074e-06,-5.6934e-06,-5.0527e-06,-4.3851e-06,-3.6901e-06,-2.9674e-06,-2.2167e-06,-1.438e-06,-6.3123e-07,2.0357e-07,1.0664e-06,1.9563e-06,2.8725e-06,3.8141e-06,4.7796e-06,5.7674e-06,6.7752e-06,7.8005e-06,8.8402e-06,9.8906e-06,1.0947e-05,1.2006e-05,1.3061e-05,1.4105e-05,1.5134e-05,1.6138e-05,1.7111e-05,1.8044e-05,1.893e-05,1.9759e-05,2.0524e-05,2.1216e-05,2.1828e-05,2.2353e-05,2.2785e-05,2.3119e-05,2.3352e-05,2.3482e-05,2.3508e-05,2.3432e-05,2.3257e-05,2.2986e-05,2.2624e-05,2.218e-05,2.1659e-05,2.107e-05,2.0422e-05,1.9725e-05,1.8989e-05,1.8273e-05
-1.2217e-05,-1.2683e-05,-1.3137e-05,-1.3546e-05,-1.3908e-05,-1.4224e-05,-1.4494e-05,-1.4723e-05,-1.491e-05,-1.5058e-05,-1.517e-05,-1.5248e-05,-1.5294e-05,-1.5309e-05,-1.5296e-05,-1.5257e-05,-1.5192e-05,-1.5103e-05,-1.4992e-05,-1.4858e-05,-1.4703e-05,-1.4528e-05,-1.4332e-05,-1.4116e-05,-1.3881e-05,-1.3625e-05,-1.3349e-05,-1.3053e-05,-1.2737e-05,-1.24e-05,-1.2041e-05,-1.1661e-05,-1.126e-05,-1.0836e-05,-1.0388e-05,-9.9177e-06,-9.423e-06,-8.9038e-06,-8.3593e-06,-7.7891e-06,-7.1926e-06,-6.5691e-06,-5.9182e-06,-5.2393e-06,-4.5319e-06,-3.7955e-06,-3.0298e-06,-2.2343e-06,-1.409e-06,-5.5378e-07,3.3176e-07,1.2468e-06,2.1909e-06,3.1632e-06,4.1626e-06,5.1875e-06,6.236e-06,7.3057e-06,8.3936e-06,9.4963e-06,1.0609e-05,1.1728e-05,1.2847e-05,1.3959e-05,1.5059e-05,1.6137e-05,1.7186e-05,1.8198e-05,1.9162e-05,2.007e-05,2.0912e-05,2.1679e-05,2.2362e-05,2.2953e-05,2.3444e-05,2.3831e-05,2.4109e-05,2.4273e-05,2.4325e-05,2.4263e-05,2.4091e-05,2.3813e-05,2.3435e-05,2.2962e-05,2.2405e-05,2.1771e-05,2.1071e-05,2.0314e-05,1.9513e-05,1.8733e-05
-1.3155e-05,-1.3642e-05,-1.4117e-05,-1.4544e-05,-1.4922e-05,-1.5251e-05,-1.5532e-05,-1.5769e-05,-1.5963e-05,-1.6116e-05,-1.6231e-05,-1.6311e-05,-1.6357e-05,-1.6371e-05,-1.6357e-05,-1.6315e-05,-1.6248e-05,-1.6156e-05,-1.6041e-05,-1.5904e-05,-1.5745e-05,-1.5565e-05,-1.5365e-05,-1.5145e-05,-1.4905e-05,-1.4645e-05,-1.4365e-05,-1.4065e-05,-1.3744e-05,-1.3403e-05,-1.304e-05,-1.2656e-05,-1.2249e-05,-1.182e-05,-1.1368e-05,-1.0892e-05,-1.0392e-05,-9.8663e-06,-9.3154e-06,-8.7382e-06,-8.1341e-06,-7.5025e-06,-6.8425e-06,-6.1536e-06,-5.4352e-06,-4.6865e-06,-3.9072e-06,-3.0966e-06,-2.2544e-06,-1.3803e-06,-4.7373e-07,4.6493e-07,1.4353e-06,2.4369e-06,3.4689e-06,4.5299e-06,5.6184e-06,6.7321e-06,7.8683e-06,9.0237e-06,1.0194e-05,1.1375e-05,1.256e-05,1.3743e-05,1.4918e-05,1.6075e-05,1.7207e-05,1.8302e-05,1.9353e-05,2.0348e-05,2.1276e-05,2.2127e-05,2.289e-05,2.3557e-05,2.4119e-05,2.4568e-05,2.4898e-05,2.5106e-05,2.5189e-05,2.5147e-05,2.4983e-05,2.4701e-05,2.4306e-05,2.3805e-05,2.3209e-05,2.2527e-05,2.1768e-05,2.0946e-05,2.0074e-05,1.9221e-05
-1.4142e-05,-1.4653e-05,-1.515e-05,-1.5597e-05,-1.5991e-05,-1.6334e-05,-1.6627e-05,-1.6872e-05,-1.7072e-05,-1.723e-05,-1.7348e-05,-1.7429e-05,-1.7475e-05,-1.7489e-05,-1.7472e-05,-1.7428e-05,-1.7357e-05,-1.7262e-05,-1.7143e-05,-1.7001e-05,-1.6838e-05,-1.6654e-05,-1.645e-05,-1.6225e-05,-1.5981e-05,-1.5717e-05,-1.5432e-05,-1.5128e-05,-1.4803e-05,-1.4457e-05,-1.409e-05,-1.3701e-05,-1.3291e-05,-1.2857e-05,-1.24e-05,-1.192e-05,-1.1414e-05,-1.0884e-05,-1.0327e-05,-9.7443e-06,-9.1338e-06,-8.4951e-06,-7.8275e-06,-7.1301e-06,-6.4022e-06,-5.643e-06,-4.8518e-06,-4.028e-06,-3.1708e-06,-2.2798e-06,-1.3543e-06,-3.9406e-07,6.007e-07,1.6297e-06,2.6925e-06,3.788e-06,4.9151e-06,6.0718e-06,7.2557e-06,8.4637e-06,9.6919e-06,1.0936e-05,1.2189e-05,1.3447e-05,1.47e-05,1.5941e-05,1.716e-05,1.8347e-05,1.9492e-05,2.0582e-05,2.1606e-05,2.2551e-05,2.3406e-05,2.416e-05,2.4803e-05,2.5325e-05,2.5718e-05,2.5978e-05,2.6102e-05,2.6087e-05,2.5936e-05,2.5653e-05,2.5243e-05,2.4715e-05,2.4078e-05,2.3343e-05,2.2522e-05,2.1627e-05,2.0675e-05,1.9741e-05
-1.5181e-05,-1.5717e-05,-1.6238e-05,-1.6706e-05,-1.7118e-05,-1.7475e-05,-1.778e-05,-1.8035e-05,-1.8242e-05,-1.8404e-05,-1.8524e-05,-1.8606e-05,-1.8652e-05,-1.8664e-05,-1.8645e-05,-1.8597e-05,-1.8522e-05,-1.8423e-05,-1.8299e-05,-1.8153e-05,-1.7985e-05,-1.7796e-05,-1.7587e-05,-1.7358e-05,-1.7109e-05,-1.684e-05,-1.6551e-05,-1.6243e-05,-1.5913e-05,-1.5563e-05,-1.5192e-05,-1.48e-05,-1.4385e-05,-1.3947e-05,-1.3487e-05,-1.3002e-05,-1.2492e-05,-1.1958e-05,-1.1397e-05,-1.0809e-05,-1.0193e-05,-9.5486e-06,-8.8748e-06,-8.1706e-06,-7.435e-06,-6.6672e-06,-5.8662e-06,-5.0312e-06,-4.1613e-06,-3.2557e-06,-2.3138e-06,-1.3344e-06,-3.1779e-07,7.3619e-07,1.8274e-06,2.9553e-06,4.119e-06,5.317e-06,6.5473e-06,7.8071e-06,9.0928e-06,1.04e-05,1.1724e-05,1.3057e-05,1.4392e-05,1.5721e-05,1.7034e-05,1.8319e-05,1.9566e-05,2.0761e-05,2.1891e-05,2.2942e-05,2.3901e-05,2.4755e-05,2.5491e-05,2.6098e-05,2.6567e-05,2.6891e-05,2.7065e-05,2.7086e-05,2.6955e-05,2.6676e-05,2.6254e-05,2.5699e-05,2.502e-05,2.4229e-05,2.3339e-05,2.2364e-05,2.1323e-05,2.0299e-05
-1.6276e-05,-1.6839e-05,-1.7386e-05,-1.7876e-05,-1.8307e-05,-1.868e-05,-1.8997e-05,-1.9261e-05,-1.9474e-05,-1.9641e-05,-1.9763e-05,-1.9845e-05,-1.989e-05,-1.9899e-05,-1.9877e-05,-1.9825e-05,-1.9746e-05,-1.9641e-05,-1.9512e-05,-1.9361e-05,-1.9188e-05,-1.8994e-05,-1.8779e-05,-1.8545e-05,-1.8291e-05,-1.8017e-05,-1.7724e-05,-1.7411e-05,-1.7077e-05,-1.6723e-05,-1.6348e-05,-1.5951e-05,-1.5533e-05,-1.5092e-05,-1.4628e-05,-1.4139e-05,-1.3627e-05,-1.3088e-05,-1.2524e-05,-1.1932e-05,-1.1313e-05,-1.0664e-05,-9.9857e-06,-9.2764e-06,-8.535e-06,-7.7607e-06,-6.9522e-06,-6.1084e-06,-5.2284e-06,-4.311e-06,-3.3553e-06,-2.3599e-06,-1.3245e-06,-2.4858e-07,8.6806e-07,2.0254e-06,3.223e-06,4.4598e-06,5.7343e-06,7.0443e-06,8.3866e-06,9.7572e-06,1.1151e-05,1.2562e-05,1.3982e-05,1.5403e-05,1.6814e-05,1.8205e-05,1.9561e-05,2.0871e-05,2.2118e-05,2.3287e-05,2.4363e-05,2.5331e-05,2.6175e-05,2.6883e-05,2.7442e-05,2.7843e-05,2.8079e-05,2.8146e-05,2.8044e-05,2.7776e-05,2.7346e-05,2.6765e-05,2.6043e-05,2.5192e-05,2.4228e-05,2.3166e-05,2.2027e-05,2.0902e-05
-1.743e-05,-1.8022e-05,-1.8597e-05,-1.9111e-05,-1.9562e-05,-1.9951e-05,-2.028e-05,-2.0554e-05,-2.0774e-05,-2.0944e-05,-2.1068e-05,-2.115e-05,-2.1192e-05,-2.1198e-05,-2.1172e-05,-2.1115e-05,-2.103e-05,-2.092e-05,-2.0785e-05,-2.0627e-05,-2.0448e-05,-2.0248e-05,-2.0027e-05,-1.9787e-05,-1.9528e-05,-1.9249e-05,-1.8951e-05,-1.8633e-05,-1.8295e-05,-1.7936e-05,-1.7558e-05,-1.7157e-05,-1.6736e-05,-1.6291e-05,-1.5824e-05,-1.5333e-05,-1.4818e-05,-1.4277e-05,-1.371e-05,-1.3116e-05,-1.2493e-05,-1.1842e-05,-1.1161e-05,-1.0448e-05,-9.7034e-06,-8.9248e-06,-8.1112e-06,-7.2614e-06,-6.3741e-06,-5.448e-06,-4.4818e-06,-3.4739e-06,-2.4232e-06,-1.329e-06,-1.9054e-07,9.9258e-07,2.2205e-06,3.4928e-06,4.8086e-06,6.1661e-06,7.5629e-06,8.9954e-06,1.0459e-05,1.1948e-05,1.3455e-05,1.4971e-05,1.6486e-05,1.7987e-05,1.9463e-05,2.0896e-05,2.2272e-05,2.3572e-05,2.478e-05,2.5877e-05,2.6846e-05,2.7671e-05,2.8336e-05,2.883e-05,2.9143e-05,2.927e-05,2.9207e-05,2.8958e-05,2.8527e-05,2.7922e-05,2.7157e-05,2.6244e-05,2.5201e-05,2.4043e-05,2.2795e-05,2.1558e-05
-1.8646e-05,-1.927e-05,-1.9875e-05,-2.0414e-05,-2.0886e-05,-2.1292e-05,-2.1635e-05,-2.1918e-05,-2.2144e-05,-2.2318e-05,-2.2443e-05,-2.2523e-05,-2.2562e-05,-2.2565e-05,-2.2533e-05,-2.247e-05,-2.2378e-05,-2.2261e-05,-2.2118e-05,-2.1954e-05,-2.1767e-05,-2.156e-05,-2.1333e-05,-2.1087e-05,-2.0821e-05,-2.0537e-05,-2.0233e-05,-1.991e-05,-1.9567e-05,-1.9205e-05,-1.8822e-05,-1.8418e-05,-1.7993e-05,-1.7546e-05,-1.7076e-05,-1.6583e-05,-1.6065e-05,-1.5523e-05,-1.4954e-05,-1.4359e-05,-1.3735e-05,-1.3083e-05,-1.2401e-05,-1.1687e-05,-1.094e-05,-1.016e-05,-9.344e-06,-8.4911e-06,-7.5998e-06,-6.6683e-06,-5.6952e-06,-4.6787e-06,-3.6167e-06,-2.5085e-06,-1.3526e-06,-1.4812e-07,1.1058e-06,2.4093e-06,3.7623e-06,5.1638e-06,6.612e-06,8.104e-06,9.636e-06,1.1203e-05,1.2797e-05,1.441e-05,1.6033e-05,1.7652e-05,1.9253e-05,2.082e-05,2.2336e-05,2.3782e-05,2.5137e-05,2.6381e-05,2.7492e-05,2.8453e-05,2.9243e-05,2.9849e-05,3.0257e-05,3.0459e-05,3.0449e-05,3.023e-05,2.9804e-05,2.9181e-05,2.8373e-05,2.7397e-05,2.6268e-05,2.5007e-05,2.364e-05,2.2278e-05
-1.9929e-05,-2.0588e-05,-2.1225e-05,-2.1792e-05,-2.2286e-05,-2.271e-05,-2.3066e-05,-2.3358e-05,-2.359e-05,-2.3766e-05,-2.3891e-05,-2.3969e-05,-2.4004e-05,-2.4001e-05,-2.3962e-05,-2.3892e-05,-2.3792e-05,-2.3666e-05,-2.3515e-05,-2.3342e-05,-2.3148e-05,-2.2933e-05,-2.2698e-05,-2.2444e-05,-2.2172e-05,-2.1881e-05,-2.1571e-05,-2.1242e-05,-2.0895e-05,-2.0528e-05,-2.0141e-05,-1.9733e-05,-1.9305e-05,-1.8855e-05,-1.8383e-05,-1.7888e-05,-1.7369e-05,-1.6826e-05,-1.6257e-05,-1.5661e-05,-1.5038e-05,-1.4386e-05,-1.3704e-05,-1.2991e-05,-1.2246e-05,-1.1466e-05,-1.065e-05,-9.7975e-06,-8.9055e-06,-7.9724e-06,-6.9964e-06,-5.9754e-06,-4.907e-06,-3.7895e-06,-2.6213e-06,-1.4005e-06,-1.259e-07,1.2037e-06,2.5889e-06,4.0295e-06,5.5248e-06,7.0727e-06,8.6702e-06,1.0313e-05,1.1994e-05,1.3706e-05,1.5439e-05,1.718e-05,1.8914e-05,2.0625e-05,2.2294e-05,2.3899e-05,2.5417e-05,2.6826e-05,2.8101e-05,2.9218e-05,3.0156e-05,3.0895e-05,3.1418e-05,3.1714e-05,3.1774e-05,3.1598e-05,3.1188e-05,3.0553e-05,2.9706e-05,2.8663e-05,2.7445e-05,2.6072e-05,2.4574e-05,2.3076e-05
-2.1284e-05,-2.198e-05,-2.2652e-05,-2.3248e-05,-2.3767e-05,-2.4209e-05,-2.4579e-05,-2.488e-05,-2.5117e-05,-2.5295e-05,-2.5418e-05,-2.5492e-05,-2.5522e-05,-2.5511e-05,-2.5464e-05,-2.5384e-05,-2.5274e-05,-2.5138e-05,-2.4978e-05,-2.4795e-05,-2.459e-05,-2.4366e-05,-2.4123e-05,-2.3861e-05,-2.358e-05,-2.3282e-05,-2.2966e-05,-2.2631e-05,-2.2278e-05,-2.1905e-05,-2.1514e-05,-2.1103e-05,-2.0671e-05,-2.0219e-05,-1.9745e-05,-1.9248e-05,-1.8728e-05,-1.8185e-05,-1.7616e-05,-1.7021e-05,-1.6399e-05,-1.575e-05,-1.507e-05,-1.436e-05,-1.3618e-05,-1.2841e-05,-1.2029e-05,-1.118e-05,-1.029e-05,-9.3597e-06,-8.3851e-06,-7.3642e-06,-6.2945e-06,-5.1732e-06,-3.9982e-06,-2.7671e-06,-1.4778e-06,-1.2827e-07,1.283e-06,2.7569e-06,4.2936e-06,5.8923e-06,7.551e-06,9.2662e-06,1.1033e-05,1.2843e-05,1.4688e-05,1.6554e-05,1.8428e-05,2.0292e-05,2.2125e-05,2.3903e-05,2.5603e-05,2.7197e-05,2.8657e-05,2.9955e-05,3.1064e-05,3.1961e-05,3.2623e-05,3.3035e-05,3.3185e-05,3.3069e-05,3.2688e-05,3.205e-05,3.1168e-05,3.006e-05,2.8748e-05,2.7255e-05,2.5615e-05,2.3965e-05
-2.2715e-05,-2.3452e-05,-2.4161e-05,-2.479e-05,-2.5333e-05,-2.5795e-05,-2.6179e-05,-2.6489e-05,-2.673e-05,-2.6908e-05,-2.7029e-05,-2.7097e-05,-2.7119e-05,-2.7098e-05,-2.704e-05,-2.6949e-05,-2.6828e-05,-2.668e-05,-2.6508e-05,-2.6313e-05,-2.6097e-05,-2.5862e-05,-2.5609e-05,-2.5337e-05,-2.5048e-05,-2.4741e-05,-2.4417e-05,-2.4075e-05,-2.3715e-05,-2.3337e-05,-2.2941e-05,-2.2526e-05,-2.2091e-05,-2.1635e-05,-2.1159e-05,-2.0661e-05,-2.0141e-05,-1.9598e-05,-1.903e-05,-1.8437e-05,-1.7818e-05,-1.7172e-05,-1.6497e-05,-1.5791e-05,-1.5054e-05,-1.4284e-05,-1.3478e-05,-1.2635e-05,-1.1753e-05,-1.0828e-05,-9.8596e-06,-8.8438e-06,-7.7781e-06,-6.6588e-06,-5.4833e-06,-4.2484e-06,-2.9513e-06,-1.5889e-06,-1.5877e-07,1.3412e-06,2.9125e-06,4.5556e-06,6.2698e-06,8.0529e-06,9.9008e-06,1.1807e-05,1.3764e-05,1.5759e-05,1.7777e-05,1.9801e-05,2.1809e-05,2.3776e-05,2.5675e-05,2.7474e-05,2.9142e-05,3.0647e-05,3.1956e-05,3.3038e-05,3.3867e-05,3.4422e-05,3.4686e-05,3.4651e-05,3.4316e-05,3.3686e-05,3.2776e-05,3.1604e-05,3.0195e-05,2.8575e-05,2.6781e-05,2.4966e-05
-2.4229e-05,-2.5011e-05,-2.5761e-05,-2.6423e-05,-2.6994e-05,-2.7476e-05,-2.7874e-05,-2.8191e-05,-2.8436e-05,-2.8612e-05,-2.8728e-05,-2.8788e-05,-2.8799e-05,-2.8767e-05,-2.8696e-05,-2.8591e-05,-2.8456e-05,-2.8294e-05,-2.8107e-05,-2.7899e-05,-2.767e-05,-2.7422e-05,-2.7156e-05,-2.6873e-05,-2.6573e-05,-2.6257e-05,-2.5924e-05,-2.5574e-05,-2.5207e-05,-2.4822e-05,-2.442e-05,-2.4e-05,-2.3561e-05,-2.3103e-05,-2.2625e-05,-2.2126e-05,-2.1605e-05,-2.1062e-05,-2.0496e-05,-1.9906e-05,-1.9291e-05,-1.8649e-05,-1.798e-05,-1.7281e-05,-1.6552e-05,-1.579e-05,-1.4993e-05,-1.416e-05,-1.3288e-05,-1.2375e-05,-1.1416e-05,-1.0411e-05,-9.3547e-06,-8.2437e-06,-7.0744e-06,-5.843e-06,-4.5455e-06,-3.1782e-06,-1.7373e-06,-2.1933e-07,1.3784e-06,3.058e-06,4.8202e-06,6.6646e-06,8.5888e-06,1.0588e-05,1.2654e-05,1.4778e-05,1.6944e-05,1.9135e-05,2.1328e-05,2.3497e-05,2.5612e-05,2.7638e-05,2.954e-05,3.1279e-05,3.2817e-05,3.4117e-05,3.5145e-05,3.5874e-05,3.628e-05,3.6351e-05,3.6082e-05,3.5477e-05,3.4548e-05,3.3317e-05,3.1809e-05,3.0055e-05,2.8095e-05,2.61e-05
-2.5833e-05,-2.6663e-05,-2.7458e-05,-2.8157e-05,-2.8756e-05,-2.9259e-05,-2.967e-05,-2.9995e-05,-3.024e-05,-3.0413e-05,-3.0521e-05,-3.0571e-05,-3.0569e-05,-3.0522e-05,-3.0435e-05,-3.0313e-05,-3.016e-05,-2.9981e-05,-2.9778e-05,-2.9553e-05,-2.9308e-05,-2.9045e-05,-2.8765e-05,-2.8469e-05,-2.8157e-05,-2.7829e-05,-2.7485e-05,-2.7126e-05,-2.675e-05,-2.6359e-05,-2.595e-05,-2.5524e-05,-2.5081e-05,-2.4619e-05,-2.4138e-05,-2.3637e-05,-2.3117e-05,-2.2575e-05,-2.2011e-05,-2.1424e-05,-2.0813e-05,-2.0177e-05,-1.9515e-05,-1.8825e-05,-1.8105e-05,-1.7354e-05,-1.657e-05,-1.575e-05,-1.4892e-05,-1.3993e-05,-1.3051e-05,-1.2061e-05,-1.1019e-05,-9.9232e-06,-8.7671e-06,-7.5466e-06,-6.257e-06,-4.8933e-06,-3.4505e-06,-1.9239e-06,-3.09e-07,1.3978e-06,3.1993e-06,5.0968e-06,7.0899e-06,9.1757e-06,1.1349e-05,1.3599e-05,1.5915e-05,1.8277e-05,2.0664e-05,2.3048e-05,2.5396e-05,2.7671e-05,2.9832e-05,3.1835e-05,3.3635e-05,3.5187e-05,3.645e-05,3.7388e-05,3.797e-05,3.8177e-05,3.8e-05,3.7439e-05,3.6506e-05,3.5222e-05,3.3616e-05,3.1722e-05,2.9584e-05,2.7393e-05
-2.7534e-05,-2.8418e-05,-2.9261e-05,-2.9999e-05,-3.0628e-05,-3.1152e-05,-3.1576e-05,-3.1906e-05,-3.2151e-05,-3.2318e-05,-3.2415e-05,-3.2451e-05,-3.2432e-05,-3.2366e-05,-3.2259e-05,-3.2117e-05,-3.1944e-05,-3.1744e-05,-3.152e-05,-3.1276e-05,-3.1013e-05,-3.0732e-05,-3.0436e-05,-3.0124e-05,-2.9798e-05,-2.9456e-05,-2.91e-05,-2.873e-05,-2.8344e-05,-2.7944e-05,-2.7527e-05,-2.7095e-05,-2.6646e-05,-2.6179e-05,-2.5695e-05,-2.5193e-05,-2.4672e-05,-2.4131e-05,-2.3569e-05,-2.2986e-05,-2.238e-05,-2.1751e-05,-2.1097e-05,-2.0417e-05,-1.9709e-05,-1.8971e-05,-1.8201e-05,-1.7398e-05,-1.6557e-05,-1.5678e-05,-1.4755e-05,-1.3785e-05,-1.2765e-05,-1.169e-05,-1.0554e-05,-9.3525e-06,-8.0792e-06,-6.7281e-06,-5.293e-06,-3.7677e-06,-2.146e-06,-4.2236e-07,1.4081e-06,3.3489e-06,5.4019e-06,7.5666e-06,9.8396e-06,1.2214e-05,1.4677e-05,1.7214e-05,1.9801e-05,2.241e-05,2.5008e-05,2.7553e-05,2.9999e-05,3.2297e-05,3.4394e-05,3.6237e-05,3.7775e-05,3.8962e-05,3.9759e-05,4.0139e-05,4.0084e-05,3.9592e-05,3.8672e-05,3.7346e-05,3.5645e-05,3.3606e-05,3.128e-05,2.8876e-05
-2.9341e-05,-3.0284e-05,-3.118e-05,-3.196e-05,-3.2621e-05,-3.3166e-05,-3.3602e-05,-3.3936e-05,-3.4177e-05,-3.4334e-05,-3.4417e-05,-3.4434e-05,-3.4394e-05,-3.4305e-05,-3.4174e-05,-3.4006e-05,-3.3808e-05,-3.3584e-05,-3.3336e-05,-3.3069e-05,-3.2784e-05,-3.2483e-05,-3.2167e-05,-3.1837e-05,-3.1493e-05,-3.1136e-05,-3.0766e-05,-3.0382e-05,-2.9985e-05,-2.9574e-05,-2.9148e-05,-2.8707e-05,-2.8252e-05,-2.778e-05,-2.7292e-05,-2.6787e-05,-2.6265e-05,-2.5724e-05,-2.5165e-05,-2.4585e-05,-2.3985e-05,-2.3363e-05,-2.2719e-05,-2.2049e-05,-2.1354e-05,-2.0632e-05,-1.9879e-05,-1.9095e-05,-1.8275e-05,-1.7418e-05,-1.652e-05,-1.5576e-05,-1.4582e-05,-1.3534e-05,-1.2426e-05,-1.1251e-05,-1.0002e-05,-8.673e-06,-7.2555e-06,-5.742e-06,-4.1246e-06,-2.3954e-06,-5.4743e-07,1.4254e-06,3.5277e-06,5.7617e-06,8.1266e-06,1.0618e-05,1.3226e-05,1.5937e-05,1.8729e-05,2.1573e-05,2.4434e-05,2.7269e-05,3.0027e-05,3.2651e-05,3.5082e-05,3.7257e-05,3.9114e-05,4.0595e-05,4.1652e-05,4.2245e-05,4.235e-05,4.1958e-05,4.1074e-05,3.972e-05,3.7929e-05,3.5743e-05,3.3218e-05,3.0587e-05
-3.1265e-05,-3.2272e-05,-3.3227e-05,-3.4052e-05,-3.4746e-05,-3.5313e-05,-3.5759e-05,-3.6094e-05,-3.6327e-05,-3.647e-05,-3.6533e-05,-3.6527e-05,-3.646e-05,-3.6342e-05,-3.6181e-05,-3.5984e-05,-3.5756e-05,-3.5502e-05,-3.5226e-05,-3.4932e-05,-3.4621e-05,-3.4295e-05,-3.3956e-05,-3.3605e-05,-3.3241e-05,-3.2866e-05,-3.2479e-05,-3.208e-05,-3.1668e-05,-3.1244e-05,-3.0807e-05,-3.0357e-05,-2.9893e-05,-2.9415e-05,-2.8922e-05,-2.8414e-05,-2.789e-05,-2.7349e-05,-2.6791e-05,-2.6215e-05,-2.5621e-05,-2.5007e-05,-2.4372e-05,-2.3714e-05,-2.3034e-05,-2.2328e-05,-2.1594e-05,-2.0831e-05,-2.0035e-05,-1.9204e-05,-1.8334e-05,-1.7421e-05,-1.6459e-05,-1.5444e-05,-1.4369e-05,-1.3228e-05,-1.2013e-05,-1.0714e-05,-9.3246e-06,-7.8336e-06,-6.2317e-06,-4.5089e-06,-2.6556e-06,-6.6296e-07,1.4765e-06,3.7684e-06,6.2151e-06,8.8153e-06,1.1563e-05,1.4445e-05,1.7443e-05,2.0528e-05,2.3665e-05,2.6808e-05,2.9902e-05,3.2885e-05,3.5688e-05,3.8237e-05,4.046e-05,4.2286e-05,4.3653e-05,4.4508e-05,4.4816e-05,4.4561e-05,4.3743e-05,4.2381e-05,4.051e-05,3.8176e-05,3.5443e-05,3.2568e-05
-3.3317e-05,-3.4396e-05,-3.5414e-05,-3.6289e-05,-3.7017e-05,-3.7604e-05,-3.8058e-05,-3.8391e-05,-3.8612e-05,-3.8735e-05,-3.8772e-05,-3.8735e-05,-3.8635e-05,-3.8482e-05,-3.8285e-05,-3.8051e-05,-3.7787e-05,-3.7498e-05,-3.7189e-05,-3.6862e-05,-3.6521e-05,-3.6167e-05,-3.5801e-05,-3.5424e-05,-3.5038e-05,-3.4641e-05,-3.4234e-05,-3.3816e-05,-3.3389e-05,-3.295e-05,-3.25e-05,-3.2038e-05,-3.1564e-05,-3.1078e-05,-3.0578e-05,-3.0065e-05,-2.9538e-05,-2.8996e-05,-2.844e-05,-2.7867e-05,-2.7278e-05,-2.6671e-05,-2.6046e-05,-2.5401e-05,-2.4736e-05,-2.4047e-05,-2.3334e-05,-2.2595e-05,-2.1825e-05,-2.1023e-05,-2.0185e-05,-1.9305e-05,-1.838e-05,-1.7403e-05,-1.6368e-05,-1.5268e-05,-1.4094e-05,-1.2835e-05,-1.1482e-05,-1.0024e-05,-8.4492e-06,-6.7447e-06,-4.8986e-06,-2.8991e-06,-7.3531e-07,1.6018e-06,4.1185e-06,6.8173e-06,9.6957e-06,1.2744e-05,1.5947e-05,1.9277e-05,2.2699e-05,2.6166e-05,2.9619e-05,3.2991e-05,3.6203e-05,3.9173e-05,4.1813e-05,4.4038e-05,4.577e-05,4.6942e-05,4.7505e-05,4.7431e-05,4.6714e-05,4.5369e-05,4.3432e-05,4.0953e-05,3.8005e-05,3.4871e-05
-3.5512e-05,-3.6671e-05,-3.7758e-05,-3.8685e-05,-3.9449e-05,-4.0056e-05,-4.0515e-05,-4.0839e-05,-4.1043e-05,-4.1139e-05,-4.1143e-05,-4.1067e-05,-4.0926e-05,-4.0729e-05,-4.0488e-05,-4.021e-05,-3.9903e-05,-3.9572e-05,-3.9223e-05,-3.8859e-05,-3.8482e-05,-3.8094e-05,-3.7697e-05,-3.7291e-05,-3.6877e-05,-3.6455e-05,-3.6025e-05,-3.5586e-05,-3.5139e-05,-3.4683e-05,-3.4217e-05,-3.3742e-05,-3.3256e-05,-3.276e-05,-3.2252e-05,-3.1733e-05,-3.1201e-05,-3.0657e-05,-3.0101e-05,-2.953e-05,-2.8946e-05,-2.8346e-05,-2.7731e-05,-2.7099e-05,-2.6449e-05,-2.5779e-05,-2.5087e-05,-2.4372e-05,-2.3631e-05,-2.286e-05,-2.2056e-05,-2.1214e-05,-2.0329e-05,-1.9395e-05,-1.8405e-05,-1.7351e-05,-1.6225e-05,-1.5014e-05,-1.3707e-05,-1.2292e-05,-1.0754e-05,-9.079e-06,-7.2523e-06,-5.2587e-06,-3.0839e-06,-7.1474e-07,1.8592e-06,4.6447e-06,7.6437e-06,1.0851e-05,1.4254e-05,1.783e-05,2.1543e-05,2.5346e-05,2.9179e-05,3.2969e-05,3.6629e-05,4.0064e-05,4.3174e-05,4.5856e-05,4.8015e-05,4.9566e-05,5.0443e-05,5.0603e-05,5.0029e-05,4.8733e-05,4.675e-05,4.4133e-05,4.0964e-05,3.7555e-05
-3.7864e-05,-3.9113e-05,-4.0276e-05,-4.126e-05,-4.206e-05,-4.2685e-05,-4.3145e-05,-4.3455e-05,-4.3632e-05,-4.3692e-05,-4.3653e-05,-4.3529e-05,-4.3336e-05,-4.3086e-05,-4.2791e-05,-4.246e-05,-4.2102e-05,-4.1722e-05,-4.1326e-05,-4.0917e-05,-4.0498e-05,-4.0071e-05,-3.9637e-05,-3.9198e-05,-3.8752e-05,-3.8301e-05,-3.7844e-05,-3.7381e-05,-3.6912e-05,-3.6435e-05,-3.5951e-05,-3.5459e-05,-3.4959e-05,-3.4451e-05,-3.3933e-05,-3.3406e-05,-3.2868e-05,-3.2321e-05,-3.1763e-05,-3.1194e-05,-3.0613e-05,-3.002e-05,-2.9414e-05,-2.8794e-05,-2.8159e-05,-2.7508e-05,-2.6838e-05,-2.6149e-05,-2.5436e-05,-2.4698e-05,-2.393e-05,-2.3128e-05,-2.2286e-05,-2.1399e-05,-2.0458e-05,-1.9456e-05,-1.8382e-05,-1.7225e-05,-1.5972e-05,-1.4608e-05,-1.3116e-05,-1.1482e-05,-9.6859e-06,-7.7104e-06,-5.5372e-06,-3.1493e-06,-5.3138e-07,2.3282e-06,5.4363e-06,8.7931e-06,1.239e-05,1.6208e-05,2.0215e-05,2.4365e-05,2.8595e-05,3.2829e-05,3.6972e-05,4.0918e-05,4.4552e-05,4.7754e-05,5.0406e-05,5.2405e-05,5.3661e-05,5.4115e-05,5.3737e-05,5.253e-05,5.0526e-05,4.7783e-05,4.439e-05,4.0693e-05
-4.0395e-05,-4.1743e-05,-4.2991e-05,-4.4036e-05,-4.4872e-05,-4.5511e-05,-4.5966e-05,-4.6253e-05,-4.6394e-05,-4.6407e-05,-4.6312e-05,-4.6128e-05,-4.5871e-05,-4.5556e-05,-4.5196e-05,-4.4802e-05,-4.4383e-05,-4.3944e-05,-4.3493e-05,-4.3032e-05,-4.2564e-05,-4.2091e-05,-4.1615e-05,-4.1136e-05,-4.0654e-05,-4.017e-05,-3.9682e-05,-3.9191e-05,-3.8695e-05,-3.8195e-05,-3.769e-05,-3.718e-05,-3.6663e-05,-3.614e-05,-3.561e-05,-3.5072e-05,-3.4527e-05,-3.3975e-05,-3.3414e-05,-3.2845e-05,-3.2266e-05,-3.1679e-05,-3.1081e-05,-3.0473e-05,-2.9853e-05,-2.922e-05,-2.8572e-05,-2.7908e-05,-2.7225e-05,-2.652e-05,-2.5789e-05,-2.5029e-05,-2.4232e-05,-2.3393e-05,-2.2505e-05,-2.1557e-05,-2.054e-05,-1.9442e-05,-1.8248e-05,-1.6941e-05,-1.5504e-05,-1.3918e-05,-1.2163e-05,-1.0216e-05,-8.0558e-06,-5.6612e-06,-3.012e-06,-9.1067e-08,3.1141e-06,6.6093e-06,1.0392e-05,1.4447e-05,1.8748e-05,2.325e-05,2.7892e-05,3.2592e-05,3.7252e-05,4.1753e-05,4.5965e-05,4.975e-05,5.2967e-05,5.5488e-05,5.7199e-05,5.8017e-05,5.7896e-05,5.6825e-05,5.4834e-05,5.1981e-05,4.8365e-05,4.4365e-05
-4.3125e-05,-4.4587e-05,-4.5928e-05,-4.7037e-05,-4.791e-05,-4.8558e-05,-4.8999e-05,-4.9253e-05,-4.9344e-05,-4.9295e-05,-4.913e-05,-4.887e-05,-4.8534e-05,-4.8141e-05,-4.7703e-05,-4.7233e-05,-4.6741e-05,-4.6233e-05,-4.5716e-05,-4.5194e-05,-4.467e-05,-4.4145e-05,-4.362e-05,-4.3096e-05,-4.2572e-05,-4.205e-05,-4.1527e-05,-4.1003e-05,-4.0478e-05,-3.9952e-05,-3.9422e-05,-3.889e-05,-3.8354e-05,-3.7814e-05,-3.7269e-05,-3.672e-05,-3.6165e-05,-3.5605e-05,-3.504e-05,-3.4469e-05,-3.3892e-05,-3.3308e-05,-3.2718e-05,-3.212e-05,-3.1514e-05,-3.0898e-05,-3.0272e-05,-2.9633e-05,-2.8979e-05,-2.8307e-05,-2.7614e-05,-2.6894e-05,-2.6143e-05,-2.5354e-05,-2.4519e-05,-2.3628e-05,-2.267e-05,-2.1633e-05,-2.0502e-05,-1.9257e-05,-1.7879e-05,-1.6348e-05,-1.464e-05,-1.273e-05,-1.0593e-05,-8.2019e-06,-5.5325e-06,-2.5617e-06,7.2883e-07,4.3516e-06,8.3102e-06,1.2597e-05,1.7189e-05,2.2046e-05,2.7109e-05,3.2296e-05,3.7501e-05,4.2599e-05,4.7444e-05,5.1876e-05,5.5733e-05,5.8856e-05,6.1104e-05,6.2367e-05,6.2573e-05,6.1697e-05,5.9759e-05,5.682e-05,5.2984e-05,4.867e-05
-4.6083e-05,-4.7672e-05,-4.9118e-05,-5.0296e-05,-5.1203e-05,-5.1854e-05,-5.2269e-05,-5.2475e-05,-5.2499e-05,-5.2371e-05,-5.2116e-05,-5.1762e-05,-5.133e-05,-5.0839e-05,-5.0308e-05,-4.9747e-05,-4.9169e-05,-4.858e-05,-4.7987e-05,-4.7395e-05,-4.6805e-05,-4.6219e-05,-4.5638e-05,-4.5063e-05,-4.4492e-05,-4.3926e-05,-4.3363e-05,-4.2803e-05,-4.2245e-05,-4.1689e-05,-4.1132e-05,-4.0575e-05,-4.0017e-05,-3.9457e-05,-3.8896e-05,-3.8332e-05,-3.7766e-05,-3.7198e-05,-3.6626e-05,-3.6052e-05,-3.5474e-05,-3.4893e-05,-3.4309e-05,-3.372e-05,-3.3126e-05,-3.2527e-05,-3.192e-05,-3.1305e-05,-3.0679e-05,-3.0039e-05,-2.9382e-05,-2.8704e-05,-2.7997e-05,-2.7257e-05,-2.6475e-05,-2.564e-05,-2.4742e-05,-2.3767e-05,-2.2699e-05,-2.1518e-05,-2.0202e-05,-1.8729e-05,-1.7073e-05,-1.5205e-05,-1.3096e-05,-1.0716e-05,-8.0348e-06,-5.0235e-06,-1.6573e-06,2.0831e-06,6.2086e-06,1.0719e-05,1.5597e-05,2.081e-05,2.6302e-05,3.1991e-05,3.7769e-05,4.3502e-05,4.9031e-05,5.4177e-05,5.875e-05,6.2562e-05,6.5438e-05,6.7234e-05,6.785e-05,6.7238e-05,6.5404e-05,6.2407e-05,5.836e-05,5.3722e-05
-4.9301e-05,-5.1036e-05,-5.2598e-05,-5.3848e-05,-5.4786e-05,-5.5429e-05,-5.5804e-05,-5.5942e-05,-5.5878e-05,-5.5646e-05,-5.528e-05,-5.4808e-05,-5.4257e-05,-5.365e-05,-5.3005e-05,-5.2337e-05,-5.1657e-05,-5.0973e-05,-5.0292e-05,-4.9618e-05,-4.8953e-05,-4.8298e-05,-4.7654e-05,-4.7021e-05,-4.6397e-05,-4.5782e-05,-4.5175e-05,-4.4575e-05,-4.398e-05,-4.3389e-05,-4.2802e-05,-4.2218e-05,-4.1635e-05,-4.1054e-05,-4.0474e-05,-3.9894e-05,-3.9315e-05,-3.8735e-05,-3.8156e-05,-3.7577e-05,-3.6997e-05,-3.6417e-05,-3.5837e-05,-3.5255e-05,-3.4673e-05,-3.4088e-05,-3.35e-05,-3.2907e-05,-3.2307e-05,-3.1697e-05,-3.1075e-05,-3.0435e-05,-2.9771e-05,-2.9078e-05,-2.8347e-05,-2.7567e-05,-2.6726e-05,-2.581e-05,-2.4804e-05,-2.3685e-05,-2.2431e-05,-2.1016e-05,-1.9411e-05,-1.7587e-05,-1.5509e-05,-1.3143e-05,-1.0455e-05,-7.4087e-06,-3.9737e-06,-1.2304e-07,4.1619e-06,8.8887e-06,1.405e-05,1.9617e-05,2.5542e-05,3.1745e-05,3.8119e-05,4.4523e-05,5.0786e-05,5.671e-05,6.2078e-05,6.667e-05,7.0272e-05,7.2702e-05,7.3821e-05,7.3553e-05,7.1886e-05,6.887e-05,6.4626e-05,5.9654e-05
-5.282e-05,-5.4722e-05,-5.6413e-05,-5.774e-05,-5.8702e-05,-5.9323e-05,-5.9636e-05,-5.9681e-05,-5.9501e-05,-5.9136e-05,-5.8628e-05,-5.801e-05,-5.7315e-05,-5.6567e-05,-5.5786e-05,-5.4991e-05,-5.4191e-05,-5.3397e-05,-5.2614e-05,-5.1846e-05,-5.1096e-05,-5.0363e-05,-4.9648e-05,-4.8949e-05,-4.8266e-05,-4.7598e-05,-4.6942e-05,-4.6297e-05,-4.5661e-05,-4.5034e-05,-4.4414e-05,-4.38e-05,-4.319e-05,-4.2586e-05,-4.1985e-05,-4.1387e-05,-4.0793e-05,-4.0201e-05,-3.9612e-05,-3.9026e-05,-3.8443e-05,-3.7863e-05,-3.7285e-05,-3.671e-05,-3.6136e-05,-3.5564e-05,-3.4992e-05,-3.4419e-05,-3.3843e-05,-3.3261e-05,-3.267e-05,-3.2066e-05,-3.1443e-05,-3.0793e-05,-3.0109e-05,-2.9379e-05,-2.8591e-05,-2.7731e-05,-2.6782e-05,-2.5721e-05,-2.4524e-05,-2.3162e-05,-2.1606e-05,-1.9822e-05,-1.7773e-05,-1.5421e-05,-1.2725e-05,-9.6451e-06,-6.1437e-06,-2.1863e-06,2.2539e-06,7.1932e-06,1.2633e-05,1.8555e-05,2.4916e-05,3.1645e-05,3.8634e-05,4.5741e-05,5.2786e-05,5.9551e-05,6.5796e-05,7.1263e-05,7.5697e-05,7.8871e-05,8.06e-05,8.0771e-05,7.9345e-05,7.6359e-05,7.1936e-05,6.6623e-05
-5.6688e-05,-5.8784e-05,-6.062e-05,-6.2025e-05,-6.3001e-05,-6.3579e-05,-6.3802e-05,-6.3721e-05,-6.3387e-05,-6.2854e-05,-6.2167e-05,-6.1369e-05,-6.0497e-05,-5.9579e-05,-5.8637e-05,-5.7691e-05,-5.6752e-05,-5.583e-05,-5.4931e-05,-5.4056e-05,-5.3209e-05,-5.2389e-05,-5.1594e-05,-5.0824e-05,-5.0076e-05,-4.9349e-05,-4.864e-05,-4.7947e-05,-4.7268e-05,-4.6601e-05,-4.5945e-05,-4.5299e-05,-4.4662e-05,-4.4032e-05,-4.3408e-05,-4.2792e-05,-4.2181e-05,-4.1576e-05,-4.0977e-05,-4.0383e-05,-3.9795e-05,-3.9213e-05,-3.8636e-05,-3.8065e-05,-3.7499e-05,-3.6938e-05,-3.638e-05,-3.5825e-05,-3.527e-05,-3.4713e-05,-3.415e-05,-3.3578e-05,-3.299e-05,-3.2379e-05,-3.1736e-05,-3.1051e-05,-3.0311e-05,-2.95e-05,-2.8599e-05,-2.7589e-05,-2.644e-05,-2.5125e-05,-2.3609e-05,-2.1858e-05,-1.9831e-05,-1.7485e-05,-1.4776e-05,-1.1659e-05,-8.0881e-06,-4.0224e-06,5.7348e-07,5.7251e-06,1.1444e-05,1.7721e-05,2.4524e-05,3.1788e-05,3.9412e-05,4.7253e-05,5.5124e-05,6.2795e-05,6.9998e-05,7.6439e-05,8.1821e-05,8.586e-05,8.8321e-05,8.9041e-05,8.7945e-05,8.5048e-05,8.0475e-05,7.4815e-05
-6.0967e-05,-6.329e-05,-6.5288e-05,-6.677e-05,-6.7744e-05,-6.8251e-05,-6.8345e-05,-6.8093e-05,-6.756e-05,-6.6809e-05,-6.5899e-05,-6.488e-05,-6.3792e-05,-6.2669e-05,-6.1537e-05,-6.0415e-05,-5.9315e-05,-5.8246e-05,-5.7213e-05,-5.6219e-05,-5.5264e-05,-5.4347e-05,-5.3465e-05,-5.2617e-05,-5.1799e-05,-5.1009e-05,-5.0243e-05,-4.9498e-05,-4.8773e-05,-4.8066e-05,-4.7373e-05,-4.6694e-05,-4.6026e-05,-4.537e-05,-4.4724e-05,-4.4087e-05,-4.346e-05,-4.2841e-05,-4.223e-05,-4.1629e-05,-4.1035e-05,-4.045e-05,-3.9874e-05,-3.9306e-05,-3.8746e-05,-3.8193e-05,-3.7647e-05,-3.7107e-05,-3.657e-05,-3.6034e-05,-3.5496e-05,-3.4951e-05,-3.4393e-05,-3.3815e-05,-3.3208e-05,-3.256e-05,-3.1859e-05,-3.1087e-05,-3.0226e-05,-2.9256e-05,-2.8145e-05,-2.6863e-05,-2.5377e-05,-2.3646e-05,-2.1628e-05,-1.9277e-05,-1.6545e-05,-1.3379e-05,-9.7295e-06,-5.5476e-06,-7.8943e-07,4.58e-06,1.0582e-05,1.7221e-05,2.4472e-05,3.2284e-05,4.0562e-05,4.9167e-05,5.7911e-05,6.655e-05,7.4795e-05,8.2318e-05,8.8769e-05,9.381e-05,9.7142e-05,9.854e-05,9.788e-05,9.5147e-05,9.0457e-05,8.4446e-05
-6.5737e-05,-6.8326e-05,-7.0505e-05,-7.2061e-05,-7.3008e-05,-7.34e-05,-7.3313e-05,-7.2831e-05,-7.2037e-05,-7.1011e-05,-6.9822e-05,-6.853e-05,-6.7182e-05,-6.5815e-05,-6.4458e-05,-6.313e-05,-6.1844e-05,-6.0609e-05,-5.9427e-05,-5.8299e-05,-5.7225e-05,-5.6202e-05,-5.5227e-05,-5.4295e-05,-5.3402e-05,-5.2545e-05,-5.172e-05,-5.0923e-05,-5.0151e-05,-4.9401e-05,-4.867e-05,-4.7958e-05,-4.7261e-05,-4.6579e-05,-4.591e-05,-4.5254e-05,-4.4609e-05,-4.3977e-05,-4.3355e-05,-4.2745e-05,-4.2146e-05,-4.1558e-05,-4.0981e-05,-4.0415e-05,-3.986e-05,-3.9314e-05,-3.8779e-05,-3.8251e-05,-3.7729e-05,-3.721e-05,-3.6692e-05,-3.6169e-05,-3.5635e-05,-3.5083e-05,-3.4503e-05,-3.3884e-05,-3.3212e-05,-3.247e-05,-3.1637e-05,-3.0692e-05,-2.9605e-05,-2.8343e-05,-2.6869e-05,-2.5142e-05,-2.3117e-05,-2.0744e-05,-1.797e-05,-1.474e-05,-1.0996e-05,-6.6837e-06,-1.7499e-06,3.8497e-06,1.0147e-05,1.7158e-05,2.4871e-05,3.3247e-05,4.2201e-05,5.1604e-05,6.1267e-05,7.0941e-05,8.0318e-05,8.9033e-05,9.6691e-05,0.00010289,0.00010725,0.00010947,0.00010938,0.0001069,0.00010214,9.5777e-05
-7.1099e-05,-7.4003e-05,-7.6385e-05,-7.8003e-05,-7.8882e-05,-7.9101e-05,-7.8761e-05,-7.7971e-05,-7.6838e-05,-7.5461e-05,-7.3925e-05,-7.2298e-05,-7.0637e-05,-6.8981e-05,-6.7361e-05,-6.5797e-05,-6.43e-05,-6.2876e-05,-6.1528e-05,-6.0254e-05,-5.9052e-05,-5.7915e-05,-5.684e-05,-5.582e-05,-5.485e-05,-5.3924e-05,-5.3039e-05,-5.2188e-05,-5.1369e-05,-5.0578e-05,-4.9811e-05,-4.9066e-05,-4.8341e-05,-4.7634e-05,-4.6943e-05,-4.6269e-05,-4.5609e-05,-4.4964e-05,-4.4332e-05,-4.3714e-05,-4.311e-05,-4.2519e-05,-4.1942e-05,-4.1378e-05,-4.0826e-05,-4.0287e-05,-3.976e-05,-3.9242e-05,-3.8732e-05,-3.8227e-05,-3.7724e-05,-3.7218e-05,-3.6702e-05,-3.6168e-05,-3.5608e-05,-3.5008e-05,-3.4354e-05,-3.3629e-05,-3.281e-05,-3.1877e-05,-3.0796e-05,-2.9535e-05,-2.8055e-05,-2.6312e-05,-2.4259e-05,-2.1842e-05,-1.9005e-05,-1.5688e-05,-1.1828e-05,-7.3637e-06,-2.2336e-06,3.616e-06,1.0228e-05,1.7629e-05,2.5824e-05,3.4786e-05,4.4445e-05,5.4684e-05,6.5319e-05,7.6101e-05,8.6705e-05,9.6738e-05,0.00010575,0.00011328,0.00011885,0.00012209,0.00012272,0.00012061,0.00011583,0.00010911
-7.7187e-05,-8.0467e-05,-8.3072e-05,-8.4728e-05,-8.5481e-05,-8.5442e-05,-8.4749e-05,-8.3548e-05,-8.1975e-05,-8.0153e-05,-7.8186e-05,-7.6152e-05,-7.4116e-05,-7.2121e-05,-7.0196e-05,-6.8362e-05,-6.6627e-05,-6.4996e-05,-6.3466e-05,-6.2035e-05,-6.0695e-05,-5.9439e-05,-5.826e-05,-5.715e-05,-5.6102e-05,-5.5109e-05,-5.4164e-05,-5.3262e-05,-5.2398e-05,-5.1567e-05,-5.0765e-05,-4.9991e-05,-4.924e-05,-4.8511e-05,-4.7802e-05,-4.7112e-05,-4.6439e-05,-4.5784e-05,-4.5144e-05,-4.4521e-05,-4.3913e-05,-4.3321e-05,-4.2744e-05,-4.2182e-05,-4.1634e-05,-4.1101e-05,-4.058e-05,-4.007e-05,-3.957e-05,-3.9076e-05,-3.8583e-05,-3.8088e-05,-3.7584e-05,-3.7062e-05,-3.6511e-05,-3.592e-05,-3.5273e-05,-3.4551e-05,-3.3733e-05,-3.2793e-05,-3.1701e-05,-3.0421e-05,-2.8913e-05,-2.7131e-05,-2.5025e-05,-2.254e-05,-1.9614e-05,-1.6183e-05,-1.218e-05,-7.5367e-06,-2.1834e-06,3.9437e-06,1.0896e-05,1.8714e-05,2.7419e-05,3.6998e-05,4.74e-05,5.852e-05,7.0188e-05,8.2159e-05,9.4101e-05,0.00010559,0.00011614,0.00012519,0.0001322,0.00013667,0.00013821,0.00013662,0.00013191,0.00012483
-8.4178e-05,-8.7913e-05,-9.0758e-05,-9.2408e-05,-9.2943e-05,-9.2524e-05,-9.1342e-05,-8.9591e-05,-8.7449e-05,-8.5066e-05,-8.2566e-05,-8.0041e-05,-7.756e-05,-7.517e-05,-7.2897e-05,-7.076e-05,-6.8762e-05,-6.6905e-05,-6.5181e-05,-6.3582e-05,-6.21e-05,-6.0722e-05,-5.9439e-05,-5.8241e-05,-5.7116e-05,-5.6058e-05,-5.5058e-05,-5.4108e-05,-5.3203e-05,-5.2337e-05,-5.1507e-05,-5.0707e-05,-4.9936e-05,-4.919e-05,-4.8466e-05,-4.7765e-05,-4.7083e-05,-4.6421e-05,-4.5776e-05,-4.515e-05,-4.4541e-05,-4.3949e-05,-4.3374e-05,-4.2816e-05,-4.2273e-05,-4.1745e-05,-4.123e-05,-4.0728e-05,-4.0234e-05,-3.9747e-05,-3.9262e-05,-3.8774e-05,-3.8275e-05,-3.7756e-05,-3.7207e-05,-3.6615e-05,-3.5963e-05,-3.5232e-05,-3.4399e-05,-3.3437e-05,-3.2315e-05,-3.0996e-05,-2.9437e-05,-2.7591e-05,-2.5406e-05,-2.2822e-05,-1.9777e-05,-1.62e-05,-1.2021e-05,-7.1644e-06,-1.5568e-06,4.8752e-06,1.2201e-05,2.0467e-05,2.972e-05,3.9956e-05,5.1145e-05,6.3204e-05,7.5979e-05,8.9236e-05,0.00010264,0.00011576,0.00012804,0.00013886,0.00014758,0.00015355,0.00015626,0.00015538,0.00015083,0.00014339
-9.232e-05,-9.6604e-05,-9.9697e-05,-0.00010126,-0.00010144,-0.00010046,-9.8604e-05,-9.6121e-05,-9.3243e-05,-9.0156e-05,-8.7003e-05,-8.3891e-05,-8.089e-05,-7.8045e-05,-7.5381e-05,-7.2909e-05,-7.0627e-05,-6.8528e-05,-6.6601e-05,-6.4832e-05,-6.3206e-05,-6.1709e-05,-6.0325e-05,-5.9043e-05,-5.7848e-05,-5.6731e-05,-5.5682e-05,-5.4693e-05,-5.3754e-05,-5.2862e-05,-5.2009e-05,-5.1192e-05,-5.0406e-05,-4.9648e-05,-4.8917e-05,-4.8209e-05,-4.7523e-05,-4.6859e-05,-4.6215e-05,-4.559e-05,-4.4983e-05,-4.4395e-05,-4.3825e-05,-4.3271e-05,-4.2734e-05,-4.2213e-05,-4.1705e-05,-4.1208e-05,-4.0721e-05,-4.0239e-05,-3.9758e-05,-3.9271e-05,-3.8772e-05,-3.825e-05,-3.7695e-05,-3.7092e-05,-3.6425e-05,-3.5672e-05,-3.4809e-05,-3.3809e-05,-3.2639e-05,-3.1261e-05,-2.963e-05,-2.7697e-05,-2.5406e-05,-2.2697e-05,-1.9503e-05,-1.5749e-05,-1.136e-05,-6.2555e-06,-3.5274e-07,6.4294e-06,1.4168e-05,2.2927e-05,3.2758e-05,4.3695e-05,5.5724e-05,6.8792e-05,8.2759e-05,9.7417e-05,0.00011244,0.00012737,0.00014164,0.00015454,0.00016529,0.00017312,0.00017732,0.0001774,0.00017315,0.00016536
-0.00010195,-0.00010691,-0.00011023,-0.00011158,-0.00011117,-0.00010939,-0.00010659,-0.00010314,-9.9313e-05,-9.5348e-05,-9.1405e-05,-8.7597e-05,-8.3996e-05,-8.064e-05,-7.7544e-05,-7.471e-05,-7.2128e-05,-6.9781e-05,-6.7649e-05,-6.5712e-05,-6.3949e-05,-6.2338e-05,-6.0864e-05,-5.9508e-05,-5.8254e-05,-5.709e-05,-5.6003e-05,-5.4984e-05,-5.4023e-05,-5.3112e-05,-5.2247e-05,-5.142e-05,-5.0629e-05,-4.9868e-05,-4.9136e-05,-4.843e-05,-4.7747e-05,-4.7087e-05,-4.6449e-05,-4.583e-05,-4.5231e-05,-4.4651e-05,-4.4089e-05,-4.3544e-05,-4.3015e-05,-4.2502e-05,-4.2001e-05,-4.1511e-05,-4.1029e-05,-4.055e-05,-4.007e-05,-3.9582e-05,-3.9078e-05,-3.8548e-05,-3.798e-05,-3.7358e-05,-3.6664e-05,-3.5878e-05,-3.4973e-05,-3.392e-05,-3.2686e-05,-3.123e-05,-2.9507e-05,-2.7464e-05,-2.5045e-05,-2.2186e-05,-1.8814e-05,-1.4855e-05,-1.0226e-05,-4.8394e-06,1.393e-06,8.562e-06,1.6756e-05,2.6054e-05,3.6525e-05,4.8218e-05,6.1146e-05,7.5288e-05,9.0542e-05,0.00010673,0.00012355,0.00014053,0.00015709,0.00017244,0.00018567,0.00019582,0.00020197,0.00020336,0.00019962,0.00019148
-0.00011358,-0.00011934,-0.00012283,-0.00012371,-0.0001224,-0.00011942,-0.00011534,-0.0001106,-0.00010557,-0.00010052,-9.5633e-05,-9.1018e-05,-8.6738e-05,-8.2819e-05,-7.9261e-05,-7.605e-05,-7.3162e-05,-7.0569e-05,-6.8239e-05,-6.6146e-05,-6.426e-05,-6.2553e-05,-6.1004e-05,-5.959e-05,-5.8292e-05,-5.7096e-05,-5.5986e-05,-5.4951e-05,-5.398e-05,-5.3066e-05,-5.2199e-05,-5.1376e-05,-5.0589e-05,-4.9837e-05,-4.9113e-05,-4.8418e-05,-4.7747e-05,-4.7099e-05,-4.6473e-05,-4.5868e-05,-4.5282e-05,-4.4715e-05,-4.4166e-05,-4.3633e-05,-4.3116e-05,-4.2613e-05,-4.2121e-05,-4.1639e-05,-4.1162e-05,-4.0686e-05,-4.0206e-05,-3.9714e-05,-3.9202e-05,-3.8658e-05,-3.807e-05,-3.7422e-05,-3.6695e-05,-3.5865e-05,-3.4908e-05,-3.379e-05,-3.2478e-05,-3.0929e-05,-2.9097e-05,-2.6927e-05,-2.436e-05,-2.1328e-05,-1.7757e-05,-1.3567e-05,-8.6712e-06,-2.9758e-06,3.6159e-06,1.1204e-05,1.9888e-05,2.9764e-05,4.092e-05,5.3428e-05,6.7332e-05,8.2637e-05,9.9285e-05,0.00011714,0.00013595,0.00015527,0.00017449,0.00019277,0.00020905,0.00022216,0.00023086,0.00023411,0.00023118,0.00022272
-0.00012793,-0.00013464,-0.00013814,-0.00013814,-0.00013538,-0.00013069,-0.00012482,-0.0001184,-0.00011185,-0.00010549,-9.9493e-05,-9.3962e-05,-8.8937e-05,-8.4418e-05,-8.0383e-05,-7.6794e-05,-7.3611e-05,-7.079e-05,-6.8286e-05,-6.606e-05,-6.4074e-05,-6.2294e-05,-6.0692e-05,-5.9243e-05,-5.7923e-05,-5.6715e-05,-5.5602e-05,-5.457e-05,-5.3607e-05,-5.2704e-05,-5.1853e-05,-5.1046e-05,-5.0278e-05,-4.9545e-05,-4.8843e-05,-4.8168e-05,-4.7518e-05,-4.6892e-05,-4.6287e-05,-4.5702e-05,-4.5137e-05,-4.4589e-05,-4.4058e-05,-4.3542e-05,-4.3041e-05,-4.2551e-05,-4.2072e-05,-4.1598e-05,-4.1128e-05,-4.0655e-05,-4.0174e-05,-3.9677e-05,-3.9154e-05,-3.8594e-05,-3.7983e-05,-3.7304e-05,-3.6536e-05,-3.5657e-05,-3.4639e-05,-3.3448e-05,-3.2047e-05,-3.0395e-05,-2.8441e-05,-2.6131e-05,-2.3402e-05,-2.0183e-05,-1.6397e-05,-1.196e-05,-6.7794e-06,-7.5618e-07,6.2148e-06,1.4243e-05,2.3442e-05,3.3925e-05,4.58e-05,5.9165e-05,7.4101e-05,9.0654e-05,0.00010882,0.00012851,0.00014952,0.00017149,0.00019382,0.00021562,0.00023572,0.00025265,0.00026483,0.00027071,0.00026911,0.00026041
-0.00014615,-0.00015395,-0.00015704,-0.00015546,-0.00015043,-0.00014323,-0.00013494,-0.00012632,-0.0001179,-0.00010997,-0.00010272,-9.618e-05,-9.0369e-05,-8.5239e-05,-8.0741e-05,-7.6801e-05,-7.3357e-05,-7.0343e-05,-6.77e-05,-6.5377e-05,-6.3327e-05,-6.1508e-05,-5.9886e-05,-5.8432e-05,-5.7118e-05,-5.5925e-05,-5.4832e-05,-5.3825e-05,-5.2892e-05,-5.202e-05,-5.1201e-05,-5.0428e-05,-4.9694e-05,-4.8994e-05,-4.8326e-05,-4.7684e-05,-4.7066e-05,-4.6471e-05,-4.5896e-05,-4.534e-05,-4.4802e-05,-4.428e-05,-4.3774e-05,-4.328e-05,-4.2799e-05,-4.2327e-05,-4.1862e-05,-4.1401e-05,-4.0939e-05,-4.0471e-05,-3.9989e-05,-3.9487e-05,-3.8953e-05,-3.8375e-05,-3.7739e-05,-3.7026e-05,-3.6216e-05,-3.5283e-05,-3.42e-05,-3.293e-05,-3.1437e-05,-2.9675e-05,-2.7595e-05,-2.5139e-05,-2.224e-05,-1.8828e-05,-1.4822e-05,-1.0131e-05,-4.6602e-06,1.6967e-06,9.0526e-06,1.7528e-05,2.7249e-05,3.8347e-05,5.0954e-05,6.5198e-05,8.12e-05,9.9056e-05,0.00011882,0.0001405,0.00016396,0.00018892,0.00021487,0.00024094,0.00026583,0.00028782,0.00030481,0.00031459,0.00031519,0.00030646
-0.00017006,-0.00017893,-0.0001808,-0.00017635,-0.00016775,-0.00015695,-0.00014538,-0.00013398,-0.00012329,-0.00011358,-0.00010494,-9.7358e-05,-9.0771e-05,-8.5067e-05,-8.0153e-05,-7.592e-05,-7.2273e-05,-6.9125e-05,-6.64e-05,-6.4033e-05,-6.1967e-05,-6.0155e-05,-5.8555e-05,-5.7133e-05,-5.5861e-05,-5.4713e-05,-5.367e-05,-5.2715e-05,-5.1834e-05,-5.1015e-05,-5.0248e-05,-4.9527e-05,-4.8843e-05,-4.8193e-05,-4.7571e-05,-4.6975e-05,-4.6401e-05,-4.5847e-05,-4.5312e-05,-4.4794e-05,-4.4291e-05,-4.3802e-05,-4.3326e-05,-4.2861e-05,-4.2405e-05,-4.1955e-05,-4.1509e-05,-4.1063e-05,-4.0612e-05,-4.015e-05,-3.967e-05,-3.9164e-05,-3.862e-05,-3.8026e-05,-3.7365e-05,-3.6619e-05,-3.5766e-05,-3.478e-05,-3.3631e-05,-3.2284e-05,-3.0698e-05,-2.8828e-05,-2.6623e-05,-2.4023e-05,-2.0959e-05,-1.7359e-05,-1.3136e-05,-8.1998e-06,-2.4476e-06,4.2317e-06,1.1959e-05,2.0866e-05,3.1093e-05,4.2788e-05,5.6109e-05,7.1219e-05,8.8281e-05,0.00010745,0.00012887,0.00015262,0.00017872,0.00020703,0.00023716,0.00026834,0.0002993,0.00032803,0.00035186,0.00036757,0.00037195,0.00036373
-0.00020271,-0.00021222,-0.00021107,-0.00020155,-0.00018739,-0.00017145,-0.00015556,-0.00014073,-0.00012743,-0.00011577,-0.00010572,-9.713e-05,-8.9838e-05,-8.3659e-05,-7.8431e-05,-7.4002e-05,-7.0246e-05,-6.705e-05,-6.4322e-05,-6.1982e-05,-5.9964e-05,-5.8214e-05,-5.6686e-05,-5.5342e-05,-5.415e-05,-5.3084e-05,-5.2123e-05,-5.1249e-05,-5.0446e-05,-4.9703e-05,-4.901e-05,-4.8359e-05,-4.7743e-05,-4.7157e-05,-4.6597e-05,-4.6059e-05,-4.554e-05,-4.5039e-05,-4.4553e-05,-4.4081e-05,-4.3621e-05,-4.3173e-05,-4.2733e-05,-4.2302e-05,-4.1876e-05,-4.1453e-05,-4.103e-05,-4.0603e-05,-4.0167e-05,-3.9715e-05,-3.924e-05,-3.8733e-05,-3.8182e-05,-3.7574e-05,-3.6892e-05,-3.6116e-05,-3.5224e-05,-3.419e-05,-3.2981e-05,-3.1561e-05,-2.989e-05,-2.7921e-05,-2.5601e-05,-2.2868e-05,-1.9654e-05,-1.5881e-05,-1.1462e-05,-6.3027e-06,-2.9597e-07,6.6749e-06,1.4738e-05,2.4035e-05,3.472e-05,4.696e-05,6.0937e-05,7.685e-05,9.4911e-05,0.00011534,0.00013837,0.00016422,0.00019306,0.00022496,0.00025978,0.00029702,0.00033554,0.00037328,0.00040693,0.00043197,0.00044308,0.00043675
-0.00024953,-0.0002579,-0.00024997,-0.00023154,-0.00020883,-0.00018577,-0.00016441,-0.00014556,-0.00012944,-0.00011584,-0.0001045,-9.507e-05,-8.7257e-05,-8.0779e-05,-7.5401e-05,-7.0926e-05,-6.7192e-05,-6.4063e-05,-6.1431e-05,-5.9204e-05,-5.731e-05,-5.5689e-05,-5.429e-05,-5.3074e-05,-5.2006e-05,-5.1061e-05,-5.0216e-05,-4.9452e-05,-4.8755e-05,-4.8112e-05,-4.7514e-05,-4.6952e-05,-4.6421e-05,-4.5915e-05,-4.543e-05,-4.4962e-05,-4.451e-05,-4.4071e-05,-4.3643e-05,-4.3225e-05,-4.2816e-05,-4.2414e-05,-4.2018e-05,-4.1626e-05,-4.1235e-05,-4.0844e-05,-4.0449e-05,-4.0045e-05,-3.9628e-05,-3.9191e-05,-3.8725e-05,-3.8222e-05,-3.7669e-05,-3.7052e-05,-3.6354e-05,-3.5556e-05,-3.4633e-05,-3.3558e-05,-3.23e-05,-3.082e-05,-2.9078e-05,-2.7027e-05,-2.4611e-05,-2.1768e-05,-1.8428e-05,-1.4512e-05,-9.9317e-06,-4.5885e-06,1.627e-06,8.8365e-06,1.7175e-05,2.6792e-05,3.7854e-05,5.0545e-05,6.5072e-05,8.1667e-05,0.00010059,0.00012214,0.00014663,0.00017444,0.00020594,0.00024149,0.00028134,0.00032544,0.00037315,0.00042271,0.00047053,0.0005105,0.00053401,0.00053303
-0.00032055,-0.00032227,-0.00029968,-0.00026585,-0.0002304,-0.00019794,-0.00017012,-0.00014702,-0.00012819,-0.00011296,-0.00010067,-9.0751e-05,-8.2734e-05,-7.6232e-05,-7.094e-05,-6.6618e-05,-6.3072e-05,-6.0151e-05,-5.7732e-05,-5.5719e-05,-5.4033e-05,-5.2611e-05,-5.1403e-05,-5.0367e-05,-4.947e-05,-4.8685e-05,-4.799e-05,-4.7367e-05,-4.6801e-05,-4.6281e-05,-4.5798e-05,-4.5344e-05,-4.4913e-05,-4.4501e-05,-4.4103e-05,-4.3717e-05,-4.3341e-05,-4.2973e-05,-4.2612e-05,-4.2255e-05,-4.1903e-05,-4.1554e-05,-4.1206e-05,-4.0858e-05,-4.0508e-05,-4.0153e-05,-3.979e-05,-3.9415e-05,-3.9021e-05,-3.8603e-05,-3.8152e-05,-3.7659e-05,-3.711e-05,-3.6493e-05,-3.5789e-05,-3.4978e-05,-3.4036e-05,-3.2935e-05,-3.1643e-05,-3.0121e-05,-2.833e-05,-2.622e-05,-2.3737e-05,-2.0817e-05,-1.7389e-05,-1.3373e-05,-8.6808e-06,-3.2108e-06,3.1483e-06,1.0521e-05,1.9048e-05,2.8885e-05,4.0207e-05,5.3214e-05,6.8132e-05,8.5224e-05,0.00010479,0.0001272,0.00015287,0.00018232,0.00021615,0.00025507,0.00029985,0.00035118,0.00040942,0.00047388,0.00054164,0.00060559,0.00065254,0.00066546
-0.00043521,-0.00041421,-0.00036091,-0.00030147,-0.00024821,-0.00020449,-0.00016998,-0.00014313,-0.00012235,-0.00010624,-9.3677e-05,-8.3832e-05,-7.607e-05,-6.9915e-05,-6.5008e-05,-6.1077e-05,-5.7914e-05,-5.5357e-05,-5.328e-05,-5.1585e-05,-5.0195e-05,-4.9046e-05,-4.809e-05,-4.7286e-05,-4.6603e-05,-4.6015e-05,-4.5502e-05,-4.5047e-05,-4.4637e-05,-4.4261e-05,-4.391e-05,-4.3579e-05,-4.3263e-05,-4.2956e-05,-4.2656e-05,-4.2361e-05,-4.207e-05,-4.178e-05,-4.1491e-05,-4.1202e-05,-4.0912e-05,-4.062e-05,-4.0325e-05,-4.0026e-05,-3.972e-05,-3.9406e-05,-3.908e-05,-3.8737e-05,-3.8372e-05,-3.798e-05,-3.755e-05,-3.7074e-05,-3.6539e-05,-3.5931e-05,-3.5232e-05,-3.4422e-05,-3.3477e-05,-3.2368e-05,-3.1064e-05,-2.9526e-05,-2.7714e-05,-2.5579e-05,-2.3065e-05,-2.011e-05,-1.6643e-05,-1.2584e-05,-7.8429e-06,-2.3191e-06,4.1e-06,1.1541e-05,2.0145e-05,3.0073e-05,4.1506e-05,5.4653e-05,6.9754e-05,8.7092e-05,0.000107,0.0001299,0.0001563,0.00018684,0.00022235,0.00026389,0.00031283,0.00037087,0.00043991,0.0005216,0.00061584,0.00071723,0.0008087,0.00085681
-0.00063159,-0.00054276,-0.00042816,-0.00032959,-0.00025462,-0.00019994,-0.00016044,-0.00013175,-0.00011068,-9.4994e-05,-8.3174e-05,-7.4167e-05,-6.7238e-05,-6.1867e-05,-5.7679e-05,-5.4399e-05,-5.182e-05,-4.9786e-05,-4.8179e-05,-4.6906e-05,-4.5894e-05,-4.5086e-05,-4.4438e-05,-4.3913e-05,-4.3484e-05,-4.3126e-05,-4.2823e-05,-4.2559e-05,-4.2324e-05,-4.2108e-05,-4.1905e-05,-4.1709e-05,-4.1517e-05,-4.1325e-05,-4.1131e-05,-4.0934e-05,-4.0732e-05,-4.0525e-05,-4.0313e-05,-4.0095e-05,-3.9871e-05,-3.9641e-05,-3.9402e-05,-3.9155e-05,-3.8898e-05,-3.8628e-05,-3.8343e-05,-3.8037e-05,-3.7708e-05,-3.7346e-05,-3.6946e-05,-3.6496e-05,-3.5985e-05,-3.5398e-05,-3.4719e-05,-3.3927e-05,-3.2997e-05,-3.1904e-05,-3.0613e-05,-2.9089e-05,-2.7291e-05,-2.517e-05,-2.2672e-05,-1.9735e-05,-1.6288e-05,-1.2252e-05,-7.5384e-06,-2.0477e-06,4.3322e-06,1.1727e-05,2.0278e-05,3.0147e-05,4.1514e-05,5.4592e-05,6.9626e-05,8.6908e-05,0.00010679,0.00012972,0.00015624,0.00018709,0.00022326,0.00026611,0.00031754,0.00038031,0.00045831,0.00055683,0.00068201,0.00083729,0.0010108,0.0011469
-0.00097798,-0.00070219,-0.00047813,-0.00033081,-0.00023745,-0.00017761,-0.00013817,-0.00011135,-9.2588e-05,-7.9128e-05,-6.9282e-05,-6.1972e-05,-5.6486e-05,-5.234e-05,-4.9194e-05,-4.6806e-05,-4.4995e-05,-4.3627e-05,-4.26e-05,-4.1835e-05,-4.1272e-05,-4.0861e-05,-4.0567e-05,-4.0358e-05,-4.0211e-05,-4.0109e-05,-4.0036e-05,-3.998e-05,-3.9934e-05,-3.989e-05,-3.9844e-05,-3.9791e-05,-3.973e-05,-3.9657e-05,-3.9573e-05,-3.9477e-05,-3.9369e-05,-3.9248e-05,-3.9115e-05,-3.897e-05,-3.8814e-05,-3.8646e-05,-3.8466e-05,-3.8273e-05,-3.8067e-05,-3.7845e-05,-3.7604e-05,-3.7341e-05,-3.7051e-05,-3.6728e-05,-3.6364e-05,-3.595e-05,-3.5475e-05,-3.4924e-05,-3.428e-05,-3.3524e-05,-3.2633e-05,-3.158e-05,-3.0334e-05,-2.8858e-05,-2.7113e-05,-2.5052e-05,-2.262e-05,-1.9758e-05,-1.6397e-05,-1.2459e-05,-7.8585e-06,-2.4968e-06,3.735e-06,1.096e-05,1.9316e-05,2.896e-05,4.0071e-05,5.2855e-05,6.7551e-05,8.4446e-05,0.00010389,0.00012631,0.00015227,0.0001825,0.00021804,0.00026036,0.00031166,0.0003754,0.00045721,0.00056648,0.00071887,0.00093818,0.0012474,0.0015997
-0.0015345,-0.00081957,-0.00045694,-0.00028073,-0.00018863,-0.00013643,-0.00010465,-8.4137e-05,-7.0281e-05,-6.0607e-05,-5.3696e-05,-4.869e-05,-4.5041e-05,-4.2382e-05,-4.0457e-05,-3.9082e-05,-3.8125e-05,-3.7482e-05,-3.7077e-05,-3.6851e-05,-3.6756e-05,-3.6756e-05,-3.6823e-05,-3.6935e-05,-3.7074e-05,-3.7226e-05,-3.7381e-05,-3.7531e-05,-3.767e-05,-3.7794e-05,-3.7899e-05,-3.7984e-05,-3.8048e-05,-3.809e-05,-3.8111e-05,-3.8111e-05,-3.809e-05,-3.805e-05,-3.7992e-05,-3.7917e-05,-3.7824e-05,-3.7716e-05,-3.7592e-05,-3.7451e-05,-3.7294e-05,-3.7118e-05,-3.6923e-05,-3.6703e-05,-3.6456e-05,-3.6175e-05,-3.5853e-05,-3.5482e-05,-3.505e-05,-3.4545e-05,-3.3951e-05,-3.3247e-05,-3.2414e-05,-3.1423e-05,-3.0247e-05,-2.8849e-05,-2.7191e-05,-2.5228e-05,-2.2908e-05,-2.0172e-05,-1.6953e-05,-1.3178e-05,-8.762e-06,-3.6106e-06,2.3815e-06,9.3326e-06,1.7376e-05,2.6661e-05,3.7358e-05,4.9662e-05,6.38e-05,8.0036e-05,9.8693e-05,0.00012017,0.00014496,0.00017374,0.00020744,0.00024739,0.00029564,0.00035557,0.00043317,0.00053994,0.00069964,0.0009633,0.0014352,0.0022483
