0,0,0,0,0,0,0,0,0,0,0,0,0,0,0,0,0,0,0,0,0,0,0,0,0,0,0,0,0,0,0,0,0,0,0,0,0,0,0,0,0,0,0,0,0,0,0,0,0,0,0,0,0,0,0,0,0,0,0,0,0,0,0,0,0,0,0,0,0,0,0,0,0,0,0,0,0,0,0,0,0,0,0,0,0,0,0,0,0,0,0
0,-1.1225e-07,-2.9034e-07,-4.2788e-07,-4.6738e-07,-3.8307e-07,-1.6694e-07,1.7945e-07,6.495e-07,1.234e-06,1.9227e-06,2.7048e-06,3.5696e-06,4.5067e-06,5.5061e-06,6.5585e-06,7.6551e-06,8.7877e-06,9.9486e-06,1.1131e-05,1.2328e-05,1.3533e-05,1.4741e-05,1.5947e-05,1.7145e-05,1.8331e-05,1.95e-05,2.0649e-05,2.1772e-05,2.2865e-05,2.3926e-05,2.4949e-05,2.5932e-05,2.687e-05,2.776e-05,2.8598e-05,2.938e-05,3.0103e-05,3.0763e-05,3.1356e-05,3.188e-05,3.233e-05,3.2704e-05,3.2999e-05,3.3212e-05,3.3339e-05,3.338e-05,3.3332e-05,3.3193e-05,3.2962e-05,3.2639e-05,3.2224e-05,3.1716e-05,3.1117e-05,3.0429e-05,2.9653e-05,2.8792e-05,2.7851e-05,2.6832e-05,2.5742e-05,2.4586e-05,2.337e-05,2.2101e-05,2.0786e-05,1.9435e-05,1.8054e-05,1.6655e-05,1.5245e-05,1.3835e-05,1.2436e-05,1.1056e-05,9.7077e-06,8.4002e-06,7.1443e-06,5.9499e-06,4.8269e-06,3.7849e-06,2.8327e-06,1.9789e-06,1.231e-06,5.9589e-07,7.917e-08,-3.15e-07,-5.8442e-07,-7.2973e-07,-7.5569e-07,-6.7356e-07,-5.0507e-07,-2.8886e-07,-8.9418e-08,0
0,-2.9088e-07,-6.7715e-07,-8.8729e-07,-7.6234e-07,-2.2062e-07,7.7024e-07,2.2123e-06,4.0896e-06,6.3754e-06,9.0372e-06,1.204e-05,1.5347e-05,1.8922e-05,2.273e-05,2.6738e-05,3.0914e-05,3.5226e-05,3.9647e-05,4.4151e-05,4.8711e-05,5.3305e-05,5.7912e-05,6.2509e-05,6.7079e-05,7.1602e-05,7.6061e-05,8.0439e-05,8.4721e-05,8.889e-05,9.293e-05,9.6828e-05,0.00010057,0.00010414,0.00010752,0.0001107,0.00011367,0.00011641,0.0001189,0.00012115,0.00012312,0.00012482,0.00012622,0.00012732,0.0001281,0.00012857,0.0001287,0.0001285,0.00012795,0.00012706,0.00012581,0.00012422,0.00012228,0.00012,0.00011738,0.00011443,0.00011117,0.0001076,0.00010374,9.962e-05,9.5248e-05,9.0651e-05,8.5857e-05,8.0893e-05,7.5789e-05,7.0578e-05,6.5294e-05,5.9973e-05,5.4649e-05,4.9363e-05,4.415e-05,3.905e-05,3.4101e-05,2.934e-05,2.4806e-05,2.0533e-05,1.6557e-05,1.291e-05,9.6215e-06,6.7185e-06,4.2243e-06,2.1572e-06,5.295e-07,-6.544e-07,-1.4008e-06,-1.7311e-06,-1.6877e-06,-1.3443e-06,-8.1857e-07,-2.8829e-07,0
0,-4.3023e-07,-8.9056e-07,-9.2818e-07,-2.6873e-07,1.2375e-06,3.6559e-06,6.9961e-06,1.1232e-05,1.6316e-05,2.2185e-05,2.877e-05,3.5999e-05,4.3799e-05,5.2096e-05,6.0822e-05,6.9907e-05,7.9289e-05,8.8907e-05,9.8704e-05,0.00010863,0.00011862,0.00012865,0.00013865,0.00014859,0.00015844,0.00016814,0.00017767,0.00018698,0.00019605,0.00020484,0.00021331,0.00022144,0.00022919,0.00023653,0.00024343,0.00024986,0.0002558,0.0002612,0.00026605,0.00027032,0.00027397,0.00027699,0.00027934,0.00028102,0.000282,0.00028226,0.00028179,0.00028057,0.00027861,0.00027589,0.00027241,0.00026819,0.00026323,0.00025754,0.00025114,0.00024406,0.00023633,0.00022798,0.00021905,0.00020959,0.00019965,0.00018928,0.00017855,0.00016752,0.00015625,0.00014483,0.00013333,0.00012182,0.00011038,9.9103e-05,8.8061e-05,7.7338e-05,6.7013e-05,5.7167e-05,4.7873e-05,3.9206e-05,3.1231e-05,2.4013e-05,1.7605e-05,1.2055e-05,7.3976e-06,3.6561e-06,8.356e-07,-1.0809e-06,-2.1403e-06,-2.4303e-06,-2.0935e-06,-1.3468e-06,-5.0439e-07,0
0,-4.7285e-07,-7.7067e-07,-2.7305e-07,1.4052e-06,4.4813e-06,9.0545e-06,1.5143e-05,2.2708e-05,3.1678e-05,4.1957e-05,5.3433e-05,6.599e-05,7.951e-05,9.3872e-05,0.00010896,0.00012466,0.00014087,0.00015749,0.00017441,0.00019154,0.0002088,0.00022611,0.00024339,0.00026056,0.00027756,0.00029431,0.00031076,0.00032684,0.00034248,0.00035765,0.00037226,0.00038628,0.00039964,0.00041229,0.00042418,0.00043525,0.00044546,0.00045475,0.00046308,0.00047039,0.00047665,0.00048181,0.00048583,0.00048868,0.00049032,0.00049073,0.00048987,0.00048774,0.00048432,0.00047961,0.0004736,0.00046631,0.00045774,0.00044794,0.00043692,0.00042473,0.00041143,0.00039707,0.00038172,0.00036547,0.00034839,0.00033058,0.00031215,0.0002932,0.00027386,0.00025424,0.00023448,0.0002147,0.00019505,0.00017566,0.00015666,0.0001382,0.00012041,0.00010342,8.7364e-05,7.2356e-05,5.8513e-05,4.5938e-05,3.4719e-05,2.4935e-05,1.664e-05,9.87e-06,4.6296e-06,8.8753e-07,-1.4346e-06,-2.4767e-06,-2.4588e-06,-1.7057e-06,-6.7611e-07,0
0,-3.9194e-07,-2.3141e-07,1.238e-06,4.4951e-06,9.8151e-06,1.7325e-05,2.7048e-05,3.8932e-05,5.2875e-05,6.8742e-05,8.6376e-05,0.00010561,0.00012628,0.00014819,0.0001712,0.00019512,0.0002198,0.00024509,0.00027084,0.00029691,0.00032318,0.00034951,0.00037579,0.00040192,0.00042777,0.00045325,0.00047826,0.00050271,0.0005265,0.00054954,0.00057175,0.00059304,0.00061333,0.00063253,0.00065057,0.00066737,0.00068284,0.00069692,0.00070952,0.00072059,0.00073004,0.00073783,0.00074388,0.00074815,0.00075059,0.00075115,0.00074981,0.00074653,0.0007413,0.0007341,0.00072495,0.00071386,0.00070085,0.00068597,0.00066925,0.00065077,0.00063061,0.00060885,0.0005856,0.00056097,0.00053511,0.00050815,0.00048024,0.00045156,0.00042227,0.00039257,0.00036265,0.00033269,0.00030291,0.00027351,0.0002447,0.00021667,0.00018964,0.0001638,0.00013933,0.00011643,9.5245e-05,7.5938e-05,5.8638e-05,4.3455e-05,3.0469e-05,1.9729e-05,1.1238e-05,4.9511e-06,7.547e-07,-1.5458e-06,-2.2502e-06,-1.7908e-06,-7.6891e-07,0
0,-1.7742e-07,7.6746e-07,3.6876e-06,9.1302e-06,1.7412e-05,2.8679e-05,4.295e-05,6.0153e-05,8.0153e-05,0.00010277,0.0001278,0.00015502,0.0001842,0.00021509,0.00024749,0.00028114,0.00031585,0.00035139,0.00038758,0.0004242,0.00046109,0.00049808,0.00053498,0.00057166,0.00060796,0.00064373,0.00067883,0.00071314,0.00074652,0.00077885,0.00081,0.00083986,0.0008683,0.00089521,0.00092048,0.000944,0.00096566,0.00098535,0.001003,0.0010184,0.0010316,0.0010425,0.0010509,0.0010568,0.0010602,0.0010609,0.001059,0.0010543,0.001047,0.0010368,0.001024,0.0010084,0.00099019,0.00096933,0.00094592,0.00092005,0.00089183,0.00086139,0.00082887,0.00079444,0.00075827,0.00072057,0.00068156,0.00064145,0.0006005,0.00055896,0.0005171,0.00047518,0.0004335,0.00039233,0.00035195,0.00031265,0.00027471,0.0002384,0.00020397,0.00017167,0.00014174,0.00011437,8.974e-05,6.8006e-05,4.9271e-05,3.3599e-05,2.0995e-05,1.1397e-05,4.6607e-06,5.3566e-07,-1.3541e-06,-1.5438e-06,-7.6577e-07,0
0,1.7214e-07,2.239e-06,7.1088e-06,1.5369e-05,2.7356e-05,4.3221e-05,6.2967e-05,8.6497e-05,0.00011363,0.00014415,0.00017779,0.00021426,0.00025327,0.00029451,0.0003377,0.00038254,0.00042874,0.00047604,0.00052416,0.00057287,0.00062191,0.00067107,0.00072012,0.00076886,0.00081709,0.00086461,0.00091124,0.00095681,0.0010011,0.0010441,0.0010854,0.001125,0.0011628,0.0011985,0.001232,0.0012632,0.0012919,0.0013179,0.0013413,0.0013617,0.0013792,0.0013935,0.0014046,0.0014124,0.0014168,0.0014177,0.0014151,0.0014089,0.0013991,0.0013856,0.0013685,0.0013479,0.0013237,0.001296,0.001265,0.0012307,0.0011934,0.0011531,0.00111,0.0010644,0.0010165,0.00096663,0.00091497,0.00086188,0.00080765,0.00075264,0.00069718,0.00064164,0.00058638,0.00053177,0.00047819,0.000426,0.00037556,0.00032723,0.00028135,0.00023823,0.00019817,0.00016143,0.00012826,9.8825e-05,7.3281e-05,5.1702e-05,3.4098e-05,2.0396e-05,1.0417e-05,3.8638e-06,2.8848e-07,-9.3675e-07,-6.6008e-07,0
0,6.539e-07,4.1808e-06,1.1505e-05,2.3222e-05,3.9669e-05,6.0981e-05,8.7138e-05,0.000118,0.00015335,0.0001929,0.00023633,0.00028329,0.00033341,0.00038633,0.00044166,0.00049906,0.00055817,0.00061864,0.00068015,0.00074237,0.00080502,0.0008678,0.00093043,0.00099265,0.0010542,0.0011149,0.0011744,0.0012325,0.0012891,0.0013438,0.0013965,0.0014471,0.0014952,0.0015407,0.0015834,0.0016231,0.0016596,0.0016928,0.0017225,0.0017485,0.0017707,0.0017889,0.0018031,0.0018129,0.0018185,0.0018196,0.0018162,0.0018082,0.0017957,0.0017785,0.0017567,0.0017304,0.0016996,0.0016644,0.0016249,0.0015813,0.0015337,0.0014824,0.0014277,0.0013697,0.0013088,0.0012453,0.0011795,0.001112,0.001043,0.00097294,0.00090233,0.00083158,0.00076116,0.00069154,0.00062318,0.00055654,0.00049208,0.00043025,0.00037147,0.00031613,0.00026461,0.00021724,0.0001743,0.00013604,0.00010262,7.4155e-05,5.0652e-05,3.203e-05,1.8087e-05,8.4806e-06,2.7006e-06,3.8654e-08,-4.5123e-07,0
0,1.263e-06,6.5817e-06,1.6859e-05,3.2672e-05,5.4332e-05,8.1941e-05,0.00011544,0.00015464,0.00019927,0.00024897,0.00030336,0.00036202,0.0004245,0.00049036,0.00055915,0.00063044,0.0007038,0.00077881,0.00085507,0.0009322,0.0010098,0.0010876,0.0011652,0.0012422,0.0013184,0.0013935,0.0014672,0.0015391,0.0016091,0.0016768,0.0017421,0.0018046,0.0018641,0.0019203,0.0019731,0.0020222,0.0020674,0.0021084,0.0021451,0.0021772,0.0022046,0.002227,0.0022444,0.0022566,0.0022634,0.0022647,0.0022605,0.0022506,0.0022351,0.0022139,0.002187,0.0021545,0.0021165,0.002073,0.0020242,0.0019704,0.0019117,0.0018484,0.0017808,0.0017092,0.001634,0.0015556,0.0014745,0.0013911,0.0013058,0.0012193,0.0011321,0.0010446,0.0009575,0.00087135,0.0007867,0.00070412,0.00062417,0.0005474,0.0004743,0.00040539,0.00034109,0.00028182,0.00022792,0.0001797,0.00013734,0.000101,7.0689e-05,4.6325e-05,2.7686e-05,1.4392e-05,5.8815e-06,1.3789e-06,-1.4192e-07,0
0,1.9938e-06,9.4265e-06,2.3148e-05,4.3685e-05,7.1302e-05,0.00010605,0.00014781,0.00019634,0.0002513,0.00031226,0.00037876,0.00045029,0.00052635,0.0006064,0.00068992,0.00077639,0.00086529,0.00095615,0.0010485,0.0011418,0.0012357,0.0013298,0.0014236,0.0015168,0.0016089,0.0016997,0.0017887,0.0018756,0.0019602,0.002042,0.0021209,0.0021963,0.0022682,0.0023361,0.0023999,0.0024591,0.0025136,0.0025631,0.0026074,0.0026462,0.0026792,0.0027063,0.0027273,0.0027419,0.0027501,0.0027517,0.0027466,0.0027348,0.002716,0.0026905,0.0026581,0.0026189,0.002573,0.0025207,0.0024619,0.002397,0.0023263,0.00225,0.0021685,0.0020822,0.0019916,0.0018971,0.0017992,0.0016986,0.0015958,0.0014914,0.001386,0.0012804,0.0011751,0.001071,0.00096857,0.0008686,0.00077172,0.00067858,0.0005898,0.00050595,0.00042758,0.00035516,0.00028912,0.00022979,0.00017744,0.00013223,9.4201e-05,6.3268e-05,3.9197e-05,2.1581e-05,9.8164e-06,3.0736e-06,2.6345e-07,0
0,2.8405e-06,1.2698e-05,3.0339e-05,5.6215e-05,9.0521e-05,0.00013324,0.00018417,0.00024301,0.00030933,0.00038263,0.00046236,0.00054794,0.00063876,0.00073421,0.00083369,0.00093658,0.0010423,0.0011503,0.0012599,0.0013708,0.0014822,0.0015939,0.0017051,0.0018156,0.0019249,0.0020325,0.0021381,0.0022412,0.0023414,0.0024384,0.0025318,0.0026213,0.0027064,0.0027869,0.0028624,0.0029326,0.0029972,0.0030559,0.0031083,0.0031542,0.0031934,0.0032255,0.0032503,0.0032677,0.0032775,0.0032794,0.0032734,0.0032594,0.0032373,0.0032071,0.0031689,0.0031226,0.0030684,0.0030065,0.0029371,0.0028604,0.0027768,0.0026866,0.0025902,0.0024882,0.0023809,0.0022691,0.0021533,0.0020342,0.0019125,0.0017888,0.001664,0.0015387,0.0014139,0.0012903,0.0011687,0.0010499,0.00093465,0.00082375,0.0007179,0.00061779,0.00052405,0.00043723,0.00035785,0.00028629,0.00022288,0.00016781,0.00012115,8.2823e-05,5.2588e-05,3.0019e-05,1.4483e-05,5.109e-06,7.5978e-07,0
0,3.7974e-06,1.6378e-05,3.8399e-05,7.0214e-05,0.00011192,0.00016342,0.00022442,0.00029453,0.00037323,0.00045993,0.000554,0.00065475,0.0007615,0.00087354,0.00099018,0.0011107,0.0012345,0.0013608,0.001489,0.0016186,0.0017488,0.0018792,0.0020092,0.0021382,0.0022658,0.0023914,0.0025146,0.0026349,0.0027519,0.0028651,0.0029741,0.0030784,0.0031778,0.0032717,0.0033598,0.0034417,0.0035171,0.0035855,0.0036467,0.0037003,0.003746,0.0037835,0.0038126,0.003833,0.0038444,0.0038468,0.0038399,0.0038237,0.0037981,0.0037631,0.0037186,0.0036648,0.0036019,0.0035299,0.0034491,0.0033599,0.0032626,0.0031576,0.0030454,0.0029266,0.0028018,0.0026715,0.0025366,0.0023977,0.0022557,0.0021114,0.0019658,0.0018196,0.0016737,0.0015293,0.001387,0.001248,0.0011129,0.00098288,0.0008586,0.00074089,0.00063047,0.00052801,0.00043409,0.00034917,0.00027363,0.0002077,0.0001515,0.00010495,6.7816e-05,3.9671e-05,1.9856e-05,7.4705e-06,1.3419e-06,0
0,4.8594e-06,2.0451e-05,4.7296e-05,8.5629e-05,0.00013544,0.0001965,0.00026845,0.00035077,0.00044285,0.000544,0.00065349,0.00077053,0.00089435,0.0010241,0.0011591,0.0012985,0.0014414,0.0015873,0.0017353,0.0018847,0.002035,0.0021853,0.0023351,0.0024838,0.0026308,0.0027756,0.0029175,0.0030561,0.0031909,0.0033213,0.0034468,0.003567,0.0036815,0.0037896,0.0038911,0.0039855,0.0040723,0.0041512,0.0042217,0.0042835,0.0043363,0.0043796,0.0044132,0.0044368,0.0044502,0.0044531,0.0044454,0.004427,0.0043978,0.0043577,0.0043068,0.0042452,0.004173,0.0040904,0.0039977,0.0038953,0.0037835,0.0036629,0.0035341,0.0033975,0.0032539,0.0031041,0.0029488,0.002789,0.0026255,0.0024594,0.0022915,0.0021229,0.0019547,0.0017879,0.0016236,0.0014628,0.0013066,0.001156,0.0010119,0.00087525,0.00074686,0.00062749,0.00051782,0.00041839,0.00032964,0.00025186,0.00018519,0.00012959,8.4841e-05,5.0504e-05,2.5912e-05,1.0144e-05,2.0049e-06,0
0,6.0216e-06,2.4899e-05,5.6999e-05,0.00010241,0.000161,0.00023241,0.00031615,0.00041161,0.00051804,0.00063467,0.00076064,0.00089508,0.0010371,0.0011858,0.0013402,0.0014995,0.0016629,0.0018295,0.0019984,0.0021689,0.0023403,0.0025117,0.0026825,0.002852,0.0030195,0.0031845,0.0033462,0.0035042,0.0036577,0.0038063,0.0039493,0.0040863,0.0042167,0.00434,0.0044557,0.0045633,0.0046623,0.0047522,0.0048327,0.0049032,0.0049635,0.005013,0.0050516,0.0050787,0.0050942,0.0050979,0.0050895,0.0050688,0.0050359,0.0049906,0.0049331,0.0048633,0.0047815,0.0046878,0.0045827,0.0044664,0.0043395,0.0042025,0.004056,0.0039008,0.0037375,0.003567,0.0033903,0.0032083,0.0030221,0.0028327,0.0026412,0.0024489,0.0022569,0.0020664,0.0018786,0.0016947,0.0015159,0.0013433,0.0011779,0.001021,0.00087325,0.0007357,0.00060905,0.00049395,0.0003909,0.00030025,0.00022219,0.00015672,0.00010363,6.2487e-05,3.2627e-05,1.3117e-05,2.7447e-06,0
0,7.2795e-06,2.9707e-05,6.7476e-05,0.00012052,0.00018853,0.00027105,0.00036742,0.00047691,0.00059867,0.00073178,0.00087527,0.0010282,0.0011895,0.0013581,0.0015332,0.0017137,0.0018986,0.002087,0.002278,0.0024707,0.0026643,0.0028579,0.0030508,0.0032422,0.0034314,0.0036176,0.0038002,0.0039785,0.0041518,0.0043195,0.004481,0.0046357,0.0047829,0.0049221,0.0050528,0.0051744,0.0052863,0.005388,0.005479,0.0055589,0.0056272,0.0056834,0.0057272,0.0057583,0.0057762,0.0057808,0.0057717,0.0057489,0.0057123,0.0056618,0.0055973,0.0055191,0.0054274,0.0053222,0.0052041,0.0050735,0.0049307,0.0047766,0.0046117,0.0044368,0.0042528,0.0040606,0.0038613,0.003656,0.0034457,0.0032318,0.0030154,0.002798,0.0025807,0.002365,0.0021523,0.0019438,0.0017409,0.0015448,0.0013568,0.0011781,0.0010098,0.00085271,0.00070783,0.00057587,0.00045741,0.00035287,0.00026249,0.00018631,0.00012415,7.5598e-05,3.9985e-05,1.6379e-05,3.5577e-06,0
0,8.6294e-06,3.4863e-05,7.8702e-05,0.0001399,0.00021798,0.00031233,0.00042216,0.00054657,0.00068458,0.00083516,0.00099721,0.0011696,0.0013513,0.001541,0.0017378,0.0019405,0.0021481,0.0023595,0.0025737,0.0027897,0.0030067,0.0032236,0.0034397,0.0036541,0.003866,0.0040745,0.004279,0.0044786,0.0046727,0.0048605,0.0050414,0.0052146,0.0053796,0.0055356,0.0056821,0.0058184,0.0059439,0.0060581,0.0061603,0.0062501,0.006327,0.0063904,0.00644,0.0064752,0.0064959,0.0065016,0.0064922,0.0064673,0.006427,0.0063711,0.0062998,0.0062129,0.0061109,0.0059939,0.0058624,0.0057168,0.0055576,0.0053855,0.0052014,0.005006,0.0048003,0.0045854,0.0043624,0.0041324,0.0038969,0.0036571,0.0034145,0.0031705,0.0029266,0.0026843,0.002445,0.0022104,0.0019819,0.0017609,0.0015489,0.001347,0.0011566,0.00097866,0.00081427,0.00066423,0.00052923,0.00040975,0.0003061,0.00021836,0.0001464,8.9824e-05,4.7975e-05,1.9923e-05,4.4413e-06,0
0,1.0068e-05,4.0354e-05,9.0649e-05,0.00016051,0.00024929,0.00035619,0.00048026,0.00062046,0.00077565,0.00094466,0.0011263,0.0013192,0.0015223,0.0017342,0.0019538,0.0021799,0.0024112,0.0026467,0.0028852,0.0031257,0.0033671,0.0036085,0.0038488,0.0040873,0.0043229,0.0045548,0.0047821,0.0050041,0.0052199,0.0054288,0.00563,0.0058228,0.0060064,0.00618,0.0063431,0.006495,0.0066349,0.0067622,0.0068764,0.0069767,0.0070627,0.0071339,0.0071897,0.0072296,0.0072534,0.0072605,0.0072509,0.0072242,0.0071803,0.0071191,0.0070406,0.0069451,0.0068325,0.0067034,0.006558,0.0063969,0.0062206,0.00603,0.0058259,0.0056091,0.0053808,0.0051421,0.0048942,0.0046385,0.0043764,0.0041095,0.0038392,0.0035672,0.0032951,0.0030246,0.0027574,0.0024952,0.0022395,0.0019921,0.0017544,0.0015278,0.0013139,0.0011137,0.00092852,0.00075915,0.00060643,0.00047093,0.00035304,0.00025289,0.00017038,0.00010516,5.6592e-05,2.3745e-05,5.394e-06,0
0,1.1591e-05,4.6168e-05,0.0001033,0.00018232,0.00028241,0.00040255,0.00054165,0.00069847,0.00087175,0.0010601,0.0012623,0.0014768,0.0017024,0.0019376,0.002181,0.0024315,0.0026877,0.0029483,0.0032122,0.0034782,0.0037452,0.0040121,0.0042778,0.0045413,0.0048017,0.005058,0.0053093,0.0055547,0.0057932,0.0060242,0.0062467,0.0064598,0.0066629,0.0068551,0.0070357,0.0072039,0.007359,0.0075003,0.007627,0.0077386,0.0078344,0.0079139,0.0079764,0.0080215,0.0080487,0.0080577,0.0080482,0.0080198,0.0079724,0.007906,0.0078205,0.0077161,0.0075929,0.0074513,0.0072917,0.0071146,0.0069207,0.0067109,0.006486,0.006247,0.0059951,0.0057315,0.0054577,0.0051751,0.0048852,0.0045897,0.0042903,0.0039889,0.0036871,0.0033869,0.0030901,0.0027986,0.0025142,0.0022387,0.0019738,0.0017211,0.0014821,0.0012583,0.0010508,0.00086081,0.00068915,0.00053653,0.00040338,0.00028993,0.00019612,0.00012163,6.5841e-05,2.7847e-05,6.4152e-06,0
0,1.3197e-05,5.2296e-05,0.00011662,0.0002053,0.00031727,0.00045135,0.00060623,0.00078052,0.00097277,0.0011815,0.0014052,0.0016423,0.0018913,0.0021508,0.0024192,0.0026952,0.0029773,0.0032642,0.0035546,0.0038472,0.0041408,0.0044342,0.0047263,0.005016,0.0053023,0.005584,0.0058602,0.00613,0.0063923,0.0066463,0.006891,0.0071255,0.0073491,0.0075607,0.0077597,0.0079451,0.0081162,0.0082721,0.0084123,0.0085358,0.0086421,0.0087305,0.0088003,0.0088511,0.0088824,0.0088936,0.0088845,0.0088547,0.0088041,0.0087326,0.0086401,0.0085268,0.0083928,0.0082385,0.0080643,0.0078709,0.0076589,0.0074292,0.0071828,0.0069208,0.0066444,0.006355,0.0060541,0.0057432,0.0054242,0.0050988,0.0047689,0.0044365,0.0041035,0.0037719,0.003444,0.0031215,0.0028067,0.0025015,0.0022077,0.0019271,0.0016616,0.0014126,0.0011814,0.00096944,0.00077759,0.00060667,0.00045723,0.00032955,0.00022365,0.00013924,7.5732e-05,3.223e-05,7.5053e-06,0
0,1.4884e-05,5.873e-05,0.00013061,0.00022941,0.00035385,0.00050253,0.00067394,0.0008665,0.0010786,0.0013085,0.0015547,0.0018154,0.0020889,0.0023737,0.0026681,0.0029707,0.0032798,0.003594,0.0039119,0.0042322,0.0045535,0.0048746,0.0051942,0.0055111,0.0058242,0.0061324,0.0064347,0.0067298,0.0070169,0.0072949,0.0075628,0.0078197,0.0080647,0.0082967,0.0085149,0.0087184,0.0089064,0.0090779,0.0092322,0.0093685,0.009486,0.009584,0.0096619,0.0097189,0.0097547,0.0097687,0.0097604,0.0097297,0.0096761,0.0095997,0.0095003,0.0093781,0.0092332,0.0090661,0.0088771,0.008667,0.0084364,0.0081863,0.0079177,0.0076318,0.00733,0.0070137,0.0066846,0.0063444,0.0059949,0.0056382,0.0052763,0.0049113,0.0045454,0.0041809,0.0038199,0.0034649,0.0031179,0.0027811,0.0024567,0.0021467,0.0018529,0.0015771,0.0013208,0.0010854,0.00087199,0.00068156,0.00051473,0.00037186,0.00025304,0.00015804,8.6285e-05,3.6904e-05,8.6662e-06,0
0,1.6649e-05,6.5462e-05,0.00014525,0.00025463,0.0003921,0.00055603,0.00074471,0.00095634,0.0011891,0.0014412,0.0017108,0.001996,0.0022951,0.0026062,0.0029277,0.0032578,0.003595,0.0039376,0.0042842,0.0046332,0.0049833,0.005333,0.0056811,0.0060263,0.0063674,0.0067032,0.0070324,0.007354,0.0076669,0.0079699,0.0082621,0.0085423,0.0088097,0.009063,0.0093015,0.009524,0.0097298,0.0099178,0.010087,0.010237,0.010366,0.010475,0.010561,0.010625,0.010666,0.010684,0.010677,0.010645,0.010589,0.010508,0.010402,0.010271,0.010115,0.0099354,0.0097314,0.0095043,0.0092546,0.0089836,0.0086921,0.0083816,0.0080535,0.0077093,0.0073508,0.00698,0.0065987,0.0062092,0.0058138,0.0054146,0.0050142,0.0046149,0.0042192,0.0038297,0.0034487,0.0030786,0.0027218,0.0023805,0.0020567,0.0017524,0.0014693,0.001209,0.00097265,0.00076143,0.00057605,0.00041699,0.00028439,0.00017808,9.753e-05,4.1881e-05,9.9004e-06,0
0,1.849e-05,7.2485e-05,0.00016051,0.00028094,0.000432,0.00061182,0.00081848,0.00105,0.0013043,0.0015794,0.0018733,0.0021841,0.0025096,0.0028481,0.0031976,0.0035564,0.0039227,0.0042948,0.004671,0.0050499,0.0054298,0.0058093,0.006187,0.0065616,0.0069317,0.007296,0.0076533,0.0080024,0.0083421,0.0086712,0.0089887,0.0092933,0.009584,0.0098597,0.010119,0.010362,0.010586,0.010792,0.010977,0.011141,0.011284,0.011403,0.0115,0.011571,0.011618,0.011639,0.011634,0.011603,0.011545,0.011459,0.011347,0.011207,0.011041,0.010848,0.010629,0.010384,0.010115,0.0098227,0.0095078,0.0091719,0.0088165,0.0084435,0.0080545,0.0076518,0.0072374,0.0068136,0.006383,0.005948,0.0055113,0.0050754,0.0046432,0.0042173,0.0038003,0.003395,0.0030039,0.0026293,0.0022737,0.0019392,0.0016276,0.0013407,0.00108,0.00084658,0.00064143,0.0004651,0.0003178,0.00019943,0.00010951,4.7177e-05,1.1212e-05,0
0,2.0406e-05,7.9794e-05,0.0001764,0.00030831,0.00047349,0.00066985,0.00089519,0.0011473,0.001424,0.0017231,0.0020423,0.0023794,0.0027325,0.0030993,0.0034779,0.0038664,0.0042629,0.0046654,0.0050724,0.0054821,0.0058929,0.0063033,0.0067117,0.0071167,0.0075168,0.0079108,0.0082973,0.0086749,0.0090425,0.0093988,0.0097426,0.010073,0.010388,0.010687,0.010969,0.011233,0.011477,0.011701,0.011903,0.012082,0.012239,0.01237,0.012477,0.012557,0.012611,0.012637,0.012634,0.012603,0.012543,0.012454,0.012336,0.012188,0.012011,0.011805,0.011571,0.011309,0.01102,0.010705,0.010367,0.010005,0.0096211,0.0092182,0.0087976,0.0083617,0.0079127,0.0074532,0.0069858,0.0065133,0.0060384,0.0055641,0.0050933,0.004629,0.0041741,0.0037315,0.003304,0.0028942,0.0025048,0.0021381,0.0017962,0.0014811,0.0011943,0.00093735,0.00071113,0.00051638,0.00035341,0.00022218,0.00012226,5.2813e-05,1.2606e-05,0
0,2.2396e-05,8.7383e-05,0.00019289,0.00033672,0.00051658,0.00073008,0.00097481,0.0012483,0.0015482,0.0018721,0.0022174,0.002582,0.0029635,0.0033597,0.0037684,0.0041876,0.0046152,0.0050494,0.0054882,0.0059298,0.0063726,0.0068148,0.007255,0.0076915,0.0081228,0.0085475,0.0089642,0.0093715,0.0097681,0.010153,0.010524,0.01088,0.011221,0.011545,0.01185,0.012136,0.012401,0.012644,0.012864,0.013061,0.013232,0.013376,0.013494,0.013584,0.013645,0.013676,0.013677,0.013648,0.013587,0.013494,0.01337,0.013214,0.013027,0.012808,0.012559,0.012279,0.011971,0.011634,0.01127,0.010882,0.010469,0.010036,0.0095822,0.0091119,0.008627,0.0081301,0.0076243,0.0071124,0.0065975,0.0060827,0.0055713,0.0050665,0.0045715,0.0040894,0.0036233,0.0031762,0.002751,0.0023501,0.0019759,0.0016308,0.0013163,0.0010342,0.00078547,0.00057107,0.00039138,0.00024643,0.00013585,5.8815e-05,1.409e-05,0
0,2.4459e-05,9.5249e-05,0.00020999,0.00036617,0.00056122,0.00079248,0.0010573,0.001353,0.0016769,0.0020263,0.0023988,0.0027917,0.0032026,0.0036292,0.004069,0.0045199,0.0049798,0.0054465,0.0059182,0.0063928,0.0068686,0.0073438,0.0078168,0.0082858,0.0087494,0.0092059,0.009654,0.010092,0.010519,0.010933,0.011332,0.011717,0.012084,0.012433,0.012763,0.013072,0.013359,0.013623,0.013862,0.014076,0.014263,0.014422,0.014552,0.014653,0.014722,0.01476,0.014765,0.014737,0.014676,0.014581,0.014452,0.014289,0.014091,0.01386,0.013596,0.013298,0.01297,0.01261,0.012222,0.011805,0.011364,0.010898,0.010411,0.0099046,0.0093823,0.0088466,0.0083006,0.0077474,0.0071905,0.0066332,0.006079,0.0055315,0.0049941,0.0044702,0.0039633,0.0034767,0.0030133,0.002576,0.0021676,0.0017904,0.0014465,0.0011375,0.00086481,0.00062943,0.0004319,0.00027231,0.00015035,6.5215e-05,1.5669e-05,0
0,2.6593e-05,0.00010339,0.00022767,0.00039664,0.0006074,0.00085703,0.0011426,0.0014612,0.0018099,0.0021858,0.0025863,0.0030084,0.0034497,0.0039076,0.0043795,0.0048632,0.0053563,0.0058567,0.0063622,0.0068709,0.0073809,0.0078901,0.008397,0.0088997,0.0093966,0.0098861,0.010367,0.010837,0.011294,0.011739,0.012168,0.012581,0.012977,0.013353,0.013708,0.014042,0.014352,0.014638,0.014897,0.01513,0.015334,0.015508,0.015652,0.015764,0.015843,0.015888,0.015898,0.015874,0.015813,0.015716,0.015583,0.015412,0.015205,0.014962,0.014683,0.014368,0.014019,0.013637,0.013223,0.012778,0.012306,0.011808,0.011286,0.010742,0.010181,0.009605,0.009017,0.0084207,0.0078198,0.0072178,0.0066186,0.006026,0.0054438,0.0048757,0.0043256,0.0037969,0.003293,0.0028171,0.0023722,0.0019609,0.0015854,0.0012478,0.00094955,0.00069178,0.00047518,0.00029995,0.00016583,7.2047e-05,1.7355e-05,0
0,2.8798e-05,0.0001118,0.00024595,0.00042811,0.0006551,0.0009237,0.0012307,0.0015729,0.0019472,0.0023505,0.0027798,0.0032321,0.0037048,0.0041949,0.0046999,0.0052174,0.0057448,0.0062799,0.0068204,0.0073642,0.0079093,0.0084537,0.0089955,0.009533,0.010064,0.010588,0.011102,0.011605,0.012095,0.012571,0.013032,0.013475,0.013899,0.014303,0.014686,0.015045,0.01538,0.015688,0.015969,0.016222,0.016444,0.016635,0.016794,0.016918,0.017008,0.017062,0.017079,0.017058,0.016999,0.016901,0.016764,0.016587,0.016371,0.016116,0.015822,0.01549,0.015121,0.014716,0.014276,0.013803,0.0133,0.012768,0.012209,0.011628,0.011026,0.010408,0.0097763,0.0091349,0.0084877,0.0078388,0.0071921,0.006552,0.0059225,0.0053077,0.0047117,0.0041384,0.0035915,0.0030745,0.0025907,0.002143,0.001734,0.0013658,0.0010402,0.00075847,0.00052148,0.00032952,0.00018238,7.9351e-05,1.9156e-05,0
0,3.1074e-05,0.00012047,0.0002648,0.00046058,0.00070431,0.00099247,0.0013216,0.0016882,0.0020888,0.0025203,0.0029793,0.0034628,0.0039676,0.004491,0.0050302,0.0055824,0.0061451,0.0067159,0.0072924,0.0078724,0.0084537,0.0090343,0.0096123,0.010186,0.010753,0.011311,0.01186,0.012397,0.012921,0.01343,0.013923,0.014397,0.014852,0.015285,0.015696,0.016082,0.016442,0.016775,0.01708,0.017353,0.017596,0.017804,0.017979,0.018118,0.018219,0.018283,0.018307,0.018292,0.018235,0.018137,0.017997,0.017815,0.017591,0.017325,0.017017,0.016667,0.016278,0.01585,0.015384,0.014882,0.014347,0.01378,0.013185,0.012564,0.011921,0.011258,0.010581,0.0098924,0.0091969,0.0084986,0.0078021,0.0071119,0.0064324,0.0057681,0.0051235,0.0045028,0.0039102,0.0033495,0.0028243,0.0023378,0.0018929,0.001492,0.0011372,0.00082986,0.00057105,0.00036118,0.00020012,8.7174e-05,2.1085e-05,0
0,3.3418e-05,0.00012941,0.00028423,0.00049404,0.00075501,0.0010633,0.0014152,0.0018069,0.0022347,0.0026951,0.0031848,0.0037002,0.0042383,0.0047959,0.0053701,0.0059581,0.0065571,0.0071647,0.0077782,0.0083955,0.0090141,0.009632,0.010247,0.010858,0.011461,0.012056,0.012641,0.013214,0.013772,0.014315,0.014841,0.015348,0.015834,0.016298,0.016738,0.017153,0.017541,0.017899,0.018228,0.018525,0.018788,0.019016,0.019208,0.019362,0.019477,0.019552,0.019585,0.019576,0.019523,0.019426,0.019285,0.019098,0.018867,0.01859,0.018268,0.017902,0.017493,0.017041,0.016549,0.016018,0.01545,0.014849,0.014215,0.013553,0.012867,0.012159,0.011434,0.010696,0.0099501,0.0092001,0.0084511,0.007708,0.0069757,0.0062591,0.005563,0.004892,0.0042508,0.0036435,0.0030741,0.0025462,0.002063,0.0016272,0.0012411,0.0009064,0.00062421,0.00039514,0.00021914,9.5567e-05,2.3154e-05,0
0,3.5832e-05,0.00013862,0.00030422,0.00052848,0.0008072,0.0011362,0.0015115,0.001929,0.0023848,0.0028751,0.0033961,0.0039445,0.0045167,0.0051095,0.0057197,0.0063445,0.0069808,0.0076261,0.0082778,0.0089333,0.0095903,0.010247,0.0109,0.011549,0.01219,0.012823,0.013444,0.014053,0.014648,0.015227,0.015787,0.016328,0.016847,0.017343,0.017814,0.018258,0.018675,0.019061,0.019415,0.019736,0.020022,0.020271,0.020482,0.020653,0.020783,0.02087,0.020914,0.020912,0.020864,0.02077,0.020628,0.020438,0.0202,0.019913,0.019578,0.019196,0.018767,0.018293,0.017775,0.017214,0.016613,0.015975,0.015303,0.014599,0.013868,0.013113,0.012339,0.011549,0.01075,0.009946,0.0091418,0.0083431,0.007555,0.006783,0.0060322,0.0053079,0.004615,0.0039581,0.0033416,0.0027696,0.0022454,0.0017723,0.0013527,0.00098854,0.00068129,0.00043161,0.00023957,0.00010459,2.5378e-05,0
0,3.8315e-05,0.00014808,0.00032479,0.00056389,0.00086086,0.0012112,0.0016105,0.0020546,0.002539,0.00306,0.0036134,0.0041955,0.0048027,0.0054316,0.0060789,0.0067414,0.0074161,0.0081002,0.008791,0.0094858,0.010182,0.010878,0.011571,0.012259,0.012939,0.01361,0.01427,0.014917,0.015549,0.016164,0.01676,0.017336,0.01789,0.018419,0.018923,0.019398,0.019844,0.020259,0.020641,0.020988,0.021298,0.021569,0.021801,0.02199,0.022137,0.022238,0.022294,0.022301,0.02226,0.022169,0.022028,0.021836,0.021592,0.021297,0.02095,0.020552,0.020104,0.019607,0.019063,0.018472,0.017839,0.017164,0.016452,0.015705,0.014927,0.014123,0.013298,0.012455,0.0116,0.010739,0.0098771,0.0090197,0.0081728,0.0073422,0.0065336,0.0057526,0.0050047,0.004295,0.0036283,0.003009,0.0024411,0.0019279,0.0014724,0.0010768,0.00074264,0.00047083,0.00026155,0.00011429,2.7774e-05,0
0,4.0865e-05,0.00015781,0.00034591,0.00060027,0.00091598,0.0012882,0.0017123,0.0021835,0.0026975,0.0032498,0.0038364,0.0044532,0.0050964,0.0057623,0.0064476,0.0071488,0.0078628,0.0085867,0.0093176,0.010053,0.01079,0.011526,0.012259,0.012987,0.013708,0.014419,0.015119,0.015804,0.016475,0.017128,0.017761,0.018374,0.018963,0.019527,0.020064,0.020573,0.02105,0.021495,0.021906,0.02228,0.022616,0.022912,0.023166,0.023376,0.02354,0.023657,0.023726,0.023745,0.023712,0.023626,0.023487,0.023294,0.023046,0.022743,0.022385,0.021973,0.021506,0.020987,0.020416,0.019796,0.019129,0.018417,0.017664,0.016873,0.016048,0.015193,0.014314,0.013416,0.012504,0.011583,0.01066,0.0097408,0.0088318,0.0079392,0.0070693,0.0062282,0.0054219,0.0046559,0.0039356,0.0032659,0.0026511,0.0020952,0.0016012,0.0011717,0.00080866,0.00051305,0.00028524,0.00012475,3.0357e-05,0
0,4.3483e-05,0.00016779,0.0003676,0.00063761,0.00097255,0.0013673,0.0018167,0.0023158,0.00286,0.0034446,0.0040652,0.0047175,0.0053976,0.0061015,0.0068257,0.0075666,0.0083209,0.0090856,0.0098577,0.010634,0.011413,0.012191,0.012966,0.013735,0.014497,0.015249,0.015989,0.016715,0.017425,0.018117,0.018789,0.019439,0.020066,0.020666,0.021239,0.021781,0.022292,0.022769,0.02321,0.023614,0.023977,0.024299,0.024576,0.024809,0.024993,0.025128,0.025212,0.025243,0.02522,0.025141,0.025006,0.024814,0.024563,0.024253,0.023885,0.023459,0.022975,0.022434,0.021838,0.021188,0.020487,0.019737,0.018943,0.018106,0.017233,0.016326,0.015392,0.014436,0.013463,0.01248,0.011493,0.010509,0.0095349,0.0085769,0.0076421,0.0067371,0.0058686,0.0050427,0.0042653,0.0035417,0.0028768,0.0022749,0.0017397,0.0012739,0.00087978,0.00055857,0.00031078,0.00013605,3.3149e-05,0
0,4.6169e-05,0.00017803,0.00038985,0.00067591,0.0010306,0.0014483,0.0019237,0.0024515,0.0030267,0.0036443,0.0042997,0.0049885,0.0057063,0.0064491,0.0072131,0.0079947,0.0087903,0.0095968,0.010411,0.01123,0.012051,0.012872,0.013689,0.014501,0.015305,0.0161,0.016881,0.017649,0.0184,0.019132,0.019844,0.020534,0.021198,0.021837,0.022446,0.023024,0.02357,0.02408,0.024554,0.024988,0.025381,0.02573,0.026034,0.02629,0.026496,0.02665,0.026751,0.026797,0.026786,0.026716,0.026586,0.026396,0.026144,0.025829,0.025453,0.025013,0.024513,0.023951,0.023329,0.02265,0.021915,0.021128,0.020291,0.019409,0.018485,0.017525,0.016534,0.015518,0.014482,0.013434,0.01238,0.011328,0.010285,0.0092578,0.0082543,0.0072817,0.0063472,0.0054574,0.004619,0.0038379,0.0031194,0.0024683,0.0018888,0.001384,0.00095645,0.00060767,0.00033835,0.00014825,3.6168e-05,0
0,4.8922e-05,0.00018853,0.00041264,0.00071516,0.00109,0.0015314,0.0020334,0.0025905,0.0031974,0.0038489,0.00454,0.005266,0.0060224,0.0068051,0.0076099,0.008433,0.0092709,0.01012,0.010978,0.01184,0.012705,0.013569,0.01443,0.015286,0.016133,0.016971,0.017795,0.018605,0.019399,0.020173,0.020926,0.021656,0.022361,0.023038,0.023685,0.024301,0.024883,0.025429,0.025936,0.026403,0.026827,0.027206,0.027537,0.027819,0.028049,0.028225,0.028345,0.028407,0.028409,0.02835,0.028228,0.028042,0.02779,0.027472,0.027088,0.026638,0.026121,0.025539,0.024893,0.024185,0.023417,0.022592,0.021712,0.020783,0.019808,0.018793,0.017743,0.016665,0.015564,0.014448,0.013325,0.012201,0.011085,0.009985,0.0089089,0.0078645,0.0068598,0.0059022,0.0049987,0.0041561,0.0033802,0.0026765,0.0020494,0.0015027,0.0010392,0.00066069,0.00036815,0.00016144,3.9438e-05,0
0,5.1742e-05,0.00019928,0.000436,0.00075536,0.0011509,0.0016164,0.0021457,0.0027329,0.0033722,0.0040583,0.0047859,0.00555,0.006346,0.0071693,0.0080158,0.0088814,0.0097625,0.010655,0.011557,0.012464,0.013373,0.014282,0.015188,0.016088,0.01698,0.017862,0.018731,0.019585,0.020421,0.021238,0.022034,0.022806,0.023552,0.024269,0.024957,0.025612,0.026232,0.026814,0.027357,0.027859,0.028316,0.028726,0.029087,0.029397,0.029652,0.029852,0.029993,0.030074,0.030092,0.030045,0.029932,0.029752,0.029502,0.029183,0.028793,0.028333,0.027802,0.027201,0.026532,0.025795,0.024994,0.02413,0.023208,0.022232,0.021205,0.020133,0.019023,0.01788,0.016712,0.015525,0.014329,0.01313,0.011938,0.010761,0.0096085,0.0084882,0.007409,0.0063791,0.0054063,0.004498,0.0036608,0.0029006,0.0022225,0.0016307,0.0011285,0.00071797,0.00040037,0.00017572,4.2982e-05,0
0,5.4628e-05,0.00021028,0.0004599,0.00079651,0.0012133,0.0017035,0.0022606,0.0028785,0.003551,0.0042725,0.0050374,0.0058405,0.0066768,0.0075417,0.0084307,0.0093398,0.010265,0.011203,0.012149,0.013101,0.014056,0.015011,0.015962,0.016908,0.017846,0.018773,0.019687,0.020586,0.021467,0.022328,0.023168,0.023983,0.024771,0.025531,0.02626,0.026955,0.027614,0.028236,0.028816,0.029354,0.029846,0.030289,0.030682,0.031022,0.031305,0.031531,0.031695,0.031796,0.031832,0.0318,0.031699,0.031526,0.031281,0.030962,0.030568,0.0301,0.029556,0.028938,0.028246,0.027482,0.026648,0.025747,0.024782,0.023757,0.022678,0.021549,0.020376,0.019167,0.017929,0.016669,0.015396,0.014119,0.012848,0.01159,0.010356,0.0091553,0.0079971,0.0068904,0.0058438,0.0048654,0.0039625,0.0031418,0.002409,0.0017687,0.0012249,0.00077987,0.00043523,0.00019119,4.6827e-05,0
0,5.7581e-05,0.00022154,0.00048435,0.0008386,0.001277,0.0017925,0.0023782,0.0030274,0.0037339,0.0044915,0.0052945,0.0061373,0.0070149,0.0079222,0.0088547,0.0098081,0.010778,0.011761,0.012754,0.013752,0.014754,0.015755,0.016753,0.017746,0.01873,0.019703,0.020664,0.021608,0.022535,0.023442,0.024326,0.025186,0.026018,0.026821,0.027593,0.02833,0.029031,0.029692,0.030312,0.030888,0.031416,0.031895,0.032322,0.032693,0.033007,0.03326,0.03345,0.033574,0.03363,0.033615,0.033527,0.033365,0.033126,0.03281,0.032414,0.031939,0.031384,0.03075,0.030037,0.029246,0.02838,0.027442,0.026434,0.025362,0.024229,0.023041,0.021806,0.020529,0.019218,0.017882,0.01653,0.015172,0.013816,0.012473,0.011154,0.0098686,0.0086267,0.0074385,0.0063133,0.0052601,0.0042871,0.0034015,0.00261,0.0019177,0.001329,0.00084678,0.00047295,0.00020795,5.0999e-05,0
0,6.06e-05,0.00023305,0.00050935,0.00088164,0.0013422,0.0018835,0.0024983,0.0031796,0.0039207,0.0047153,0.0055571,0.0064406,0.0073601,0.0083107,0.0092876,0.010286,0.011302,0.012332,0.013371,0.014417,0.015465,0.016514,0.01756,0.0186,0.019632,0.020652,0.02166,0.022652,0.023625,0.024578,0.025509,0.026414,0.027292,0.02814,0.028955,0.029736,0.030479,0.031183,0.031844,0.032459,0.033026,0.033542,0.034005,0.03441,0.034756,0.035039,0.035257,0.035406,0.035484,0.035489,0.035417,0.035268,0.035038,0.034726,0.03433,0.033851,0.033287,0.032638,0.031905,0.031089,0.030193,0.029218,0.028168,0.027047,0.025861,0.024614,0.023314,0.021967,0.020582,0.019168,0.017734,0.01629,0.014847,0.013415,0.012006,0.010631,0.0093005,0.0080257,0.0068169,0.005684,0.004636,0.0036811,0.0028266,0.0020784,0.0014414,0.00091913,0.00051378,0.00022611,5.5529e-05,0
0,6.3686e-05,0.00024481,0.0005349,0.00092561,0.0014088,0.0019765,0.0026211,0.0033351,0.0041116,0.0049438,0.0058253,0.0067501,0.0077125,0.0087072,0.0097292,0.010774,0.011836,0.012913,0.014,0.015094,0.016191,0.017288,0.018382,0.01947,0.020551,0.02162,0.022675,0.023715,0.024736,0.025737,0.026715,0.027667,0.028591,0.029485,0.030346,0.031172,0.031959,0.032706,0.033409,0.034066,0.034674,0.035229,0.035729,0.036171,0.036551,0.036867,0.037114,0.037291,0.037394,0.03742,0.037367,0.037233,0.037014,0.036709,0.036316,0.035834,0.035263,0.034602,0.033851,0.033012,0.032086,0.031075,0.029984,0.028815,0.027575,0.026268,0.024902,0.023485,0.022024,0.020529,0.019009,0.017477,0.015943,0.014418,0.012914,0.011445,0.010021,0.0086544,0.0073568,0.0061391,0.0050111,0.003982,0.0030599,0.0022517,0.0015628,0.00099734,0.00055796,0.0002458,6.0447e-05,0
0,6.6837e-05,0.00025683,0.000561,0.00097054,0.0014768,0.0020715,0.0027464,0.0034938,0.0043064,0.005177,0.0060989,0.0070659,0.008072,0.0091115,0.010179,0.011271,0.012381,0.013506,0.014641,0.015783,0.016929,0.018076,0.019219,0.020357,0.021486,0.022604,0.023709,0.024798,0.025868,0.026917,0.027943,0.028943,0.029915,0.030856,0.031763,0.032635,0.033469,0.03426,0.035008,0.035708,0.036358,0.036954,0.037494,0.037974,0.03839,0.03874,0.03902,0.039226,0.039357,0.039407,0.039375,0.039258,0.039053,0.038757,0.038369,0.037888,0.037312,0.03664,0.035874,0.035012,0.034059,0.033014,0.031882,0.030666,0.029372,0.028006,0.026574,0.025084,0.023545,0.021966,0.02036,0.018736,0.017106,0.015484,0.013882,0.012313,0.01079,0.009327,0.0079353,0.0066272,0.005414,0.0043056,0.0033113,0.0024386,0.0016939,0.0010819,0.00060578,0.00026713,6.5788e-05,0
0,7.0056e-05,0.0002691,0.00058766,0.0010164,0.0015463,0.0021684,0.0028743,0.0036559,0.0045052,0.0054149,0.006378,0.0073879,0.0084384,0.0095236,0.010638,0.011777,0.012935,0.014109,0.015294,0.016485,0.017681,0.018877,0.02007,0.021258,0.022437,0.023606,0.02476,0.025898,0.027018,0.028117,0.029192,0.03024,0.031261,0.03225,0.033206,0.034125,0.035005,0.035843,0.036637,0.037382,0.038075,0.038714,0.039295,0.039815,0.04027,0.040657,0.040971,0.04121,0.04137,0.041447,0.041439,0.041341,0.041152,0.040869,0.040489,0.04001,0.039431,0.038752,0.037972,0.037091,0.036111,0.035034,0.033862,0.032601,0.031254,0.029827,0.028328,0.026765,0.025147,0.023484,0.021787,0.020068,0.01834,0.016617,0.014911,0.013238,0.011612,0.010046,0.0085545,0.0071506,0.0058464,0.0046535,0.0035818,0.00264,0.0018353,0.0011732,0.00065752,0.00029024,7.1587e-05,0
0,7.3341e-05,0.00028163,0.00061487,0.0010632,0.0016172,0.0022674,0.0030049,0.0038211,0.0047079,0.0056575,0.0066626,0.0077161,0.0088118,0.0099434,0.011105,0.012292,0.0135,0.014723,0.015957,0.017199,0.018445,0.019692,0.020936,0.022174,0.023404,0.024623,0.025828,0.027016,0.028186,0.029335,0.03046,0.031558,0.032628,0.033667,0.034671,0.035639,0.036568,0.037453,0.038293,0.039084,0.039823,0.040507,0.041131,0.041693,0.042188,0.042614,0.042965,0.043238,0.04343,0.043536,0.043554,0.04348,0.043309,0.043041,0.042671,0.042198,0.041619,0.040935,0.040143,0.039245,0.038241,0.037133,0.035924,0.034617,0.033218,0.031732,0.030167,0.02853,0.026832,0.025082,0.023293,0.021476,0.019647,0.017818,0.016005,0.014223,0.012487,0.010814,0.0092167,0.007711,0.0063103,0.0050271,0.0038727,0.0028569,0.0019878,0.0012718,0.00071347,0.00031527,7.7881e-05,0
0,7.6695e-05,0.00029442,0.00064265,0.001111,0.0016895,0.0023684,0.0031381,0.0039897,0.0049147,0.0059049,0.0069525,0.0080505,0.009192,0.010371,0.011581,0.012817,0.014074,0.015347,0.016632,0.017925,0.019222,0.020519,0.021814,0.023104,0.024385,0.025655,0.026911,0.02815,0.029371,0.03057,0.031746,0.032895,0.034015,0.035104,0.036158,0.037175,0.038153,0.039087,0.039975,0.040814,0.0416,0.042329,0.042998,0.043604,0.044141,0.044607,0.044997,0.045307,0.045533,0.045671,0.045718,0.045668,0.04552,0.045269,0.044912,0.044447,0.043872,0.043185,0.042385,0.041472,0.040447,0.03931,0.038065,0.036715,0.035265,0.033721,0.03209,0.030379,0.0286,0.026762,0.024879,0.022962,0.021028,0.01909,0.017165,0.015269,0.013419,0.011632,0.0099239,0.0083106,0.0068074,0.0054281,0.0041854,0.0030904,0.0021522,0.0013783,0.00077394,0.00034237,8.4709e-05,0
0,8.0117e-05,0.00030747,0.000671,0.0011598,0.0017634,0.0024714,0.003274,0.0041617,0.0051255,0.0061569,0.007248,0.008391,0.0095791,0.010806,0.012065,0.01335,0.014657,0.015981,0.017317,0.018661,0.020009,0.021358,0.022705,0.024046,0.025379,0.0267,0.028008,0.029298,0.03057,0.031821,0.033048,0.034248,0.035419,0.036558,0.037663,0.03873,0.039758,0.040741,0.041679,0.042566,0.0434,0.044177,0.044892,0.045543,0.046124,0.046633,0.047063,0.047412,0.047675,0.047847,0.047925,0.047903,0.047779,0.047548,0.047208,0.046754,0.046185,0.045499,0.044693,0.043768,0.042724,0.041562,0.040283,0.038892,0.037393,0.035792,0.034095,0.032311,0.030451,0.028525,0.026545,0.024527,0.022485,0.020435,0.018394,0.01638,0.01441,0.012504,0.010678,0.0089514,0.0073394,0.005858,0.0045212,0.0033414,0.0023293,0.0014931,0.00083927,0.00037169,9.2115e-05,0
0,8.3611e-05,0.00032079,0.00069994,0.0012096,0.0018387,0.0025765,0.0034125,0.004337,0.0053403,0.0064138,0.0075489,0.0087377,0.0099731,0.011248,0.012556,0.013892,0.01525,0.016625,0.018012,0.019408,0.020808,0.022209,0.023608,0.025001,0.026385,0.027758,0.029117,0.03046,0.031784,0.033086,0.034363,0.035615,0.036837,0.038027,0.039183,0.040302,0.041379,0.042414,0.043401,0.044338,0.045221,0.046046,0.046809,0.047506,0.048133,0.048685,0.049159,0.049548,0.04985,0.050058,0.050169,0.050179,0.050081,0.049874,0.049552,0.049113,0.048553,0.04787,0.047062,0.046129,0.045069,0.043883,0.042574,0.041145,0.039599,0.037942,0.036181,0.034325,0.032384,0.030369,0.028293,0.026171,0.024019,0.021853,0.019692,0.017555,0.015462,0.013431,0.011482,0.0096351,0.0079081,0.0063183,0.0048813,0.0036111,0.0025198,0.0016169,0.00090977,0.00040339,0.00010014,0
0,8.7177e-05,0.0003344,0.00072948,0.0012604,0.0019156,0.0026837,0.0035539,0.0045157,0.0055593,0.0066754,0.0078553,0.0090906,0.010374,0.011698,0.013056,0.014442,0.015851,0.017278,0.018717,0.020165,0.021617,0.02307,0.024521,0.025966,0.027403,0.028828,0.030239,0.031633,0.033008,0.034362,0.035691,0.036994,0.038268,0.039509,0.040717,0.041886,0.043015,0.0441,0.045138,0.046125,0.047057,0.047932,0.048743,0.049488,0.050162,0.05076,0.051278,0.05171,0.052052,0.052299,0.052446,0.052488,0.05242,0.052239,0.051939,0.051517,0.05097,0.050294,0.049487,0.048547,0.047475,0.04627,0.044934,0.043468,0.041878,0.040168,0.038346,0.036419,0.034397,0.032294,0.030121,0.027894,0.02563,0.023346,0.021062,0.018798,0.016575,0.014414,0.012337,0.010364,0.0085153,0.0068106,0.0052671,0.0039006,0.0027245,0.0017501,0.00098581,0.00043764,0.00010883,0
0,9.0818e-05,0.00034829,0.00075965,0.0013123,0.0019941,0.0027932,0.0036981,0.004698,0.0057826,0.006942,0.0081673,0.0094497,0.010781,0.012155,0.013564,0.015001,0.016462,0.01794,0.019432,0.020932,0.022436,0.023942,0.025444,0.026942,0.02843,0.029907,0.03137,0.032816,0.034243,0.035648,0.037029,0.038383,0.039708,0.041001,0.042259,0.04348,0.04466,0.045796,0.046885,0.047922,0.048905,0.049829,0.05069,0.051484,0.052206,0.05285,0.053414,0.05389,0.054274,0.054561,0.054746,0.054824,0.054788,0.054636,0.054361,0.053959,0.053427,0.052762,0.051959,0.051018,0.049937,0.048716,0.047355,0.045857,0.044226,0.042466,0.040584,0.038588,0.036489,0.034297,0.032028,0.029696,0.027318,0.024914,0.022504,0.020109,0.017753,0.015456,0.013244,0.011139,0.0091624,0.0073363,0.0056799,0.0042108,0.0029444,0.0018934,0.0010677,0.00047462,0.00011824,0
0,9.4539e-05,0.00036249,0.00079047,0.0013654,0.0020743,0.0029049,0.0038452,0.0048839,0.0060101,0.0072137,0.008485,0.0098152,0.011196,0.01262,0.014079,0.015568,0.017081,0.018611,0.020155,0.021708,0.023264,0.024822,0.026377,0.027926,0.029466,0.030995,0.032509,0.034007,0.035485,0.036941,0.038373,0.039778,0.041155,0.042499,0.043808,0.04508,0.046311,0.047498,0.048637,0.049726,0.050759,0.051733,0.052644,0.053487,0.054257,0.05495,0.055559,0.056081,0.056509,0.056839,0.057063,0.057178,0.057177,0.057056,0.056809,0.056431,0.055918,0.055266,0.054471,0.053532,0.052446,0.051212,0.049832,0.048305,0.046637,0.04483,0.042892,0.04083,0.038654,0.036376,0.034011,0.031574,0.029082,0.026557,0.024018,0.021489,0.018994,0.016558,0.014206,0.011962,0.0098511,0.0078969,0.006121,0.004543,0.0031802,0.0020474,0.0011559,0.00051449,0.00012842,0
0,9.8344e-05,0.000377,0.00082199,0.0014195,0.0021562,0.003019,0.0039955,0.0050736,0.0062422,0.0074905,0.0088086,0.010187,0.011618,0.013092,0.014603,0.016144,0.017708,0.019291,0.020887,0.022492,0.024101,0.025711,0.027318,0.028918,0.03051,0.03209,0.033655,0.035204,0.036732,0.038239,0.039722,0.041178,0.042605,0.043999,0.045359,0.046681,0.047963,0.0492,0.05039,0.051529,0.052613,0.053638,0.054598,0.055491,0.05631,0.057051,0.057708,0.058276,0.058749,0.059122,0.059388,0.059542,0.059578,0.059491,0.059274,0.058922,0.058431,0.057796,0.057014,0.05608,0.054993,0.053751,0.052355,0.050804,0.049102,0.047253,0.045262,0.043137,0.040888,0.038527,0.036067,0.033526,0.03092,0.028272,0.025603,0.022938,0.020301,0.01772,0.015222,0.012834,0.010583,0.0084938,0.0065915,0.004898,0.0034328,0.0022126,0.0012508,0.00055746,0.00013941,0
0,0.00010224,0.00039186,0.00085424,0.001475,0.00224,0.0031357,0.004149,0.0052673,0.006479,0.0077728,0.0091382,0.010566,0.012046,0.013572,0.015134,0.016727,0.018344,0.01998,0.021628,0.023285,0.024946,0.026607,0.028266,0.029917,0.03156,0.03319,0.034806,0.036405,0.037983,0.03954,0.041073,0.042578,0.044054,0.045499,0.046908,0.04828,0.049612,0.050899,0.052139,0.053328,0.054462,0.055536,0.056546,0.057488,0.058356,0.059146,0.059851,0.060466,0.060985,0.061402,0.061711,0.061907,0.061981,0.06193,0.061746,0.061423,0.060958,0.060343,0.059576,0.058652,0.057569,0.056323,0.054915,0.053345,0.051614,0.049726,0.047687,0.045503,0.043185,0.040743,0.038192,0.035548,0.03283,0.030059,0.027259,0.024454,0.021673,0.018944,0.016295,0.013757,0.011358,0.0091281,0.0070927,0.005277,0.003703,0.0023897,0.0013526,0.0006037,0.00015128,0
0,0.00010623,0.00040708,0.00088728,0.0015318,0.0023258,0.0032551,0.0043059,0.0054653,0.0067207,0.0080607,0.0094742,0.010951,0.012482,0.014059,0.015674,0.017319,0.018988,0.020676,0.022377,0.024085,0.025798,0.027511,0.02922,0.030922,0.032615,0.034295,0.03596,0.037608,0.039235,0.040841,0.042422,0.043976,0.045501,0.046994,0.048452,0.049872,0.051252,0.052589,0.053878,0.055115,0.056298,0.057421,0.058481,0.059472,0.060389,0.061226,0.061979,0.062642,0.063207,0.06367,0.064023,0.06426,0.064376,0.064362,0.064213,0.063923,0.063485,0.062895,0.062147,0.061237,0.060161,0.058916,0.057501,0.055916,0.054162,0.052241,0.050158,0.047921,0.045537,0.043019,0.040379,0.037635,0.034806,0.031914,0.028982,0.026038,0.023109,0.020228,0.017424,0.014731,0.012179,0.0098009,0.0076256,0.0056809,0.0039915,0.0025792,0.0014618,0.00065341,0.00016407,0
0,0.00011032,0.0004227,0.00092118,0.00159,0.0024137,0.0033773,0.0044666,0.0056677,0.0069677,0.0083546,0.0098168,0.011344,0.012926,0.014555,0.016222,0.017919,0.019641,0.02138,0.023133,0.024893,0.026657,0.02842,0.030179,0.031931,0.033673,0.035401,0.037115,0.03881,0.040486,0.042139,0.043767,0.045368,0.04694,0.04848,0.049985,0.051453,0.05288,0.054264,0.0556,0.056885,0.058116,0.059287,0.060395,0.061434,0.062399,0.063284,0.064085,0.064794,0.065406,0.065914,0.066312,0.066593,0.06675,0.066776,0.066664,0.066408,0.066002,0.065439,0.064714,0.063821,0.062757,0.061518,0.060102,0.058507,0.056735,0.054786,0.052666,0.05038,0.047936,0.045346,0.042622,0.039782,0.036845,0.033832,0.03077,0.027685,0.024609,0.021572,0.01861,0.015756,0.013046,0.010513,0.0081912,0.0061105,0.0042992,0.0027818,0.0015788,0.00070678,0.00017785,0
0,0.00011453,0.00043877,0.00095602,0.0016498,0.0025039,0.0035027,0.0046312,0.0058749,0.0072204,0.0086548,0.010166,0.011744,0.013378,0.015059,0.016778,0.018527,0.020301,0.022093,0.023897,0.025708,0.027521,0.029334,0.031142,0.032943,0.034732,0.036508,0.038269,0.040011,0.041732,0.043431,0.045104,0.046751,0.048368,0.049953,0.051503,0.053016,0.054489,0.055918,0.0573,0.058632,0.059908,0.061126,0.06228,0.063366,0.064377,0.06531,0.066157,0.066913,0.067571,0.068125,0.068568,0.068893,0.069092,0.069159,0.069086,0.068867,0.068494,0.067961,0.067262,0.066392,0.065344,0.064115,0.062703,0.061104,0.059319,0.057349,0.055198,0.052869,0.050371,0.047715,0.044913,0.041981,0.038939,0.03581,0.032619,0.029395,0.026169,0.022976,0.019852,0.016833,0.013959,0.011266,0.0087902,0.0065668,0.0046268,0.002998,0.001704,0.00076402,0.00019268,0
0,0.00011887,0.00045531,0.00099189,0.0017113,0.0025967,0.0036316,0.0048002,0.0060874,0.0074791,0.008962,0.010524,0.012152,0.013838,0.015571,0.017342,0.019144,0.02097,0.022813,0.024667,0.026529,0.028392,0.030253,0.032109,0.033956,0.035792,0.037614,0.039419,0.041206,0.042971,0.044714,0.046431,0.048121,0.049781,0.051409,0.053002,0.054558,0.056074,0.057546,0.058972,0.060347,0.061668,0.06293,0.064129,0.065259,0.066316,0.067294,0.068187,0.068988,0.069692,0.070291,0.070779,0.071147,0.07139,0.071499,0.071466,0.071285,0.070949,0.070449,0.069779,0.068934,0.067907,0.066694,0.06529,0.063693,0.061903,0.059918,0.057741,0.055376,0.052832,0.050116,0.047241,0.044224,0.041083,0.037841,0.034524,0.031161,0.027787,0.024436,0.021148,0.017961,0.014918,0.012059,0.0094235,0.0070505,0.0049749,0.0032283,0.0018377,0.00082532,0.00020861,0
0,0.00012336,0.0004724,0.0010289,0.0017748,0.0026923,0.0037642,0.0049739,0.0063056,0.0077445,0.0092765,0.010889,0.012569,0.014307,0.016093,0.017916,0.01977,0.021647,0.023541,0.025445,0.027356,0.029267,0.031176,0.033078,0.034971,0.036851,0.038717,0.040565,0.042394,0.044201,0.045985,0.047743,0.049474,0.051174,0.052842,0.054476,0.056072,0.057629,0.059142,0.060608,0.062025,0.063387,0.064691,0.065932,0.067106,0.068206,0.069227,0.070164,0.071009,0.071757,0.0724,0.072932,0.073344,0.07363,0.073781,0.07379,0.073649,0.07335,0.072886,0.072249,0.071433,0.070431,0.069238,0.067848,0.06626,0.064469,0.062476,0.060281,0.057889,0.055304,0.052536,0.049597,0.0465,0.043266,0.039916,0.036478,0.032981,0.029459,0.025951,0.022497,0.01914,0.015923,0.012892,0.010091,0.0075621,0.0053443,0.0034733,0.0019802,0.00089088,0.00022572,0
0,0.000128,0.0004901,0.0010672,0.0018405,0.0027911,0.0039011,0.005153,0.0065302,0.0080171,0.0095992,0.011263,0.012996,0.014786,0.016624,0.0185,0.020405,0.022333,0.024277,0.02623,0.028188,0.030146,0.032101,0.034047,0.035984,0.037907,0.039814,0.041703,0.043572,0.045419,0.047241,0.049037,0.050806,0.052544,0.05425,0.05592,0.057554,0.059148,0.060699,0.062203,0.063658,0.065059,0.066402,0.067683,0.068896,0.070037,0.071099,0.072077,0.072965,0.073755,0.074441,0.075016,0.075471,0.0758,0.075993,0.076044,0.075944,0.075684,0.075258,0.074656,0.073873,0.0729,0.071731,0.070361,0.068786,0.067002,0.065008,0.062803,0.060391,0.057775,0.054963,0.051966,0.048799,0.045479,0.042028,0.038474,0.034846,0.031181,0.027517,0.023897,0.020367,0.016974,0.013767,0.010794,0.0081022,0.0057353,0.0037335,0.0021321,0.0009609,0.00024405,0
0,0.00013284,0.00050849,0.001107,0.0019085,0.0028934,0.0040427,0.0053379,0.0067618,0.0082978,0.0099307,0.011646,0.013432,0.015275,0.017165,0.019093,0.02105,0.023028,0.025021,0.027022,0.029026,0.03103,0.033028,0.035017,0.036995,0.038958,0.040904,0.042831,0.044737,0.04662,0.048479,0.05031,0.052113,0.053885,0.055625,0.05733,0.058998,0.060625,0.06221,0.063749,0.065239,0.066675,0.068054,0.069371,0.070621,0.071799,0.072899,0.073917,0.074844,0.075674,0.076401,0.077017,0.077514,0.077884,0.07812,0.078213,0.078154,0.077935,0.077548,0.076984,0.076236,0.075296,0.074156,0.072812,0.071256,0.069486,0.067498,0.065291,0.062867,0.060228,0.057382,0.054337,0.051107,0.04771,0.044166,0.040503,0.036751,0.032946,0.029129,0.025344,0.02164,0.018069,0.014681,0.011532,0.008671,0.0061485,0.0040093,0.0022935,0.0010356,0.00026368,0
0,0.00013788,0.00052767,0.0011485,0.0019794,0.0029998,0.0041895,0.0055295,0.0070012,0.0085874,0.010272,0.012041,0.013879,0.015775,0.017718,0.019698,0.021705,0.023732,0.025773,0.02782,0.02987,0.031916,0.033956,0.035985,0.038002,0.040002,0.041985,0.043947,0.045887,0.047803,0.049694,0.051557,0.053391,0.055194,0.056964,0.058699,0.060397,0.062055,0.06367,0.065239,0.06676,0.068227,0.069638,0.070987,0.072271,0.073483,0.074618,0.075671,0.076635,0.077503,0.078268,0.078923,0.07946,0.079871,0.080148,0.080282,0.080265,0.080087,0.079741,0.079217,0.078507,0.077603,0.076497,0.075182,0.073652,0.071902,0.069927,0.067726,0.065299,0.062647,0.059776,0.056693,0.053412,0.049947,0.046319,0.042555,0.038686,0.034747,0.030781,0.026834,0.022957,0.019206,0.015635,0.012304,0.0092688,0.0065842,0.0043011,0.0024649,0.0011151,0.00028467,0
0,0.00014316,0.00054774,0.0011918,0.0020533,0.0031106,0.0043424,0.0057284,0.0072493,0.008887,0.010625,0.012446,0.014338,0.016288,0.018283,0.020314,0.022371,0.024446,0.026533,0.028625,0.030717,0.032805,0.034884,0.036951,0.039004,0.041039,0.043054,0.045048,0.047019,0.048964,0.050883,0.052774,0.054635,0.056465,0.058261,0.060022,0.061746,0.06343,0.065071,0.066666,0.068213,0.069708,0.071146,0.072524,0.073837,0.075079,0.076245,0.07733,0.078327,0.079229,0.08003,0.080721,0.081296,0.081746,0.082062,0.082237,0.08226,0.082124,0.081819,0.081336,0.080667,0.079802,0.078733,0.077453,0.075955,0.074231,0.072278,0.070091,0.06767,0.065015,0.062129,0.059019,0.055696,0.052175,0.048474,0.04462,0.040642,0.036577,0.032468,0.028362,0.024315,0.020383,0.016627,0.01311,0.0098954,0.0070427,0.0046092,0.0026464,0.0011996,0.00030708,0
0,0.00014873,0.00056886,0.0012373,0.0021309,0.0032266,0.0045021,0.0059358,0.0075074,0.0091977,0.010989,0.012865,0.014811,0.016814,0.018861,0.020942,0.023048,0.02517,0.027302,0.029437,0.03157,0.033696,0.035812,0.037913,0.039998,0.042065,0.044109,0.046131,0.048129,0.0501,0.052043,0.053958,0.055842,0.057693,0.059511,0.061294,0.063039,0.064743,0.066406,0.068023,0.069592,0.071109,0.07257,0.073971,0.075309,0.076577,0.07777,0.078882,0.079909,0.080841,0.081674,0.082399,0.083008,0.083494,0.083848,0.084062,0.084125,0.08403,0.083767,0.083327,0.0827,0.081876,0.080849,0.079608,0.078145,0.076455,0.07453,0.072366,0.06996,0.067312,0.064422,0.061297,0.057945,0.054379,0.050617,0.046683,0.042607,0.038425,0.034181,0.029923,0.025708,0.021597,0.017655,0.01395,0.010551,0.0075241,0.0049339,0.0028384,0.0012894,0.00033099,0
0,0.00015463,0.00059119,0.0012854,0.0022126,0.0033486,0.0046696,0.0061528,0.0077766,0.009521,0.011367,0.013298,0.015299,0.017354,0.019453,0.021584,0.023738,0.025905,0.02808,0.030255,0.032426,0.034588,0.036737,0.03887,0.040985,0.043078,0.045148,0.047194,0.049214,0.051206,0.05317,0.055103,0.057005,0.058874,0.060709,0.062507,0.064268,0.065989,0.067668,0.069301,0.070887,0.072421,0.0739,0.07532,0.076677,0.077966,0.079181,0.080317,0.081368,0.082327,0.083188,0.083943,0.084584,0.085103,0.085492,0.085742,0.085845,0.08579,0.085568,0.085171,0.084587,0.083808,0.082824,0.081625,0.080205,0.078553,0.076664,0.074531,0.07215,0.069519,0.066637,0.063509,0.06014,0.056543,0.052733,0.048732,0.04457,0.040282,0.035912,0.031509,0.027131,0.022844,0.018716,0.014821,0.011234,0.0080283,0.0052754,0.0030412,0.0013845,0.00035645,0
0,0.0001609,0.0006149,0.0013363,0.0022991,0.0034773,0.0048459,0.0063806,0.0080585,0.0098585,0.011761,0.013748,0.015803,0.017911,0.020061,0.022241,0.024441,0.026652,0.028867,0.03108,0.033286,0.035481,0.03766,0.03982,0.04196,0.044077,0.046168,0.048233,0.050271,0.052279,0.054258,0.056205,0.058119,0.060001,0.061847,0.063657,0.065428,0.06716,0.068849,0.070493,0.07209,0.073636,0.075128,0.076561,0.077932,0.079237,0.080469,0.081623,0.082694,0.083675,0.084559,0.08534,0.086009,0.086558,0.086979,0.087264,0.087403,0.087387,0.087206,0.086851,0.086311,0.085578,0.08464,0.083488,0.082114,0.080507,0.07866,0.076566,0.074219,0.071615,0.068753,0.065634,0.062262,0.058648,0.054804,0.050751,0.046517,0.042136,0.03765,0.033112,0.028579,0.02412,0.019809,0.015723,0.011944,0.0085552,0.0056339,0.0032549,0.0014852,0.00038353,0
0,0.00016762,0.00064025,0.0013906,0.002391,0.0036139,0.0050324,0.0066208,0.0083548,0.010212,0.012172,0.014215,0.016325,0.018486,0.020686,0.022914,0.025158,0.02741,0.029663,0.031912,0.03415,0.036373,0.038578,0.040762,0.042922,0.045057,0.047165,0.049245,0.051295,0.053315,0.055302,0.057258,0.05918,0.061068,0.06292,0.064735,0.066511,0.068247,0.069941,0.071591,0.073193,0.074745,0.076243,0.077684,0.079064,0.080378,0.081622,0.082789,0.083875,0.084873,0.085776,0.086577,0.08727,0.087845,0.088295,0.088611,0.088785,0.088805,0.088664,0.088351,0.087856,0.087168,0.086279,0.085177,0.083852,0.082295,0.080497,0.07845,0.076147,0.073581,0.07075,0.067653,0.064292,0.060675,0.056813,0.052724,0.048433,0.043973,0.039386,0.034723,0.030044,0.02542,0.020928,0.016653,0.012681,0.0091044,0.0060095,0.0034798,0.0015916,0.00041231,0
0,0.00017487,0.00066749,0.0014489,0.0024893,0.0037595,0.0052305,0.0068751,0.0086674,0.010584,0.012602,0.014702,0.016867,0.019081,0.02133,0.023603,0.02589,0.028181,0.030469,0.032749,0.035015,0.037263,0.03949,0.041693,0.043869,0.046018,0.048137,0.050225,0.052282,0.054307,0.056299,0.058257,0.060181,0.062069,0.06392,0.065734,0.06751,0.069244,0.070937,0.072585,0.074186,0.075738,0.077237,0.07868,0.080062,0.08138,0.082629,0.083804,0.084899,0.085908,0.086825,0.087643,0.088354,0.088951,0.089426,0.08977,0.089975,0.09003,0.089926,0.089654,0.089203,0.088562,0.087722,0.086672,0.085401,0.083899,0.082156,0.080163,0.077911,0.075394,0.072606,0.069544,0.066209,0.062605,0.058741,0.054632,0.050301,0.045779,0.041106,0.036332,0.031519,0.026738,0.022071,0.017608,0.013443,0.0096755,0.006402,0.0037161,0.001704,0.00044286,0
0,0.00018274,0.00069697,0.0015117,0.0025951,0.0039155,0.0054422,0.0071457,0.0089987,0.010976,0.013054,0.015212,0.017432,0.019697,0.021994,0.024311,0.026637,0.028964,0.031284,0.033592,0.035882,0.03815,0.040394,0.04261,0.044797,0.046953,0.049078,0.05117,0.053228,0.055252,0.057241,0.059196,0.061114,0.062996,0.064841,0.066648,0.068415,0.070142,0.071827,0.073467,0.075061,0.076606,0.078099,0.079537,0.080916,0.082231,0.08348,0.084656,0.085754,0.086769,0.087694,0.088523,0.089248,0.089863,0.090358,0.090726,0.090958,0.091044,0.090976,0.090743,0.090335,0.089741,0.088952,0.087955,0.086741,0.085298,0.083615,0.081683,0.079491,0.077032,0.074299,0.071286,0.067991,0.064416,0.060567,0.056457,0.052105,0.047538,0.042796,0.037928,0.032994,0.028067,0.023233,0.018586,0.014229,0.010268,0.0068116,0.0039639,0.0018224,0.00047526,0
0,0.00019133,0.00072907,0.0015799,0.0027094,0.0040836,0.0056693,0.0074349,0.0093511,0.011391,0.01353,0.015746,0.018021,0.020337,0.022681,0.025039,0.027402,0.029761,0.032108,0.034439,0.036748,0.039031,0.041286,0.04351,0.045702,0.04786,0.049984,0.052073,0.054125,0.056142,0.058123,0.060066,0.061973,0.063842,0.065674,0.067466,0.069219,0.070931,0.072601,0.074227,0.075807,0.077338,0.078818,0.080244,0.081613,0.08292,0.084162,0.085333,0.086428,0.087443,0.08837,0.089205,0.089939,0.090565,0.091076,0.091464,0.09172,0.091834,0.091798,0.091602,0.091236,0.090689,0.089949,0.089008,0.087852,0.086471,0.084854,0.082989,0.080866,0.078475,0.075807,0.072855,0.069615,0.066086,0.062271,0.058178,0.053824,0.049234,0.044443,0.039497,0.034458,0.029399,0.024407,0.019583,0.015035,0.010881,0.0072379,0.0042234,0.0019472,0.0005096,0
0,0.00020079,0.00076427,0.0016543,0.0028339,0.0042658,0.0059143,0.0077454,0.0097276,0.011832,0.014033,0.016308,0.018637,0.021003,0.02339,0.025787,0.028183,0.03057,0.032941,0.035289,0.037611,0.039904,0.042164,0.04439,0.04658,0.048733,0.050849,0.052928,0.054968,0.05697,0.058935,0.060861,0.062749,0.064598,0.066409,0.06818,0.069911,0.071601,0.073249,0.074853,0.076412,0.077923,0.079384,0.080791,0.082143,0.083434,0.084662,0.085822,0.086908,0.087916,0.08884,0.089674,0.090411,0.091044,0.091566,0.091969,0.092245,0.092384,0.092377,0.092215,0.091889,0.091386,0.090697,0.089811,0.088716,0.0874,0.085852,0.08406,0.082013,0.079699,0.077107,0.07423,0.07106,0.067593,0.06383,0.059775,0.05544,0.050848,0.046028,0.041027,0.035901,0.030725,0.025589,0.020595,0.015861,0.011513,0.007681,0.0044948,0.0020784,0.00054598,0
0,0.00021129,0.00080313,0.0017362,0.0029701,0.0044643,0.0061799,0.0080802,0.010131,0.012303,0.014567,0.016901,0.019283,0.021696,0.024124,0.026556,0.028981,0.031391,0.033779,0.03614,0.038469,0.040765,0.043023,0.045243,0.047424,0.049566,0.051666,0.053727,0.055748,0.057728,0.059669,0.06157,0.063431,0.065253,0.067036,0.068778,0.07048,0.072141,0.07376,0.075335,0.076865,0.078348,0.079782,0.081164,0.082491,0.08376,0.084968,0.086109,0.08718,0.088175,0.08909,0.089917,0.090652,0.091286,0.091814,0.092227,0.092518,0.092677,0.092696,0.092566,0.092276,0.091817,0.091177,0.090347,0.089313,0.088065,0.08659,0.084876,0.082911,0.080681,0.078177,0.075387,0.072301,0.068914,0.06522,0.061224,0.056931,0.052359,0.047535,0.0425,0.03731,0.032036,0.026769,0.021617,0.016703,0.012164,0.0081406,0.0047784,0.0022164,0.00058453,0
0,0.00022302,0.00084635,0.0018269,0.0031202,0.0046818,0.0064694,0.008443,0.010566,0.012807,0.015135,0.017527,0.019961,0.022418,0.024884,0.027347,0.029795,0.032223,0.034622,0.036988,0.039317,0.041608,0.043857,0.046064,0.048228,0.050349,0.052427,0.054462,0.056455,0.058405,0.060314,0.062182,0.064009,0.065796,0.067542,0.069248,0.070913,0.072537,0.074119,0.075657,0.077151,0.078599,0.079999,0.081349,0.082645,0.083885,0.085065,0.086181,0.08723,0.088206,0.089104,0.089919,0.090645,0.091275,0.091803,0.092222,0.092523,0.092698,0.092739,0.092636,0.092381,0.091963,0.091372,0.090596,0.089625,0.088445,0.087046,0.085415,0.083537,0.081401,0.078994,0.076302,0.073315,0.070023,0.066419,0.062502,0.058274,0.053747,0.048945,0.043902,0.03867,0.03332,0.027941,0.022644,0.017559,0.012831,0.0086165,0.0050744,0.0023616,0.00062539,0
0,0.00023624,0.00089478,0.001928,0.0032865,0.0049215,0.0067864,0.0088378,0.011036,0.013347,0.01574,0.018189,0.020672,0.023171,0.02567,0.028158,0.030624,0.033061,0.035464,0.037828,0.040149,0.042427,0.044658,0.046843,0.048982,0.051074,0.05312,0.055121,0.057077,0.058989,0.060858,0.062684,0.064468,0.066212,0.067914,0.069575,0.071195,0.072774,0.074311,0.075806,0.077256,0.078662,0.08002,0.08133,0.082588,0.083791,0.084937,0.086022,0.087041,0.087992,0.088868,0.089664,0.090376,0.090996,0.091519,0.091937,0.092243,0.09243,0.092489,0.092411,0.092187,0.091808,0.091262,0.090541,0.089631,0.088522,0.087201,0.085655,0.083871,0.081835,0.079533,0.076951,0.074076,0.070896,0.0674,0.063584,0.059444,0.054989,0.050235,0.045212,0.039966,0.034564,0.029094,0.02367,0.018425,0.013515,0.0091085,0.0053832,0.0025142,0.00066875,0
0,0.00025127,0.00094943,0.0020413,0.0034719,0.005187,0.0071351,0.0092689,0.011546,0.013929,0.016386,0.018891,0.02142,0.023955,0.026481,0.028987,0.031464,0.033903,0.036301,0.038653,0.040958,0.043212,0.045417,0.047571,0.049674,0.051728,0.053733,0.05569,0.0576,0.059464,0.061284,0.06306,0.064793,0.066484,0.068134,0.069742,0.071309,0.072836,0.07432,0.075763,0.077162,0.078518,0.079827,0.08109,0.082302,0.083462,0.084567,0.085613,0.086597,0.087515,0.088363,0.089135,0.089826,0.09043,0.090942,0.091355,0.091662,0.091856,0.091928,0.091871,0.091675,0.091332,0.090831,0.090162,0.089314,0.088275,0.087034,0.085576,0.08389,0.08196,0.079772,0.07731,0.07456,0.071507,0.068138,0.064444,0.060418,0.056061,0.051384,0.04641,0.041179,0.035754,0.030219,0.024687,0.019296,0.014212,0.0096164,0.0057052,0.002675,0.00071483,0
0,0.00026848,0.0010116,0.0021694,0.00368,0.0054827,0.0075205,0.0097415,0.0121,0.014556,0.017076,0.019633,0.022203,0.024769,0.027315,0.029832,0.032309,0.034741,0.037124,0.039455,0.041732,0.043953,0.04612,0.048232,0.05029,0.052295,0.054249,0.056152,0.058007,0.059814,0.061575,0.063292,0.064965,0.066595,0.068183,0.06973,0.071236,0.072701,0.074125,0.075508,0.076849,0.078147,0.079401,0.080608,0.081768,0.082878,0.083935,0.084936,0.085879,0.086758,0.087571,0.088312,0.088976,0.08956,0.090056,0.090458,0.090761,0.090957,0.091039,0.090998,0.090827,0.090516,0.090057,0.089439,0.088652,0.087684,0.086523,0.085157,0.083571,0.081753,0.079685,0.077353,0.07474,0.07183,0.068606,0.065055,0.061166,0.056935,0.052365,0.047473,0.042291,0.036874,0.031303,0.025687,0.020169,0.014921,0.01014,0.0060413,0.0028444,0.00076393,0
0,0.00028837,0.0010828,0.0023151,0.0039148,0.0058136,0.007948,0.010261,0.012703,0.015232,0.017813,0.020417,0.023023,0.025611,0.028168,0.030685,0.033152,0.035566,0.037923,0.04022,0.042457,0.044634,0.046751,0.04881,0.050811,0.052757,0.054648,0.056487,0.058276,0.060016,0.061709,0.063356,0.06496,0.06652,0.068038,0.069515,0.070951,0.072348,0.073704,0.075019,0.076294,0.077527,0.078717,0.079863,0.080964,0.082017,0.083019,0.083969,0.084863,0.085698,0.08647,0.087174,0.087807,0.088364,0.088839,0.089226,0.08952,0.089713,0.0898,0.089772,0.089622,0.089342,0.088922,0.088353,0.087625,0.086727,0.085648,0.084374,0.082893,0.08119,0.07925,0.077056,0.074591,0.071837,0.068775,0.065388,0.061661,0.057584,0.053153,0.048377,0.043279,0.037906,0.032331,0.02666,0.021037,0.01564,0.01068,0.0063923,0.0030235,0.00081645,0
0,0.00031158,0.0011652,0.002482,0.0041813,0.0061855,0.0084236,0.010833,0.01336,0.01596,0.018598,0.021243,0.023875,0.026476,0.029033,0.031537,0.033982,0.036364,0.038681,0.040932,0.043116,0.045235,0.04729,0.049282,0.051214,0.053088,0.054906,0.05667,0.058382,0.060044,0.061659,0.063227,0.064751,0.066233,0.067672,0.069071,0.070429,0.071748,0.073028,0.074269,0.07547,0.076631,0.077751,0.078829,0.079864,0.080853,0.081795,0.082687,0.083527,0.084312,0.085037,0.0857,0.086296,0.08682,0.087269,0.087636,0.087916,0.088103,0.088191,0.088173,0.088041,0.087787,0.087404,0.086882,0.086212,0.085383,0.084385,0.083206,0.081831,0.080248,0.078441,0.076393,0.074085,0.0715,0.068616,0.065413,0.061872,0.057977,0.053718,0.049093,0.044117,0.038827,0.033287,0.027595,0.021894,0.016365,0.011235,0.0067595,0.0032134,0.00087292,0
0,0.00033892,0.0012611,0.0026744,0.0044854,0.0066053,0.0089543,0.011463,0.014075,0.016743,0.01943,0.022108,0.024754,0.027354,0.029897,0.032374,0.034781,0.037116,0.039378,0.041567,0.043683,0.04573,0.047708,0.049621,0.051471,0.053261,0.054992,0.056669,0.058293,0.059867,0.061393,0.062873,0.064308,0.065701,0.067053,0.068365,0.069637,0.070871,0.072068,0.073226,0.074347,0.075429,0.076472,0.077476,0.078438,0.079358,0.080234,0.081063,0.081843,0.082572,0.083246,0.083862,0.084416,0.084904,0.085322,0.085664,0.085927,0.086103,0.086189,0.086176,0.086058,0.085829,0.08548,0.085003,0.08439,0.08363,0.082713,0.081628,0.080362,0.078901,0.077232,0.075335,0.073195,0.070789,0.068098,0.065098,0.061766,0.058081,0.054025,0.049589,0.044778,0.039614,0.03415,0.028477,0.02273,0.017094,0.011806,0.0071445,0.0034159,0.00093405,0
0,0.00037147,0.0013738,0.0028979,0.0048341,0.0070804,0.0095469,0.012158,0.014852,0.01758,0.020306,0.023003,0.025649,0.028232,0.030743,0.033175,0.035527,0.037797,0.039986,0.042095,0.044128,0.046086,0.047973,0.049791,0.051545,0.053237,0.05487,0.056448,0.057972,0.059447,0.060873,0.062255,0.063592,0.064888,0.066144,0.06736,0.068539,0.069681,0.070787,0.071856,0.072889,0.073887,0.074847,0.075771,0.076655,0.077501,0.078305,0.079066,0.079781,0.08045,0.081067,0.081632,0.08214,0.082587,0.08297,0.083284,0.083525,0.083688,0.083767,0.083757,0.083652,0.083444,0.083127,0.082693,0.082134,0.081442,0.080606,0.079615,0.078459,0.077124,0.075595,0.073856,0.07189,0.069675,0.067189,0.064409,0.061307,0.057859,0.054039,0.049831,0.045226,0.040235,0.034897,0.029288,0.023535,0.017822,0.012393,0.0075495,0.0036331,0.0010008,0
0,0.00041067,0.0015075,0.0031592,0.0052359,0.0076194,0.010208,0.01292,0.01569,0.018468,0.021218,0.023915,0.026542,0.029088,0.031545,0.033912,0.036186,0.038371,0.040467,0.042479,0.044409,0.046261,0.04804,0.049749,0.051392,0.052972,0.054494,0.05596,0.057374,0.058738,0.060056,0.061329,0.062559,0.063749,0.064901,0.066015,0.067093,0.068136,0.069144,0.070118,0.071059,0.071965,0.072838,0.073676,0.074478,0.075244,0.075972,0.07666,0.077307,0.077911,0.078469,0.078979,0.079436,0.07984,0.080185,0.080467,0.080684,0.08083,0.0809,0.08089,0.080794,0.080605,0.080318,0.079926,0.07942,0.078794,0.078038,0.077143,0.076097,0.074888,0.073503,0.071926,0.07014,0.068124,0.065856,0.06331,0.060458,0.057272,0.05372,0.049777,0.045423,0.040656,0.035497,0.030005,0.024294,0.018541,0.012994,0.007977,0.0038678,0.0010745,0
0,0.0004585,0.0016676,0.0034667,0.0057005,0.0082312,0.010945,0.013752,0.016585,0.019395,0.022149,0.024824,0.027406,0.029888,0.032267,0.034542,0.036716,0.038792,0.040774,0.042667,0.044475,0.046204,0.047857,0.04944,0.050957,0.052413,0.05381,0.055153,0.056445,0.057689,0.058887,0.060043,0.061158,0.062235,0.063275,0.064279,0.06525,0.066187,0.067093,0.067967,0.068809,0.069621,0.070401,0.071149,0.071865,0.072548,0.073196,0.073809,0.074384,0.07492,0.075415,0.075867,0.076272,0.076629,0.076933,0.077182,0.077372,0.077498,0.077558,0.077545,0.077456,0.077285,0.077026,0.076673,0.07622,0.07566,0.074983,0.074182,0.073247,0.072166,0.070926,0.069514,0.067913,0.066102,0.064061,0.061763,0.059179,0.056276,0.053022,0.049381,0.045325,0.040834,0.035912,0.030599,0.024988,0.019241,0.013609,0.0084302,0.0041241,0.0011572,0
0,0.00051773,0.0018613,0.003831,0.0062388,0.008924,0.011759,0.014649,0.017526,0.020343,0.023071,0.025693,0.028199,0.030587,0.032857,0.035012,0.037058,0.039,0.040844,0.042595,0.044261,0.045847,0.047358,0.0488,0.050177,0.051493,0.052754,0.053962,0.055122,0.056235,0.057306,0.058337,0.059329,0.060285,0.061208,0.062097,0.062955,0.063783,0.064581,0.065351,0.066092,0.066804,0.067489,0.068145,0.068771,0.069368,0.069935,0.070469,0.070971,0.071437,0.071868,0.07226,0.072611,0.072919,0.073181,0.073394,0.073556,0.073662,0.073709,0.073693,0.073609,0.073454,0.073222,0.072908,0.072506,0.072009,0.071411,0.070704,0.069879,0.068926,0.067833,0.066588,0.065174,0.063574,0.061766,0.059726,0.057423,0.054826,0.051895,0.048592,0.044877,0.040717,0.036096,0.03103,0.025587,0.019908,0.014232,0.0089125,0.0044073,0.0012514,0
0,0.00059238,0.0020985,0.004265,0.0068624,0.0097039,0.012649,0.015599,0.018488,0.021276,0.02394,0.026469,0.028861,0.031118,0.033244,0.035247,0.037135,0.038915,0.040595,0.042184,0.043687,0.045111,0.046463,0.047748,0.048971,0.050136,0.051249,0.052313,0.053331,0.054306,0.055242,0.056141,0.057005,0.057836,0.058636,0.059406,0.060148,0.060863,0.061551,0.062213,0.06285,0.063462,0.064049,0.064611,0.065147,0.065657,0.066141,0.066596,0.067023,0.06742,0.067785,0.068116,0.068413,0.068672,0.068891,0.069068,0.069201,0.069286,0.06932,0.069299,0.069221,0.069081,0.068875,0.068599,0.068247,0.067813,0.067293,0.066679,0.065963,0.065137,0.06419,0.063112,0.061887,0.060499,0.05893,0.057154,0.055144,0.052867,0.050283,0.047348,0.044016,0.040241,0.035988,0.031247,0.026052,0.020516,0.014856,0.0094268,0.0047241,0.0013614,0
0,0.00068844,0.0023922,0.0047839,0.0075818,0.01057,0.013599,0.016571,0.019426,0.022136,0.024686,0.027074,0.029306,0.031388,0.033332,0.035148,0.036846,0.038437,0.039929,0.041332,0.042652,0.043898,0.045075,0.04619,0.047247,0.048252,0.049207,0.050119,0.050988,0.05182,0.052616,0.053378,0.05411,0.054813,0.055488,0.056136,0.05676,0.057361,0.057938,0.058493,0.059025,0.059537,0.060026,0.060494,0.06094,0.061364,0.061765,0.062142,0.062495,0.062822,0.063123,0.063395,0.063637,0.063848,0.064025,0.064167,0.064271,0.064335,0.064356,0.064332,0.064259,0.064134,0.063954,0.063714,0.063411,0.06304,0.062597,0.062074,0.061466,0.060765,0.059963,0.05905,0.058013,0.056838,0.055508,0.054,0.052288,0.050342,0.048121,0.045581,0.042669,0.039331,0.035512,0.031178,0.026326,0.021027,0.015463,0.0099738,0.0050836,0.0014931,0
0,0.0008151,0.00276,0.005404,0.0084013,0.011509,0.014574,0.017507,0.020264,0.02283,0.025203,0.027393,0.029412,0.031274,0.032995,0.034588,0.036066,0.03744,0.038721,0.039918,0.041039,0.042091,0.043082,0.044016,0.044899,0.045735,0.046528,0.047282,0.048,0.048684,0.049338,0.049963,0.050561,0.051135,0.051685,0.052213,0.05272,0.053207,0.053675,0.054123,0.054554,0.054966,0.05536,0.055737,0.056095,0.056435,0.056756,0.057057,0.057338,0.057599,0.057837,0.058052,0.058242,0.058407,0.058544,0.058652,0.058729,0.058774,0.058783,0.058756,0.058689,0.058579,0.058424,0.058222,0.057967,0.057658,0.057289,0.056856,0.056353,0.055776,0.055115,0.054364,0.053511,0.052546,0.051451,0.050209,0.048797,0.047185,0.045337,0.043209,0.040747,0.03789,0.034571,0.030729,0.026325,0.02138,0.016021,0.010548,0.0054961,0.0016557,0
0,0.00098682,0.0032248,0.0061382,0.0093091,0.012476,0.015496,0.018303,0.020874,0.023214,0.025337,0.027264,0.029015,0.03061,0.032068,0.033405,0.034634,0.035769,0.03682,0.037796,0.038706,0.039556,0.040352,0.0411,0.041805,0.04247,0.043098,0.043695,0.044261,0.044799,0.045312,0.045802,0.04627,0.046717,0.047146,0.047557,0.047951,0.048328,0.04869,0.049037,0.049369,0.049687,0.049991,0.05028,0.050555,0.050815,0.051061,0.05129,0.051504,0.051702,0.051881,0.052043,0.052185,0.052307,0.052408,0.052485,0.052538,0.052566,0.052566,0.052537,0.052476,0.052383,0.052255,0.052088,0.051882,0.051632,0.051336,0.05099,0.05059,0.05013,0.049607,0.049012,0.048337,0.047573,0.046708,0.045726,0.044606,0.043326,0.041851,0.040142,0.038148,0.035805,0.033041,0.029774,0.025931,0.021477,0.016466,0.011128,0.0059712,0.0018632,0
0,0.0012264,0.0038115,0.0069826,0.010254,0.01337,0.016222,0.018781,0.021056,0.023075,0.024868,0.026466,0.027896,0.029182,0.030344,0.031398,0.03236,0.033241,0.034051,0.0348,0.035493,0.036138,0.03674,0.037303,0.037831,0.038328,0.038797,0.03924,0.03966,0.040058,0.040437,0.040798,0.041142,0.041471,0.041785,0.042086,0.042373,0.042649,0.042913,0.043165,0.043407,0.043637,0.043857,0.044066,0.044265,0.044452,0.044628,0.044793,0.044946,0.045086,0.045213,0.045327,0.045426,0.04551,0.045578,0.045629,0.045662,0.045676,0.045669,0.045641,0.045589,0.045513,0.045411,0.045281,0.045121,0.044929,0.044703,0.04444,0.044137,0.04379,0.043396,0.042948,0.042442,0.04187,0.041221,0.040485,0.039646,0.038683,0.03757,0.036274,0.03475,0.032938,0.030766,0.028144,0.024972,0.021163,0.016685,0.011659,0.0065091,0.0021358,0
0,0.0015678,0.0045335,0.0078805,0.011096,0.013979,0.016488,0.018648,0.020504,0.022104,0.023493,0.024707,0.025776,0.026723,0.02757,0.02833,0.029018,0.029643,0.030215,0.030739,0.031223,0.031671,0.032087,0.032474,0.032837,0.033177,0.033497,0.033799,0.034084,0.034354,0.03461,0.034854,0.035086,0.035307,0.035518,0.03572,0.035912,0.036097,0.036273,0.036441,0.036602,0.036756,0.036901,0.03704,0.037171,0.037295,0.037411,0.037519,0.037618,0.03771,0.037792,0.037865,0.037927,0.03798,0.038021,0.038051,0.038068,0.038071,0.038061,0.038036,0.037995,0.037938,0.037862,0.037767,0.037652,0.037515,0.037354,0.037169,0.036956,0.036713,0.036437,0.036126,0.035774,0.035377,0.034927,0.034417,0.033835,0.033166,0.032392,0.031486,0.030412,0.029123,0.027555,0.02562,0.023209,0.020197,0.01647,0.01201,0.0070761,0.0024974,0
0,0.0020487,0.005337,0.0086318,0.011507,0.013895,0.015849,0.01745,0.018773,0.01988,0.020816,0.021617,0.022311,0.022918,0.023454,0.023931,0.024358,0.024744,0.025095,0.025415,0.025708,0.025979,0.026229,0.026462,0.026679,0.026882,0.027072,0.027251,0.02742,0.02758,0.027731,0.027875,0.028011,0.028141,0.028265,0.028384,0.028496,0.028604,0.028707,0.028805,0.028899,0.028988,0.029073,0.029153,0.029229,0.0293,0.029366,0.029428,0.029484,0.029536,0.029582,0.029622,0.029656,0.029684,0.029705,0.029719,0.029725,0.029724,0.029713,0.029694,0.029665,0.029626,0.029576,0.029515,0.029441,0.029354,0.029252,0.029136,0.029003,0.028852,0.028682,0.028489,0.028273,0.028029,0.027753,0.02744,0.027083,0.026673,0.026198,0.025639,0.024974,0.024168,0.023173,0.021921,0.020314,0.018217,0.015463,0.011899,0.0075372,0.0029542,0
0,0.0026408,0.0059196,0.008681,0.010796,0.012387,0.013594,0.014528,0.015266,0.015862,0.016353,0.016764,0.017115,0.017417,0.017681,0.017914,0.018121,0.018307,0.018474,0.018627,0.018766,0.018894,0.019012,0.019121,0.019223,0.019317,0.019406,0.019489,0.019568,0.019642,0.019712,0.019779,0.019842,0.019902,0.019959,0.020013,0.020065,0.020115,0.020162,0.020207,0.020249,0.02029,0.020329,0.020365,0.020399,0.020431,0.020461,0.020489,0.020514,0.020536,0.020556,0.020573,0.020587,0.020598,0.020606,0.02061,0.020611,0.020608,0.0206,0.020588,0.020572,0.02055,0.020524,0.020492,0.020453,0.020409,0.020357,0.020299,0.020232,0.020157,0.020072,0.019976,0.01987,0.019749,0.019614,0.01946,0.019285,0.019084,0.018851,0.018576,0.018248,0.017847,0.017346,0.016704,0.015855,0.014696,0.013068,0.010743,0.0074868,0.0033996,0
0,0.0028673,0.0051905,0.0066953,0.0076529,0.008281,0.0087115,0.0090203,0.0092513,0.0094304,0.0095736,0.0096909,0.0097891,0.0098727,0.0099449,0.010008,0.010064,0.010113,0.010158,0.010199,0.010235,0.010269,0.0103,0.010329,0.010355,0.01038,0.010403,0.010425,0.010445,0.010464,0.010483,0.0105,0.010516,0.010532,0.010546,0.01056,0.010574,0.010587,0.010599,0.01061,0.010621,0.010631,0.010641,0.01065,0.010659,0.010667,0.010674,0.010681,0.010687,0.010693,0.010697,0.010701,0.010704,0.010706,0.010707,0.010707,0.010706,0.010704,0.010701,0.010697,0.010691,0.010684,0.010675,0.010665,0.010653,0.01064,0.010624,0.010607,0.010587,0.010565,0.01054,0.010512,0.010481,0.010446,0.010407,0.010362,0.010312,0.010254,0.010187,0.010108,0.010013,0.009896,0.0097488,0.0095566,0.0092951,0.0089206,0.00835,0.0074225,0.0058458,0.0032464,0
0,0,0,0,0,0,0,0,0,0,0,0,0,0,0,0,0,0,0,0,0,0,0,0,0,0,0,0,0,0,0,0,0,0,0,0,0,0,0,0,0,0,0,0,0,0,0,0,0,0,0,0,0,0,0,0,0,0,0,0,0,0,0,0,0,0,0,0,0,0,0,0,0,0,0,0,0,0,0,0,0,0,0,0,0,0,0,0,0,0,0
