0,0,0,0,0,0,0,0,0,0,0,0,0,0,0,0,0,0,0,0,0,0,0,0,0,0,0,0,0,0,0,0,0,0,0,0,0,0,0,0,0,0,0,0,0,0,0,0,0,0,0,0,0,0,0,0,0,0,0,0,0,0,0,0,0,0,0,0,0,0,0,0,0,0,0,0,0,0,0,0,0,0,0,0,0,0,0,0,0,0,0
0,-1.1278e-07,-2.9237e-07,-4.3173e-07,-4.7294e-07,-3.8991e-07,-1.7446e-07,1.7193e-07,6.4271e-07,1.2287e-06,1.9196e-06,2.7045e-06,3.5728e-06,4.5139e-06,5.518e-06,6.5756e-06,7.6778e-06,8.8164e-06,9.9838e-06,1.1173e-05,1.2377e-05,1.3589e-05,1.4805e-05,1.6019e-05,1.7225e-05,1.8419e-05,1.9596e-05,2.0752e-05,2.1883e-05,2.2985e-05,2.4053e-05,2.5084e-05,2.6074e-05,2.7019e-05,2.7916e-05,2.876e-05,2.9548e-05,3.0276e-05,3.094e-05,3.1538e-05,3.2065e-05,3.2518e-05,3.2893e-05,3.3189e-05,3.3401e-05,3.3528e-05,3.3567e-05,3.3516e-05,3.3373e-05,3.3138e-05,3.2809e-05,3.2387e-05,3.1871e-05,3.1264e-05,3.0566e-05,2.978e-05,2.8909e-05,2.7956e-05,2.6926e-05,2.5824e-05,2.4655e-05,2.3426e-05,2.2145e-05,2.0818e-05,1.9454e-05,1.8062e-05,1.6651e-05,1.5231e-05,1.3812e-05,1.2403e-05,1.1016e-05,9.6612e-06,8.3485e-06,7.0885e-06,5.8914e-06,4.7671e-06,3.725e-06,2.7741e-06,1.9227e-06,1.1785e-06,5.4812e-07,3.6999e-08,-3.5087e-07,-6.1354e-07,-7.5192e-07,-7.7114e-07,-6.8288e-07,-5.0935e-07,-2.8972e-07,-8.8904e-08,0
0,-2.9291e-07,-6.8349e-07,-8.9861e-07,-7.7802e-07,-2.3915e-07,7.5094e-07,2.1946e-06,4.0761e-06,6.3686e-06,9.0398e-06,1.2054e-05,1.5375e-05,1.8967e-05,2.2794e-05,2.6822e-05,3.102e-05,3.5356e-05,3.9802e-05,4.4332e-05,4.892e-05,5.3543e-05,5.8179e-05,6.2806e-05,6.7406e-05,7.196e-05,7.6451e-05,8.086e-05,8.5172e-05,8.9372e-05,9.3442e-05,9.7369e-05,0.00010114,0.00010473,0.00010814,0.00011135,0.00011434,0.00011709,0.00011961,0.00012187,0.00012385,0.00012556,0.00012697,0.00012807,0.00012886,0.00012932,0.00012944,0.00012923,0.00012867,0.00012775,0.00012649,0.00012487,0.0001229,0.00012059,0.00011793,0.00011495,0.00011164,0.00010803,0.00010413,9.996e-05,9.5541e-05,9.0897e-05,8.6055e-05,8.1044e-05,7.5895e-05,7.064e-05,6.5313e-05,5.9952e-05,5.4592e-05,4.9272e-05,4.4029e-05,3.8904e-05,3.3934e-05,2.9157e-05,2.4611e-05,2.0332e-05,1.6354e-05,1.2709e-05,9.428e-06,6.5366e-06,4.0576e-06,2.009e-06,4.0221e-07,-7.5907e-07,-1.4822e-06,-1.7897e-06,-1.7255e-06,-1.3646e-06,-8.2614e-07,-2.8914e-07,0
0,-4.3411e-07,-9.0192e-07,-9.4766e-07,-2.9468e-07,1.2083e-06,3.6277e-06,6.974e-06,1.1221e-05,1.6322e-05,2.2213e-05,2.8826e-05,3.6087e-05,4.3924e-05,5.2263e-05,6.1034e-05,7.0169e-05,7.9604e-05,8.9278e-05,9.9134e-05,0.00010912,0.00011918,0.00012926,0.00013934,0.00014935,0.00015926,0.00016903,0.00017863,0.00018801,0.00019714,0.00020599,0.00021453,0.00022272,0.00023053,0.00023793,0.00024488,0.00025136,0.00025734,0.00026279,0.00026767,0.00027196,0.00027563,0.00027866,0.00028103,0.00028271,0.00028367,0.00028392,0.00028342,0.00028217,0.00028017,0.0002774,0.00027387,0.00026959,0.00026455,0.00025879,0.00025231,0.00024514,0.00023732,0.00022887,0.00021984,0.00021028,0.00020023,0.00018976,0.00017893,0.0001678,0.00015644,0.00014493,0.00013334,0.00012174,0.00011024,9.8892e-05,8.7794e-05,7.7023e-05,6.6662e-05,5.6787e-05,4.7477e-05,3.8802e-05,3.0831e-05,2.3625e-05,1.7238e-05,1.1717e-05,7.0951e-06,3.3946e-06,6.1873e-07,-1.2516e-06,-2.2656e-06,-2.5136e-06,-2.1408e-06,-1.3671e-06,-5.0864e-07,0
0,-4.7847e-07,-7.8644e-07,-2.9902e-07,1.3723e-06,4.4471e-06,9.0262e-06,1.5129e-05,2.2717e-05,3.172e-05,4.2039e-05,5.3565e-05,6.6181e-05,7.9767e-05,9.4204e-05,0.00010937,0.00012516,0.00014147,0.00015818,0.0001752,0.00019244,0.00020982,0.00022724,0.00024463,0.00026192,0.00027904,0.00029591,0.00031248,0.00032868,0.00034444,0.00035972,0.00037445,0.00038857,0.00040203,0.00041478,0.00042676,0.00043792,0.0004482,0.00045756,0.00046594,0.0004733,0.0004796,0.00048478,0.00048882,0.00049167,0.00049329,0.00049367,0.00049277,0.00049059,0.0004871,0.0004823,0.0004762,0.0004688,0.00046011,0.00045018,0.00043902,0.00042668,0.00041322,0.00039869,0.00038317,0.00036674,0.00034948,0.0003315,0.00031289,0.00029378,0.00027427,0.00025449,0.00023458,0.00021466,0.00019488,0.00017538,0.00015628,0.00013774,0.00011988,0.00010284,8.6745e-05,7.1721e-05,5.7878e-05,4.5317e-05,3.413e-05,2.4389e-05,1.6149e-05,9.4433e-06,4.2732e-06,6.0451e-07,-1.6449e-06,-2.6191e-06,-2.5424e-06,-1.7436e-06,-6.8541e-07,0
0,-3.9887e-07,-2.5001e-07,1.2089e-06,4.4612e-06,9.785e-06,1.731e-05,2.706e-05,3.8984e-05,5.2981e-05,6.8915e-05,8.663e-05,0.00010596,0.00012673,0.00014876,0.00017189,0.00019595,0.00022078,0.00024622,0.00027213,0.00029837,0.00032481,0.00035131,0.00037778,0.00040408,0.00043012,0.00045578,0.00048098,0.00050561,0.00052958,0.0005528,0.00057518,0.00059664,0.00061708,0.00063644,0.00065461,0.00067154,0.00068713,0.0007013,0.000714,0.00072513,0.00073464,0.00074247,0.00074854,0.00075281,0.00075523,0.00075575,0.00075434,0.00075097,0.00074564,0.00073832,0.00072903,0.00071777,0.00070458,0.00068949,0.00067256,0.00065385,0.00063345,0.00061144,0.00058793,0.00056304,0.00053691,0.00050968,0.00048151,0.00045256,0.00042303,0.00039308,0.00036292,0.00033276,0.00030278,0.0002732,0.00024423,0.00021608,0.00018894,0.00016301,0.00013849,0.00011555,9.4359e-05,7.5068e-05,5.7806e-05,4.268e-05,2.9769e-05,1.9117e-05,1.0724e-05,4.5397e-06,4.4604e-07,-1.7575e-06,-2.3766e-06,-1.85e-06,-7.8443e-07,0
0,-1.8503e-07,7.4827e-07,3.6601e-06,9.1033e-06,1.7399e-05,2.8694e-05,4.301e-05,6.0277e-05,8.0359e-05,0.00010308,0.00012823,0.00015558,0.00018491,0.00021598,0.00024855,0.00028241,0.00031732,0.00035308,0.00038949,0.00042636,0.0004635,0.00050073,0.00053789,0.00057483,0.00061139,0.00064742,0.00068279,0.00071736,0.00075099,0.00078357,0.00081497,0.00084506,0.00087372,0.00090085,0.00092632,0.00095002,0.00097184,0.00099167,0.0010094,0.001025,0.0010383,0.0010492,0.0010576,0.0010635,0.0010669,0.0010675,0.0010655,0.0010607,0.0010532,0.0010429,0.0010299,0.0010141,0.0009956,0.00097446,0.00095075,0.00092456,0.00089601,0.00086521,0.00083233,0.00079752,0.00076098,0.00072291,0.00068352,0.00064305,0.00060174,0.00055986,0.00051767,0.00047545,0.00043349,0.00039206,0.00035146,0.00031197,0.00027387,0.00023743,0.00020291,0.00017056,0.00014061,0.00011325,8.866e-05,6.6994e-05,4.8351e-05,3.279e-05,2.0312e-05,1.0848e-05,4.2454e-06,2.4828e-07,-1.528e-06,-1.6267e-06,-7.8825e-07,0
0,1.6462e-07,2.2219e-06,7.0887e-06,1.5358e-05,2.7373e-05,4.3285e-05,6.3102e-05,8.6726e-05,0.00011398,0.00014464,0.00017844,0.0002151,0.00025432,0.0002958,0.00033923,0.00038434,0.00043082,0.00047842,0.00052685,0.00057588,0.00062526,0.00067476,0.00072416,0.00077324,0.00082182,0.0008697,0.00091669,0.0009626,0.0010073,0.0010505,0.0010922,0.0011322,0.0011702,0.0012062,0.00124,0.0012714,0.0013003,0.0013266,0.0013501,0.0013707,0.0013882,0.0014026,0.0014138,0.0014216,0.0014259,0.0014267,0.001424,0.0014176,0.0014076,0.0013939,0.0013766,0.0013556,0.0013311,0.0013031,0.0012717,0.001237,0.0011992,0.0011584,0.0011148,0.0010688,0.0010204,0.00096998,0.00091783,0.00086425,0.00080955,0.00075407,0.00069818,0.00064223,0.0005866,0.00053165,0.00047776,0.0004253,0.00037464,0.00032613,0.00028012,0.00023691,0.00019681,0.00016007,0.00012694,9.7581e-05,7.2143e-05,5.0696e-05,3.3244e-05,1.9704e-05,9.8914e-06,3.4974e-06,6.4885e-08,-1.0446e-06,-6.8992e-07,0
0,6.4731e-07,4.1689e-06,1.1498e-05,2.3239e-05,3.9732e-05,6.1117e-05,8.7375e-05,0.00011837,0.00015388,0.00019363,0.00023728,0.00028449,0.00033489,0.0003881,0.00044377,0.00050152,0.00056099,0.00062185,0.00068376,0.00074641,0.00080949,0.0008727,0.00093578,0.00099846,0.0010605,0.0011216,0.0011815,0.0012401,0.0012971,0.0013523,0.0014055,0.0014564,0.0015049,0.0015508,0.0015938,0.0016338,0.0016707,0.0017041,0.001734,0.0017602,0.0017826,0.0018009,0.001815,0.0018249,0.0018304,0.0018314,0.0018278,0.0018197,0.0018069,0.0017894,0.0017673,0.0017406,0.0017094,0.0016737,0.0016337,0.0015896,0.0015415,0.0014896,0.0014342,0.0013756,0.001314,0.0012499,0.0011835,0.0011153,0.0010457,0.00097509,0.00090392,0.00083264,0.00076173,0.00069166,0.0006229,0.00055592,0.00049116,0.00042909,0.00037012,0.00031466,0.00026306,0.00021567,0.00017277,0.00013458,0.00010128,7.2958e-05,4.963e-05,3.1198e-05,1.7451e-05,8.0348e-06,2.4267e-06,-9.4577e-08,-4.8857e-07,0
0,1.2583e-06,6.5784e-06,1.6874e-05,3.2728e-05,5.4459e-05,8.2173e-05,0.00011581,0.00015519,0.00020003,0.00024999,0.00030467,0.00036364,0.00042648,0.00049273,0.00056194,0.00063367,0.0007075,0.00078299,0.00085976,0.00093742,0.0010156,0.0010939,0.001172,0.0012497,0.0013264,0.0014021,0.0014763,0.0015489,0.0016194,0.0016877,0.0017535,0.0018165,0.0018764,0.0019332,0.0019864,0.0020359,0.0020814,0.0021227,0.0021597,0.002192,0.0022196,0.0022422,0.0022596,0.0022718,0.0022785,0.0022798,0.0022753,0.0022653,0.0022494,0.0022279,0.0022006,0.0021676,0.002129,0.002085,0.0020356,0.0019811,0.0019217,0.0018577,0.0017893,0.0017169,0.001641,0.0015618,0.0014799,0.0013956,0.0013096,0.0012224,0.0011344,0.0010463,0.00095859,0.00087186,0.0007867,0.00070368,0.00062335,0.00054625,0.00047291,0.00040381,0.0003394,0.00028008,0.0002262,0.00017804,0.00013581,9.9627e-05,6.9509e-05,4.536e-05,2.6944e-05,1.3869e-05,5.5584e-06,1.2207e-06,-1.8666e-07,0
0,1.9919e-06,9.4352e-06,2.319e-05,4.3792e-05,7.1511e-05,0.0001064,0.00014835,0.00019711,0.00025234,0.00031362,0.00038048,0.00045243,0.00052893,0.00060946,0.00069349,0.00078051,0.00087,0.00096146,0.0010544,0.0011484,0.001243,0.0013377,0.0014322,0.0015261,0.0016189,0.0017104,0.0018001,0.0018878,0.001973,0.0020555,0.002135,0.0022111,0.0022835,0.002352,0.0024163,0.002476,0.002531,0.0025809,0.0026255,0.0026645,0.0026978,0.002725,0.0027461,0.0027608,0.0027689,0.0027704,0.0027651,0.0027529,0.0027338,0.0027079,0.002675,0.0026352,0.0025887,0.0025357,0.0024762,0.0024105,0.0023389,0.0022617,0.0021793,0.0020921,0.0020005,0.001905,0.0018062,0.0017046,0.0016009,0.0014956,0.0013894,0.0012829,0.0011769,0.0010721,0.00096901,0.00086847,0.0007711,0.00067756,0.00058845,0.00050435,0.00042582,0.00035331,0.00028725,0.00022798,0.00017575,0.0001307,9.2879e-05,6.218e-05,3.8356e-05,2.0985e-05,9.4465e-06,2.8915e-06,2.1157e-07,0
0,2.8424e-06,1.2722e-05,3.0417e-05,5.6387e-05,9.0832e-05,0.00013374,0.00018491,0.00024405,0.00031071,0.00038441,0.00046458,0.00055066,0.00064203,0.00073807,0.00083817,0.00094173,0.0010482,0.0011569,0.0012673,0.0013789,0.0014912,0.0016036,0.0017157,0.0018271,0.0019372,0.0020457,0.0021521,0.002256,0.002357,0.0024548,0.002549,0.0026392,0.0027251,0.0028063,0.0028824,0.0029532,0.0030183,0.0030775,0.0031303,0.0031765,0.0032159,0.0032482,0.0032732,0.0032906,0.0033003,0.0033021,0.0032959,0.0032816,0.0032591,0.0032284,0.0031895,0.0031426,0.0030877,0.0030249,0.0029546,0.002877,0.0027924,0.0027011,0.0026037,0.0025005,0.0023922,0.0022792,0.0021623,0.002042,0.0019191,0.0017944,0.0016685,0.0015423,0.0014166,0.0012921,0.0011697,0.0010502,0.00093438,0.00082296,0.0007167,0.00061626,0.00052229,0.00043534,0.0003559,0.00028437,0.00022107,0.00016616,0.00011971,8.1628e-05,5.1658e-05,2.9357e-05,1.407e-05,4.9046e-06,7.0117e-07,0
0,3.8041e-06,1.6422e-05,3.8521e-05,7.0463e-05,0.00011235,0.00016409,0.0002254,0.00029587,0.000375,0.00046218,0.0005568,0.00065815,0.00076556,0.00087831,0.00099569,0.001117,0.0012416,0.0013688,0.0014979,0.0016284,0.0017596,0.001891,0.0020219,0.002152,0.0022805,0.0024072,0.0025314,0.0026527,0.0027706,0.0028848,0.0029947,0.0031,0.0032001,0.0032949,0.0033837,0.0034663,0.0035423,0.0036113,0.003673,0.003727,0.003773,0.0038108,0.00384,0.0038604,0.0038718,0.003874,0.0038669,0.0038503,0.0038242,0.0037886,0.0037435,0.0036889,0.0036251,0.0035522,0.0034704,0.0033801,0.0032816,0.0031754,0.0030619,0.0029418,0.0028156,0.002684,0.0025477,0.0024075,0.0022643,0.0021187,0.0019718,0.0018244,0.0016775,0.001532,0.0013888,0.0012489,0.0011132,0.00098247,0.00085766,0.00073953,0.00062881,0.00052614,0.00043212,0.00034719,0.00027173,0.00020596,0.00014996,0.00010366,6.6811e-05,3.8951e-05,1.9405e-05,7.2458e-06,1.2771e-06,0
0,4.872e-06,2.0517e-05,4.747e-05,8.597e-05,0.00013601,0.00019738,0.0002697,0.00035247,0.00044506,0.0005468,0.00065694,0.0007747,0.0008993,0.0010299,0.0011658,0.0013061,0.00145,0.0015969,0.001746,0.0018965,0.0020479,0.0021993,0.0023503,0.0025002,0.0026484,0.0027943,0.0029374,0.0030771,0.003213,0.0033445,0.0034712,0.0035924,0.0037079,0.003817,0.0039194,0.0040145,0.0041021,0.0041817,0.0042528,0.004315,0.0043682,0.0044118,0.0044455,0.0044692,0.0044825,0.0044853,0.0044773,0.0044585,0.0044287,0.004388,0.0043363,0.0042738,0.0042006,0.004117,0.0040231,0.0039194,0.0038064,0.0036843,0.003554,0.0034159,0.0032708,0.0031194,0.0029626,0.0028013,0.0026362,0.0024686,0.0022992,0.0021293,0.0019598,0.0017918,0.0016264,0.0014646,0.0013075,0.0011561,0.0010114,0.00087419,0.00074539,0.00062574,0.0005159,0.00041642,0.00032771,0.00025006,0.00018358,0.00012824,8.3776e-05,4.9736e-05,2.5427e-05,9.9014e-06,1.9346e-06,0
0,6.041e-06,2.4993e-05,5.7232e-05,0.00010286,0.00016173,0.00023352,0.00031772,0.0004137,0.00052076,0.00063808,0.00076482,0.0009001,0.001043,0.0011927,0.0013482,0.0015086,0.0016731,0.0018409,0.002011,0.0021828,0.0023554,0.0025282,0.0027003,0.0028712,0.0030401,0.0032064,0.0033695,0.0035288,0.0036836,0.0038334,0.0039777,0.0041159,0.0042475,0.0043719,0.0044886,0.0045971,0.004697,0.0047877,0.0048689,0.00494,0.0050007,0.0050506,0.0050893,0.0051166,0.005132,0.0051355,0.0051268,0.0051057,0.0050722,0.0050262,0.0049678,0.004897,0.0048141,0.0047192,0.0046127,0.004495,0.0043666,0.004228,0.0040799,0.0039229,0.0037578,0.0035856,0.0034071,0.0032233,0.0030353,0.0028442,0.0026511,0.0024572,0.0022636,0.0020717,0.0018826,0.0016975,0.0015176,0.0013441,0.001178,0.0010203,0.0008721,0.00073416,0.00060727,0.00049205,0.00038899,0.00029844,0.00022056,0.00015533,0.00010252,6.1682e-05,3.2115e-05,1.2859e-05,2.6695e-06,0
0,7.3069e-06,2.9832e-05,6.7778e-05,0.00012108,0.00018945,0.00027241,0.00036933,0.00047946,0.00060194,0.00073586,0.00088026,0.0010341,0.0011965,0.0013663,0.0015426,0.0017243,0.0019105,0.0021003,0.0022927,0.0024869,0.002682,0.0028771,0.0030716,0.0032645,0.0034552,0.003643,0.0038271,0.0040069,0.0041818,0.0043509,0.0045139,0.0046699,0.0048185,0.004959,0.0050908,0.0052135,0.0053264,0.005429,0.0055208,0.0056014,0.0056702,0.0057268,0.0057709,0.005802,0.00582,0.0058243,0.005815,0.0057917,0.0057544,0.0057031,0.0056377,0.0055584,0.0054654,0.0053589,0.0052393,0.005107,0.0049626,0.0048066,0.0046398,0.004463,0.004277,0.0040828,0.0038815,0.0036741,0.0034618,0.0032459,0.0030277,0.0028084,0.0025894,0.002372,0.0021578,0.0019479,0.0017437,0.0015465,0.0013576,0.0011781,0.0010091,0.0008515,0.00070629,0.00057412,0.00045559,0.0003511,0.00026087,0.00018491,0.00012302,7.4769e-05,3.9454e-05,1.611e-05,3.4785e-06,0
0,8.6658e-06,3.5023e-05,7.908e-05,0.00014059,0.00021911,0.00031399,0.00042445,0.00054961,0.00068847,0.00083999,0.0010031,0.0011766,0.0013595,0.0015506,0.0017487,0.0019529,0.0021619,0.0023749,0.0025907,0.0028084,0.003027,0.0032457,0.0034636,0.0036797,0.0038933,0.0041037,0.0043099,0.0045112,0.004707,0.0048965,0.005079,0.0052539,0.0054203,0.0055778,0.0057256,0.0058632,0.0059898,0.006105,0.0062082,0.0062988,0.0063762,0.0064401,0.00649,0.0065255,0.0065461,0.0065517,0.0065419,0.0065165,0.0064755,0.0064188,0.0063463,0.0062583,0.0061549,0.0060364,0.0059032,0.0057558,0.0055947,0.0054206,0.0052344,0.0050368,0.0048289,0.0046117,0.0043864,0.0041541,0.0039163,0.0036743,0.0034295,0.0031834,0.0029375,0.0026932,0.0024522,0.002216,0.001986,0.0017637,0.0015505,0.0013477,0.0011564,0.0009779,0.00081306,0.00066272,0.00052757,0.00040807,0.00030452,0.00021698,0.00014527,8.8986e-05,4.7433e-05,1.9646e-05,4.3591e-06,0
0,1.0114e-05,4.0552e-05,9.1113e-05,0.00016136,0.00025064,0.00035817,0.00048298,0.00062404,0.00078021,0.00095031,0.0011331,0.0013274,0.0015318,0.0017452,0.0019664,0.0021941,0.0024271,0.0026643,0.0029047,0.003147,0.0033904,0.0036337,0.003876,0.0041164,0.004354,0.0045879,0.0048173,0.0050412,0.005259,0.0054698,0.0056728,0.0058674,0.0060526,0.006228,0.0063926,0.0065458,0.0066871,0.0068156,0.0069308,0.007032,0.0071188,0.0071905,0.0072466,0.0072868,0.0073106,0.0073176,0.0073076,0.0072803,0.0072357,0.0071736,0.007094,0.0069971,0.0068831,0.0067523,0.006605,0.0064419,0.0062636,0.0060707,0.0058642,0.005645,0.0054142,0.0051729,0.0049225,0.0046642,0.0043996,0.0041301,0.0038573,0.0035829,0.0033086,0.0030359,0.0027667,0.0025025,0.0022452,0.0019962,0.0017571,0.0015294,0.0013145,0.0011136,0.00092775,0.00075798,0.00060501,0.00046942,0.00035156,0.00025156,0.00016928,0.00010433,5.6049e-05,2.3465e-05,5.3097e-06,0
0,1.1649e-05,4.6409e-05,0.00010385,0.00018333,0.000284,0.00040488,0.00054483,0.00070265,0.00087704,0.0010667,0.0012702,0.0014862,0.0017133,0.0019501,0.0021954,0.0024477,0.0027058,0.0029684,0.0032344,0.0035025,0.0037716,0.0040406,0.0043086,0.0045743,0.004837,0.0050955,0.005349,0.0055966,0.0058373,0.0060704,0.0062949,0.0065101,0.0067151,0.0069092,0.0070915,0.0072613,0.0074179,0.0075605,0.0076884,0.007801,0.0078977,0.0079778,0.0080408,0.0080862,0.0081135,0.0081224,0.0081125,0.0080835,0.0080354,0.0079679,0.0078812,0.0077754,0.0076505,0.0075071,0.0073455,0.0071662,0.0069701,0.0067577,0.0065302,0.0062885,0.0060339,0.0057675,0.0054908,0.0052052,0.0049125,0.0046141,0.004312,0.0040078,0.0037035,0.0034008,0.0031017,0.002808,0.0025217,0.0022443,0.0019778,0.0017237,0.0014836,0.0012588,0.0010506,0.00086007,0.00068806,0.00053524,0.00040206,0.00028869,0.00019506,0.00012082,6.5305e-05,2.7566e-05,6.3299e-06,0
0,1.3267e-05,5.2584e-05,0.00011728,0.00020648,0.00031914,0.00045405,0.00060991,0.00078533,0.00097884,0.001189,0.0014142,0.0016529,0.0019037,0.0021651,0.0024355,0.0027135,0.0029977,0.0032869,0.0035795,0.0038745,0.0041705,0.0044663,0.0047609,0.0050531,0.0053418,0.0056261,0.0059048,0.006177,0.0064417,0.0066981,0.0069451,0.0071819,0.0074076,0.0076213,0.0078222,0.0080094,0.0081822,0.0083397,0.0084812,0.0086059,0.0087131,0.0088023,0.0088727,0.0089239,0.0089552,0.0089664,0.0089569,0.0089266,0.0088752,0.0088026,0.0087088,0.0085939,0.0084581,0.0083019,0.0081255,0.0079297,0.0077152,0.0074828,0.0072336,0.0069685,0.0066891,0.0063965,0.0060924,0.0057784,0.0054562,0.0051276,0.0047946,0.0044591,0.0041232,0.0037889,0.0034582,0.0031333,0.0028162,0.0025089,0.0022133,0.0019311,0.0016642,0.001414,0.0011819,0.00096925,0.00077691,0.00060569,0.00045612,0.00032845,0.00022268,0.00013847,7.5214e-05,3.1955e-05,7.4203e-06,0
0,1.4967e-05,5.9068e-05,0.00013138,0.00023079,0.00035601,0.00050563,0.00067816,0.000872,0.0010855,0.001317,0.0015649,0.0018274,0.0021029,0.0023898,0.0026864,0.0029913,0.0033027,0.0036194,0.0039399,0.0042628,0.0045868,0.0049105,0.0052328,0.0055525,0.0058684,0.0061794,0.0064844,0.0067823,0.007072,0.0073527,0.0076232,0.0078826,0.0081299,0.0083643,0.0085846,0.0087902,0.00898,0.0091533,0.0093091,0.0094467,0.0095653,0.0096643,0.0097428,0.0098003,0.0098363,0.0098502,0.0098416,0.0098103,0.0097559,0.0096783,0.0095776,0.0094537,0.009307,0.0091377,0.0089464,0.0087337,0.0085003,0.0082472,0.0079755,0.0076864,0.0073812,0.0070615,0.0067288,0.006385,0.006032,0.0056718,0.0053064,0.004938,0.0045688,0.0042012,0.0038372,0.0034794,0.0031298,0.0027907,0.0024642,0.0021522,0.0018568,0.0015796,0.0013221,0.0010858,0.00087182,0.00068096,0.00051388,0.00037094,0.00025218,0.00015733,8.5797e-05,3.664e-05,8.5827e-06,0
0,1.6746e-05,6.5854e-05,0.00014613,0.00025621,0.00039457,0.00055957,0.0007495,0.00096257,0.0011969,0.0014508,0.0017223,0.0020096,0.0023108,0.0026242,0.0029481,0.0032808,0.0036206,0.003966,0.0043153,0.0046672,0.0050202,0.005373,0.0057241,0.0060724,0.0064165,0.0067553,0.0070875,0.0074122,0.007728,0.008034,0.008329,0.008612,0.008882,0.0091379,0.0093788,0.0096036,0.0098115,0.010001,0.010172,0.010324,0.010455,0.010564,0.010651,0.010716,0.010757,0.010774,0.010767,0.010735,0.010678,0.010596,0.010489,0.010356,0.010198,0.010016,0.0098094,0.0095794,0.0093268,0.0090525,0.0087577,0.0084436,0.0081118,0.0077638,0.0074015,0.0070267,0.0066416,0.0062482,0.0058488,0.0054459,0.0050418,0.004639,0.00424,0.0038473,0.0034633,0.0030906,0.0027313,0.0023878,0.0020621,0.0017561,0.0014717,0.0012102,0.0009731,0.00076129,0.00057554,0.0004163,0.00028368,0.00017746,9.7085e-05,4.1632e-05,9.8199e-06,0
0,1.8602e-05,7.2935e-05,0.00016152,0.00028273,0.00043478,0.00061581,0.00082387,0.001057,0.0013131,0.0015902,0.0018862,0.0021992,0.0025272,0.0028682,0.0032204,0.003582,0.0039512,0.0043262,0.0047056,0.0050875,0.0054707,0.0058535,0.0062345,0.0066124,0.0069858,0.0073535,0.0077142,0.0080666,0.0084096,0.0087419,0.0090625,0.0093702,0.0096639,0.0099424,0.010205,0.01045,0.010677,0.010884,0.011071,0.011237,0.011381,0.011502,0.011599,0.011672,0.011719,0.01174,0.011735,0.011703,0.011644,0.011557,0.011443,0.011302,0.011133,0.010938,0.010716,0.010469,0.010196,0.0099003,0.0095817,0.009242,0.0088826,0.0085054,0.0081122,0.0077052,0.0072865,0.0068584,0.0064235,0.0059844,0.0055435,0.0051038,0.0046678,0.0042383,0.003818,0.0034096,0.0030157,0.0026386,0.0022808,0.0019443,0.0016311,0.0013429,0.0010811,0.00084699,0.00064133,0.00046469,0.00031727,0.00019892,0.00010912,4.695e-05,1.1136e-05,0
0,2.0535e-05,8.0304e-05,0.00017754,0.00031033,0.00047663,0.00067432,0.00090123,0.0011551,0.0014338,0.001735,0.0020565,0.0023962,0.0027519,0.0031215,0.0035031,0.0038946,0.0042942,0.0047001,0.0051105,0.0055236,0.005938,0.0063519,0.0067639,0.0071725,0.0075764,0.007974,0.0083641,0.0087454,0.0091166,0.0094765,0.0098237,0.010157,0.010476,0.010778,0.011063,0.011329,0.011576,0.011802,0.012007,0.012188,0.012346,0.012479,0.012587,0.012668,0.012722,0.012748,0.012745,0.012714,0.012653,0.012563,0.012443,0.012293,0.012114,0.011905,0.011668,0.011403,0.011111,0.010792,0.01045,0.010083,0.0096956,0.0092882,0.008863,0.0084224,0.0079687,0.0075045,0.0070324,0.0065552,0.0060758,0.0055971,0.0051221,0.0046539,0.0041952,0.0037491,0.0033184,0.0029058,0.0025138,0.0021449,0.0018011,0.0014844,0.0011964,0.00093842,0.00071151,0.00051631,0.0003531,0.00022181,0.00012194,5.2615e-05,1.2536e-05,0
0,2.2542e-05,8.7958e-05,0.00019418,0.00033899,0.00052008,0.00073506,0.00098152,0.001257,0.0015591,0.0018852,0.0022332,0.0026005,0.0029849,0.0033842,0.0037961,0.0042186,0.0046497,0.0050874,0.0055299,0.0059753,0.0064219,0.0068681,0.0073121,0.0077526,0.0081879,0.0086166,0.0090373,0.0094486,0.0098491,0.010238,0.010612,0.010973,0.011317,0.011644,0.011953,0.012242,0.01251,0.012755,0.012978,0.013176,0.013349,0.013496,0.013615,0.013706,0.013767,0.013799,0.0138,0.01377,0.013708,0.013614,0.013489,0.013331,0.013141,0.01292,0.012667,0.012384,0.012072,0.011731,0.011363,0.01097,0.010553,0.010114,0.009656,0.0091805,0.0086904,0.0081884,0.0076774,0.0071604,0.0066405,0.0061209,0.0056049,0.0050956,0.0045964,0.0041104,0.0036407,0.0031904,0.0027622,0.0023587,0.0019824,0.0016353,0.0013193,0.001036,0.00078641,0.00057139,0.00039134,0.00024622,0.00013562,5.8653e-05,1.4027e-05,0
0,2.4622e-05,9.5892e-05,0.00021142,0.00036869,0.0005651,0.000798,0.0010647,0.0013625,0.0016888,0.0020408,0.0024161,0.002812,0.0032261,0.0036559,0.0040993,0.0045538,0.0050174,0.0054881,0.0059637,0.0064424,0.0069224,0.0074019,0.0078791,0.0083525,0.0088204,0.0092813,0.0097337,0.010176,0.010607,0.011025,0.011429,0.011817,0.012189,0.012542,0.012875,0.013187,0.013478,0.013744,0.013987,0.014203,0.014392,0.014553,0.014684,0.014786,0.014856,0.014894,0.014899,0.014871,0.014809,0.014713,0.014582,0.014417,0.014217,0.013983,0.013715,0.013414,0.013082,0.012718,0.012325,0.011904,0.011457,0.010986,0.010493,0.0099818,0.0094539,0.0089125,0.0083608,0.0078021,0.0072397,0.0066771,0.0061178,0.0055653,0.0050232,0.004495,0.003984,0.0034937,0.0030269,0.0025867,0.0021758,0.0017964,0.0014506,0.0011402,0.00086639,0.00063022,0.00043216,0.00027229,0.00015021,6.5095e-05,1.5617e-05,0
0,2.6775e-05,0.0001041,0.00022926,0.00039941,0.00061167,0.0008631,0.0011507,0.0014717,0.0018229,0.0022017,0.0026052,0.0030306,0.0034753,0.0039368,0.0044125,0.0049001,0.0053973,0.0059019,0.0064117,0.0069249,0.0074393,0.0079531,0.0084647,0.0089721,0.0094737,0.0099679,0.010453,0.010928,0.01139,0.011839,0.012273,0.012691,0.01309,0.01347,0.01383,0.014167,0.014481,0.01477,0.015032,0.015268,0.015474,0.01565,0.015796,0.015909,0.015989,0.016035,0.016045,0.01602,0.015959,0.015861,0.015726,0.015553,0.015344,0.015097,0.014815,0.014496,0.014143,0.013756,0.013337,0.012888,0.01241,0.011906,0.011378,0.010829,0.010262,0.0096792,0.0090851,0.0084827,0.0078757,0.0072679,0.006663,0.0060649,0.0054775,0.0049046,0.0043499,0.003817,0.0033094,0.0028301,0.0023823,0.0019684,0.0015908,0.0012515,0.00095186,0.0006931,0.0004758,0.00030015,0.00016581,7.1976e-05,1.7314e-05,0
0,2.8999e-05,0.00011258,0.00024769,0.00043116,0.00065979,0.00093034,0.0012396,0.0015843,0.0019614,0.0023678,0.0028004,0.0032562,0.0037325,0.0042266,0.0047357,0.0052574,0.0057892,0.0063288,0.0068739,0.0074225,0.0079725,0.0085218,0.0090687,0.0096112,0.010148,0.010676,0.011196,0.011704,0.012199,0.01268,0.013145,0.013593,0.014022,0.014431,0.014817,0.015181,0.015519,0.015831,0.016116,0.016371,0.016597,0.01679,0.01695,0.017076,0.017167,0.017222,0.017239,0.017218,0.017158,0.017059,0.01692,0.016741,0.016523,0.016265,0.015967,0.015631,0.015257,0.014847,0.014402,0.013924,0.013415,0.012877,0.012312,0.011724,0.011116,0.010491,0.0098527,0.0092046,0.0085509,0.0078955,0.0072427,0.0065965,0.0059613,0.0053411,0.00474,0.004162,0.0036108,0.0030901,0.0026029,0.0021523,0.0017408,0.0013705,0.0010433,0.00076037,0.0005225,0.00032996,0.00018251,7.9339e-05,1.9129e-05,0
0,3.1294e-05,0.00012133,0.0002667,0.00046391,0.00070942,0.0009997,0.0013312,0.0017006,0.0021043,0.002539,0.0030016,0.0034888,0.0039977,0.0045253,0.0050688,0.0056256,0.006193,0.0067687,0.0073502,0.0079353,0.0085219,0.0091078,0.0096911,0.01027,0.010842,0.011407,0.011961,0.012504,0.013033,0.013547,0.014045,0.014524,0.014984,0.015422,0.015838,0.016228,0.016593,0.01693,0.017238,0.017515,0.01776,0.017972,0.018148,0.018289,0.018392,0.018456,0.018481,0.018465,0.018408,0.018309,0.018168,0.017983,0.017757,0.017487,0.017175,0.016822,0.016428,0.015994,0.015523,0.015015,0.014474,0.013901,0.013299,0.012671,0.01202,0.011351,0.010666,0.0099707,0.0092679,0.0085627,0.0078593,0.0071625,0.0064766,0.0058064,0.0051561,0.0045303,0.0039329,0.0033679,0.0028388,0.002349,0.0019012,0.001498,0.0011412,0.00083243,0.00057253,0.00036191,0.00020039,8.7229e-05,2.1073e-05,0
0,3.366e-05,0.00013035,0.0002863,0.00049765,0.00076055,0.0010712,0.0014257,0.0018203,0.0022514,0.0027154,0.0032088,0.0037283,0.0042707,0.0048328,0.0054117,0.0060046,0.0066087,0.0072214,0.0078403,0.008463,0.0090873,0.0097109,0.010332,0.010948,0.011558,0.012159,0.012749,0.013328,0.013892,0.014441,0.014972,0.015485,0.015977,0.016446,0.016891,0.017311,0.017703,0.018066,0.018398,0.018699,0.018965,0.019196,0.019391,0.019547,0.019664,0.019739,0.019773,0.019764,0.019711,0.019613,0.01947,0.019281,0.019047,0.018766,0.018441,0.018071,0.017656,0.0172,0.016702,0.016165,0.01559,0.014981,0.014341,0.013672,0.012977,0.012262,0.011529,0.010784,0.01003,0.009272,0.0085155,0.0077652,0.0070259,0.0063027,0.0056003,0.0049236,0.0042771,0.003665,0.0030912,0.0025596,0.0020731,0.0016346,0.0012462,0.00090971,0.0006262,0.00039619,0.00021959,9.5697e-05,2.3161e-05,0
0,3.6094e-05,0.00013964,0.00030647,0.00053238,0.00081318,0.0011447,0.0015228,0.0019435,0.0024027,0.0028968,0.0034219,0.0039746,0.0045514,0.005149,0.0057643,0.0063942,0.007036,0.0076869,0.0083443,0.0090056,0.0096687,0.010331,0.010991,0.011645,0.012293,0.012932,0.01356,0.014176,0.014777,0.015361,0.015928,0.016474,0.017,0.017501,0.017978,0.018428,0.018849,0.019239,0.019598,0.019923,0.020212,0.020465,0.020679,0.020852,0.020984,0.021072,0.021116,0.021115,0.021067,0.020972,0.020828,0.020636,0.020395,0.020105,0.019766,0.01938,0.018946,0.018466,0.017941,0.017374,0.016767,0.016121,0.015441,0.014729,0.01399,0.013227,0.012444,0.011646,0.010839,0.010026,0.0092139,0.0084072,0.0076116,0.0068323,0.0060747,0.005344,0.0046452,0.0039829,0.0033616,0.0027852,0.0022574,0.0017811,0.0013589,0.00099268,0.00068383,0.00043301,0.00024022,0.0001048,2.5405e-05,0
0,3.8598e-05,0.00014918,0.0003272,0.00056809,0.00086729,0.0012203,0.0016227,0.0020701,0.0025583,0.0030832,0.003641,0.0042277,0.0048399,0.0054739,0.0061265,0.0067946,0.007475,0.008165,0.0088619,0.009563,0.010266,0.010968,0.011668,0.012362,0.013049,0.013727,0.014394,0.015047,0.015686,0.016308,0.016911,0.017493,0.018053,0.018588,0.019098,0.019579,0.020031,0.020451,0.020837,0.021188,0.021502,0.021777,0.022012,0.022204,0.022353,0.022456,0.022512,0.02252,0.022479,0.022387,0.022244,0.02205,0.021803,0.021505,0.021154,0.020751,0.020298,0.019795,0.019244,0.018647,0.018006,0.017323,0.016603,0.015847,0.015061,0.014249,0.013414,0.012562,0.011698,0.010828,0.0099574,0.0090914,0.0082362,0.0073976,0.0065815,0.0057935,0.0050391,0.0043234,0.0036513,0.0030272,0.0024551,0.0019383,0.0014799,0.0010818,0.00074581,0.00047262,0.00026242,0.0001146,2.7824e-05,0
0,4.117e-05,0.00015899,0.00034851,0.00060477,0.00092286,0.0012979,0.0017252,0.0022001,0.002718,0.0032747,0.0038658,0.0044876,0.0051359,0.0058073,0.0064983,0.0072054,0.0079255,0.0086557,0.0093931,0.010135,0.010879,0.011622,0.012362,0.013097,0.013825,0.014543,0.01525,0.015943,0.016621,0.017281,0.017921,0.018541,0.019136,0.019707,0.020251,0.020765,0.021249,0.0217,0.022115,0.022494,0.022835,0.023134,0.023392,0.023604,0.023771,0.02389,0.02396,0.023979,0.023946,0.02386,0.02372,0.023524,0.023274,0.022967,0.022605,0.022188,0.021716,0.02119,0.020613,0.019986,0.019311,0.018591,0.017829,0.017029,0.016195,0.015331,0.014442,0.013534,0.012612,0.011681,0.010749,0.0098205,0.0089025,0.0080013,0.0071232,0.0062743,0.0054608,0.0046882,0.0039619,0.0032868,0.0026674,0.0021073,0.00161,0.0011777,0.00081251,0.00051528,0.00028634,0.00012517,3.0433e-05,0
0,4.3811e-05,0.00016905,0.00037037,0.00064241,0.00097989,0.0013776,0.0018304,0.0023335,0.0028819,0.003471,0.0040965,0.004754,0.0054396,0.0061493,0.0068795,0.0076266,0.0083874,0.0091588,0.0099377,0.010721,0.011507,0.012292,0.013075,0.013852,0.014621,0.015381,0.016128,0.016862,0.01758,0.01828,0.018959,0.019617,0.02025,0.020858,0.021437,0.021986,0.022504,0.022987,0.023433,0.023842,0.02421,0.024536,0.024818,0.025053,0.02524,0.025377,0.025462,0.025494,0.025471,0.025392,0.025256,0.025061,0.024807,0.024494,0.024122,0.023691,0.023201,0.022654,0.022051,0.021393,0.020684,0.019926,0.019122,0.018276,0.017393,0.016476,0.015532,0.014565,0.013582,0.012589,0.011591,0.010597,0.0096133,0.0086459,0.0077021,0.0067888,0.0059123,0.0050792,0.0042951,0.0035655,0.0028954,0.002289,0.0017499,0.001281,0.00088436,0.00056126,0.00031215,0.00013657,3.3252e-05,0
0,4.6518e-05,0.00017937,0.00039279,0.00068101,0.0010384,0.0014593,0.0019383,0.0024702,0.0030498,0.0036723,0.0043329,0.0050271,0.0057507,0.0064996,0.00727,0.0080581,0.0088606,0.0096742,0.010496,0.011322,0.012151,0.012979,0.013804,0.014624,0.015437,0.016239,0.017029,0.017804,0.018564,0.019304,0.020024,0.020721,0.021394,0.022039,0.022656,0.023242,0.023794,0.024311,0.024791,0.02523,0.025628,0.025982,0.02629,0.02655,0.026759,0.026916,0.027019,0.027065,0.027054,0.026984,0.026853,0.026661,0.026406,0.026088,0.025707,0.025263,0.024756,0.024187,0.023559,0.022872,0.022128,0.021332,0.020486,0.019593,0.018659,0.017688,0.016686,0.015659,0.014612,0.013553,0.012488,0.011425,0.010372,0.0093342,0.008321,0.0073392,0.006396,0.0054983,0.0046526,0.0038649,0.0031406,0.0024845,0.0019006,0.0013922,0.00096183,0.00061088,0.00034,0.0001489,3.6302e-05,0
0,4.9293e-05,0.00018995,0.00041576,0.00072057,0.0010983,0.001543,0.0020488,0.0026103,0.0032218,0.0038784,0.0045749,0.0053067,0.0060693,0.0068583,0.0076698,0.0084999,0.009345,0.010202,0.011067,0.011937,0.01281,0.013682,0.014552,0.015415,0.016272,0.017117,0.017951,0.01877,0.019571,0.020354,0.021116,0.021854,0.022567,0.023252,0.023908,0.024531,0.02512,0.025673,0.026187,0.02666,0.02709,0.027473,0.027809,0.028095,0.028329,0.028507,0.028629,0.028693,0.028695,0.028636,0.028512,0.028324,0.02807,0.027748,0.02736,0.026904,0.026382,0.025793,0.02514,0.024423,0.023646,0.022811,0.021922,0.020982,0.019997,0.01897,0.017909,0.016818,0.015706,0.014578,0.013443,0.012307,0.01118,0.010069,0.0089825,0.0079282,0.0069141,0.0059477,0.0050363,0.0041864,0.0034041,0.0026948,0.0020629,0.0015122,0.0010454,0.00066444,0.00037011,0.00016223,3.9605e-05,0
0,5.2134e-05,0.00020078,0.00043929,0.00076106,0.0011596,0.0016286,0.002162,0.0027536,0.0033979,0.0040893,0.0048226,0.0055928,0.0063952,0.0072253,0.0080787,0.0089517,0.0098403,0.010741,0.011651,0.012566,0.013483,0.014401,0.015315,0.016225,0.017126,0.018016,0.018894,0.019757,0.020603,0.021429,0.022234,0.023014,0.023769,0.024495,0.025191,0.025854,0.026482,0.027072,0.027622,0.02813,0.028593,0.029009,0.029375,0.029689,0.029948,0.030151,0.030294,0.030376,0.030395,0.030348,0.030234,0.030052,0.0298,0.029477,0.029083,0.028617,0.02808,0.027473,0.026795,0.02605,0.02524,0.024367,0.023434,0.022446,0.021408,0.020325,0.019202,0.018047,0.016866,0.015667,0.014457,0.013246,0.012042,0.010854,0.0096894,0.0085583,0.007469,0.0064296,0.0054481,0.0045319,0.0036876,0.0029211,0.0022377,0.0016415,0.0011356,0.0007223,0.00040266,0.00017666,4.3186e-05,0
0,5.5041e-05,0.00021186,0.00046336,0.0008025,0.0012224,0.0017163,0.0022777,0.0029003,0.003578,0.0043051,0.0050759,0.0058854,0.0067284,0.0076003,0.0084967,0.0094134,0.010346,0.011292,0.012247,0.013208,0.014172,0.015135,0.016096,0.017051,0.017998,0.018935,0.019858,0.020767,0.021657,0.022528,0.023377,0.024202,0.024999,0.025768,0.026506,0.02721,0.027877,0.028507,0.029095,0.029639,0.030138,0.030587,0.030986,0.03133,0.031618,0.031846,0.032013,0.032116,0.032153,0.032121,0.032019,0.031845,0.031597,0.031275,0.030877,0.030403,0.029853,0.029227,0.028527,0.027754,0.026911,0.025999,0.025024,0.023987,0.022896,0.021754,0.020569,0.019347,0.018095,0.016822,0.015536,0.014246,0.012961,0.011691,0.010445,0.0092322,0.0080631,0.0069461,0.0058901,0.004903,0.0039924,0.0031648,0.0024261,0.0017809,0.001233,0.00078483,0.00043787,0.00019228,4.7069e-05,0
0,5.8015e-05,0.0002232,0.00048798,0.00084488,0.0012866,0.0018059,0.002396,0.0030502,0.0037621,0.0045255,0.0053347,0.0061842,0.0070688,0.0079834,0.0089236,0.009885,0.010863,0.011855,0.012856,0.013864,0.014874,0.015885,0.016893,0.017895,0.018889,0.019872,0.020843,0.021798,0.022734,0.023651,0.024545,0.025415,0.026257,0.02707,0.027851,0.028597,0.029307,0.029976,0.030604,0.031187,0.031723,0.032208,0.032641,0.033018,0.033336,0.033592,0.033785,0.033911,0.033969,0.033954,0.033866,0.033702,0.033461,0.033141,0.032741,0.03226,0.031699,0.031057,0.030336,0.029536,0.028661,0.027712,0.026693,0.025608,0.024463,0.023262,0.022013,0.020722,0.019397,0.018047,0.016681,0.015308,0.013939,0.012583,0.011251,0.0099526,0.008699,0.0074996,0.0063642,0.0053016,0.0043201,0.0034271,0.0026291,0.0019313,0.0013381,0.00085241,0.00047596,0.00020921,5.1283e-05,0
0,6.1053e-05,0.00023478,0.00051314,0.00088819,0.0013522,0.0018975,0.0025169,0.0032034,0.0039501,0.0047507,0.0055991,0.0064894,0.0074163,0.0083745,0.0093593,0.010366,0.011391,0.012429,0.013478,0.014533,0.015591,0.016649,0.017705,0.018756,0.019798,0.020829,0.021847,0.022849,0.023833,0.024797,0.025738,0.026653,0.027542,0.028399,0.029225,0.030015,0.030768,0.03148,0.03215,0.032773,0.033348,0.033871,0.034339,0.03475,0.035101,0.035388,0.035609,0.035761,0.035841,0.035846,0.035774,0.035623,0.03539,0.035075,0.034675,0.03419,0.03362,0.032963,0.032222,0.031397,0.03049,0.029505,0.028443,0.02731,0.02611,0.02485,0.023535,0.022174,0.020774,0.019345,0.017896,0.016437,0.01498,0.013534,0.012111,0.010722,0.0093792,0.0080925,0.0068727,0.0057296,0.0046724,0.0037094,0.0028478,0.0020936,0.0014516,0.00092545,0.00051718,0.00022755,5.5858e-05,0
0,6.4157e-05,0.00024662,0.00053884,0.00093242,0.0014192,0.001991,0.0026404,0.0033597,0.0041421,0.0049805,0.0058688,0.0068008,0.0077708,0.0087734,0.0098036,0.010857,0.011928,0.013014,0.014111,0.015214,0.016321,0.017428,0.018533,0.019632,0.020723,0.021803,0.02287,0.02392,0.024953,0.025965,0.026953,0.027916,0.028851,0.029756,0.030627,0.031463,0.03226,0.033016,0.033729,0.034394,0.03501,0.035573,0.036079,0.036527,0.036912,0.037232,0.037483,0.037663,0.037768,0.037795,0.037742,0.037605,0.037384,0.037076,0.036679,0.036192,0.035614,0.034945,0.034186,0.033337,0.032401,0.031379,0.030275,0.029094,0.02784,0.026519,0.025138,0.023705,0.022229,0.020718,0.019183,0.017635,0.016085,0.014545,0.013027,0.011544,0.010106,0.008727,0.0074176,0.0061889,0.005051,0.0040131,0.0030833,0.0022685,0.0015742,0.0010044,0.00056179,0.00024742,6.0823e-05,0
0,6.7327e-05,0.0002587,0.00056508,0.00097759,0.0014876,0.0020865,0.0027664,0.0035194,0.0043379,0.005215,0.006144,0.0071184,0.0081322,0.00918,0.010256,0.011357,0.012476,0.01361,0.014756,0.015908,0.017065,0.018221,0.019376,0.020524,0.021665,0.022794,0.023911,0.025011,0.026092,0.027153,0.02819,0.029202,0.030185,0.031137,0.032056,0.032938,0.033782,0.034583,0.03534,0.036049,0.036708,0.037312,0.037858,0.038345,0.038767,0.039121,0.039405,0.039615,0.039747,0.039799,0.039767,0.039648,0.039441,0.039142,0.03875,0.038263,0.03768,0.037001,0.036226,0.035355,0.034391,0.033334,0.03219,0.030961,0.029653,0.028272,0.026824,0.025318,0.023763,0.022169,0.020546,0.018905,0.017259,0.015621,0.014004,0.01242,0.010883,0.0094056,0.0080012,0.0066814,0.0054575,0.0043397,0.0033369,0.0024571,0.0017064,0.0010897,0.00061005,0.00026895,6.6214e-05,0
0,7.0562e-05,0.00027103,0.00059187,0.0010237,0.0015574,0.002184,0.002895,0.0036822,0.0045377,0.0054542,0.0064245,0.007442,0.0085006,0.0095943,0.010718,0.011866,0.013034,0.014217,0.015412,0.016614,0.017821,0.019028,0.020232,0.021431,0.022622,0.023802,0.024969,0.026119,0.02725,0.028361,0.029448,0.030509,0.031541,0.032542,0.033509,0.034439,0.03533,0.036178,0.036981,0.037736,0.038438,0.039086,0.039674,0.040201,0.040662,0.041054,0.041372,0.041614,0.041777,0.041855,0.041847,0.041749,0.041558,0.041271,0.040887,0.040403,0.039818,0.039131,0.038341,0.037451,0.03646,0.035371,0.034186,0.032911,0.031549,0.030108,0.028593,0.027014,0.025379,0.023699,0.021985,0.020249,0.018504,0.016763,0.015042,0.013353,0.011711,0.010131,0.0086257,0.0072093,0.0058937,0.0046905,0.0036098,0.0026603,0.0018491,0.0011819,0.00066225,0.00029227,7.2065e-05,0
0,7.3862e-05,0.00028362,0.00061921,0.0010707,0.0016286,0.0022834,0.0030261,0.0038482,0.0047414,0.0056979,0.0067103,0.0077718,0.0088757,0.010016,0.011187,0.012384,0.013601,0.014834,0.016079,0.017332,0.018589,0.019847,0.021103,0.022353,0.023595,0.024825,0.026043,0.027244,0.028426,0.029587,0.030724,0.031835,0.032917,0.033968,0.034984,0.035964,0.036903,0.0378,0.03865,0.039451,0.0402,0.040892,0.041524,0.042093,0.042595,0.043025,0.043381,0.043658,0.043852,0.043961,0.043979,0.043903,0.043731,0.04346,0.043086,0.042607,0.042022,0.04133,0.04053,0.039621,0.038606,0.037486,0.036264,0.034943,0.033529,0.032028,0.030446,0.028793,0.027077,0.025309,0.023502,0.021668,0.019821,0.017974,0.016144,0.014345,0.012594,0.010905,0.0092933,0.0077743,0.0063614,0.0050673,0.0039032,0.002879,0.0020029,0.0012813,0.00071868,0.00031752,7.8414e-05,0
0,7.7229e-05,0.00029646,0.00064709,0.0011187,0.0017012,0.0023847,0.0031598,0.0040175,0.004949,0.0059462,0.0070015,0.0081075,0.0092576,0.010445,0.011665,0.012911,0.014178,0.015461,0.016757,0.018061,0.019369,0.020678,0.021986,0.023287,0.024581,0.025863,0.027132,0.028384,0.029617,0.03083,0.032018,0.03318,0.034313,0.035414,0.03648,0.03751,0.038499,0.039444,0.040343,0.041192,0.041988,0.042726,0.043404,0.044017,0.044561,0.045033,0.045428,0.045742,0.045971,0.046111,0.046158,0.046108,0.045958,0.045704,0.045343,0.044873,0.044291,0.043596,0.042787,0.041864,0.040827,0.039679,0.03842,0.037056,0.035591,0.034031,0.032382,0.030655,0.028858,0.027002,0.0251,0.023165,0.021212,0.019256,0.017313,0.0154,0.013533,0.011729,0.010006,0.0083786,0.0068624,0.0054714,0.0042183,0.0031143,0.0021686,0.0013886,0.00077965,0.00034484,8.53e-05,0
0,8.0664e-05,0.00030956,0.00067554,0.0011677,0.0017753,0.0024881,0.0032962,0.00419,0.0051605,0.0061992,0.007298,0.0084493,0.0096461,0.010882,0.01215,0.013446,0.014763,0.016098,0.017445,0.0188,0.02016,0.021522,0.022881,0.024234,0.025579,0.026914,0.028234,0.029538,0.030823,0.032087,0.033327,0.03454,0.035724,0.036877,0.037994,0.039074,0.040113,0.041109,0.042058,0.042956,0.0438,0.044586,0.04531,0.045968,0.046557,0.047072,0.047507,0.047861,0.048126,0.048301,0.048379,0.048357,0.048232,0.047998,0.047654,0.047195,0.046619,0.045925,0.04511,0.044175,0.04312,0.041945,0.040653,0.039247,0.037733,0.036115,0.034401,0.0326,0.030721,0.028776,0.026778,0.02474,0.022679,0.02061,0.01855,0.016518,0.014531,0.012607,0.010766,0.009024,0.0073983,0.0059045,0.0045566,0.0033673,0.0023471,0.0015044,0.00084548,0.00037439,9.2765e-05,0
0,8.4167e-05,0.00032292,0.00070456,0.0012176,0.0018509,0.0025935,0.0034351,0.0043658,0.005376,0.0064568,0.0075998,0.0087971,0.010041,0.011326,0.012644,0.01399,0.015358,0.016744,0.018143,0.01955,0.020962,0.022376,0.023787,0.025193,0.02659,0.027976,0.029349,0.030705,0.032042,0.033358,0.03465,0.035915,0.03715,0.038354,0.039523,0.040654,0.041744,0.042791,0.043789,0.044737,0.045631,0.046465,0.047238,0.047943,0.048578,0.049136,0.049615,0.050009,0.050314,0.050525,0.050637,0.050646,0.050548,0.050337,0.050012,0.049567,0.049001,0.04831,0.047494,0.04655,0.045478,0.04428,0.042958,0.041513,0.039952,0.038278,0.0365,0.034626,0.032666,0.030632,0.028537,0.026395,0.024223,0.022037,0.019857,0.017701,0.015589,0.01354,0.011575,0.0097125,0.007971,0.006368,0.0049193,0.003639,0.0025389,0.001629,0.00091651,0.00040633,0.00010085,0
0,8.774e-05,0.00033655,0.00073416,0.0012685,0.0019279,0.002701,0.0035768,0.0045449,0.0055955,0.0067191,0.0079069,0.0091508,0.010443,0.011777,0.013145,0.014542,0.015961,0.017399,0.01885,0.02031,0.021774,0.02324,0.024703,0.026162,0.027611,0.02905,0.030475,0.031883,0.033272,0.03464,0.035983,0.0373,0.038587,0.039843,0.041063,0.042246,0.043388,0.044485,0.045535,0.046533,0.047477,0.048361,0.049182,0.049936,0.050617,0.051222,0.051745,0.052182,0.052528,0.052777,0.052925,0.052967,0.052899,0.052715,0.052411,0.051984,0.05143,0.050747,0.049931,0.048981,0.047897,0.04668,0.045329,0.043849,0.042243,0.040517,0.038676,0.036731,0.034691,0.032568,0.030375,0.028128,0.025843,0.023539,0.021235,0.018952,0.01671,0.01453,0.012435,0.010446,0.0085821,0.0068635,0.0053077,0.0039304,0.0027451,0.0017632,0.00099309,0.00044083,0.00010961,0
0,9.1387e-05,0.00035046,0.00076437,0.0013205,0.0020065,0.0028106,0.0037212,0.0047275,0.0058191,0.0069861,0.0082195,0.0095107,0.010852,0.012235,0.013654,0.015102,0.016573,0.018063,0.019566,0.021078,0.022595,0.024114,0.02563,0.02714,0.028642,0.030133,0.03161,0.03307,0.034511,0.03593,0.037326,0.038694,0.040033,0.04134,0.042612,0.043847,0.04504,0.046188,0.047289,0.048339,0.049333,0.050267,0.051138,0.051941,0.05267,0.053322,0.053891,0.054372,0.05476,0.05505,0.055236,0.055314,0.055278,0.055123,0.054844,0.054437,0.053899,0.053226,0.052414,0.051463,0.050371,0.049137,0.047762,0.04625,0.044602,0.042826,0.040926,0.038911,0.036793,0.034581,0.032291,0.029939,0.027541,0.025116,0.022685,0.02027,0.017893,0.015578,0.013348,0.011225,0.0092332,0.0073925,0.0057231,0.0042426,0.0029664,0.0019074,0.0010756,0.00047805,0.00011908,0
0,9.5111e-05,0.00036467,0.00079522,0.0013736,0.0020868,0.0029224,0.0038685,0.0049136,0.0060469,0.0072581,0.0085376,0.0098766,0.011267,0.0127,0.01417,0.01567,0.017193,0.018736,0.020291,0.021856,0.023425,0.024996,0.026564,0.028127,0.029681,0.031224,0.032752,0.034264,0.035757,0.037228,0.038674,0.040094,0.041485,0.042843,0.044166,0.045452,0.046696,0.047896,0.049048,0.050149,0.051194,0.052178,0.053099,0.053951,0.05473,0.055429,0.056045,0.056572,0.057004,0.057336,0.057562,0.057678,0.057676,0.057552,0.057301,0.056919,0.056399,0.05574,0.054936,0.053987,0.05289,0.051643,0.050249,0.048708,0.047023,0.045199,0.043243,0.041162,0.038967,0.03667,0.034284,0.031825,0.029313,0.026766,0.024206,0.021657,0.019142,0.016686,0.014315,0.012053,0.0099257,0.0079563,0.0061667,0.0045767,0.0032036,0.0020623,0.0011643,0.00051818,0.00012932,0
0,9.8915e-05,0.00037918,0.00082674,0.0014278,0.0021687,0.0030366,0.0040188,0.0051034,0.0062791,0.0075351,0.0088614,0.010249,0.011689,0.013173,0.014694,0.016246,0.017822,0.019416,0.021024,0.022642,0.024263,0.025886,0.027507,0.029121,0.030727,0.032321,0.033901,0.035464,0.037007,0.038529,0.040027,0.041497,0.042938,0.044348,0.045722,0.047058,0.048353,0.049604,0.050807,0.051958,0.053053,0.054089,0.055059,0.055961,0.056789,0.057537,0.0582,0.058774,0.059251,0.059627,0.059895,0.060049,0.060084,0.059995,0.059774,0.059418,0.058921,0.058279,0.057487,0.056543,0.055445,0.054191,0.052781,0.051215,0.049497,0.047631,0.045622,0.043478,0.04121,0.038828,0.036348,0.033785,0.031159,0.028489,0.025799,0.023112,0.020455,0.017854,0.015336,0.01293,0.010661,0.0085563,0.0066397,0.0049336,0.0034576,0.0022285,0.0012597,0.0005614,0.00014038,0
0,0.00010281,0.00039403,0.00085897,0.0014832,0.0022525,0.0031532,0.0041722,0.0052971,0.0065158,0.0078173,0.0091911,0.010627,0.012117,0.013653,0.015226,0.016829,0.018458,0.020105,0.021765,0.023435,0.025109,0.026784,0.028456,0.030121,0.031778,0.033423,0.035053,0.036666,0.03826,0.039832,0.041379,0.0429,0.044391,0.04585,0.047274,0.04866,0.050006,0.051306,0.052559,0.05376,0.054906,0.055991,0.057012,0.057963,0.05884,0.059637,0.060348,0.060969,0.061492,0.061912,0.062223,0.062419,0.062493,0.062439,0.062252,0.061925,0.061453,0.060832,0.060056,0.059122,0.058027,0.056769,0.055348,0.053762,0.052016,0.050111,0.048054,0.045852,0.043514,0.041052,0.03848,0.035815,0.033075,0.030282,0.02746,0.024635,0.021832,0.019082,0.016414,0.013857,0.01144,0.0091936,0.0071434,0.0053145,0.0037292,0.0024065,0.001362,0.00060789,0.00015232,0
0,0.00010679,0.00040923,0.00089197,0.0015399,0.0023381,0.0032724,0.004329,0.0054948,0.0067573,0.008105,0.0095268,0.011013,0.012553,0.01414,0.015765,0.017421,0.019102,0.020801,0.022514,0.024235,0.025961,0.027687,0.02941,0.031126,0.032833,0.034528,0.036208,0.03787,0.039513,0.041134,0.04273,0.044299,0.045839,0.047347,0.048819,0.050254,0.051648,0.052998,0.0543,0.055551,0.056745,0.05788,0.05895,0.05995,0.060875,0.061721,0.06248,0.063148,0.063718,0.064184,0.064539,0.064777,0.064891,0.064876,0.064723,0.064429,0.063985,0.063388,0.062631,0.061711,0.060624,0.059367,0.057939,0.056339,0.054569,0.052632,0.050531,0.048275,0.045872,0.043333,0.040673,0.037908,0.035057,0.032143,0.029189,0.026223,0.023274,0.020371,0.017547,0.014834,0.012265,0.0098693,0.0076786,0.0057202,0.004019,0.0025969,0.0014718,0.00065785,0.00016518,0
0,0.00011088,0.00042483,0.00092581,0.001598,0.0024259,0.0033945,0.0044894,0.0056969,0.007004,0.0083985,0.0098689,0.011405,0.012997,0.014635,0.016312,0.018021,0.019754,0.021505,0.02327,0.025043,0.026819,0.028596,0.030369,0.032135,0.033891,0.035634,0.037363,0.039073,0.040764,0.042432,0.044075,0.045692,0.047279,0.048833,0.050353,0.051835,0.053277,0.054674,0.056024,0.057322,0.058564,0.059747,0.060865,0.061913,0.062887,0.06378,0.064587,0.065302,0.065918,0.06643,0.06683,0.067111,0.067267,0.067291,0.067177,0.066916,0.066504,0.065934,0.0652,0.064298,0.063223,0.061972,0.060542,0.058934,0.057146,0.055181,0.053043,0.050738,0.048275,0.045665,0.042921,0.04006,0.037101,0.034067,0.030982,0.027876,0.024777,0.02172,0.018737,0.015863,0.013134,0.010584,0.0082464,0.0061516,0.004328,0.0028004,0.0015893,0.00071148,0.00017903,0
0,0.00011508,0.00044085,0.00096056,0.0016576,0.0025159,0.0035196,0.0046537,0.0059037,0.0072561,0.0086981,0.010218,0.011804,0.013448,0.015138,0.016867,0.018628,0.020413,0.022217,0.024033,0.025856,0.027683,0.029509,0.031331,0.033146,0.03495,0.036741,0.038516,0.040273,0.042009,0.043723,0.045412,0.047074,0.048706,0.050306,0.051871,0.053398,0.054885,0.056328,0.057723,0.059067,0.060356,0.061585,0.062749,0.063845,0.064865,0.065805,0.066659,0.067421,0.068083,0.06864,0.069085,0.069411,0.069609,0.069675,0.069599,0.069375,0.068997,0.068457,0.06775,0.066869,0.065811,0.06457,0.063145,0.061532,0.059732,0.057746,0.055577,0.05323,0.050714,0.048037,0.045215,0.042263,0.039199,0.036048,0.032835,0.029589,0.026342,0.023127,0.019982,0.016944,0.01405,0.011339,0.0088475,0.0066095,0.0046568,0.0030174,0.001715,0.00076896,0.00019392,0
0,0.0001194,0.00045734,0.00099632,0.001719,0.0026084,0.0036481,0.0048222,0.0061156,0.0075142,0.0090045,0.010574,0.012212,0.013907,0.015649,0.017431,0.019244,0.021081,0.022935,0.024802,0.026676,0.028552,0.030427,0.032296,0.034158,0.036008,0.037844,0.039665,0.041466,0.043247,0.045004,0.046737,0.048442,0.050117,0.05176,0.053368,0.054938,0.056468,0.057954,0.059393,0.060781,0.062113,0.063387,0.064596,0.065736,0.066802,0.067787,0.068687,0.069494,0.070202,0.070804,0.071294,0.071663,0.071905,0.072012,0.071977,0.071791,0.071449,0.070942,0.070265,0.06941,0.068373,0.067148,0.065731,0.064121,0.062315,0.060314,0.058121,0.055739,0.053175,0.05044,0.047545,0.044507,0.041345,0.038082,0.034743,0.031359,0.027963,0.024591,0.021281,0.018074,0.015012,0.012134,0.0094826,0.0070947,0.0050061,0.0032485,0.0018492,0.00083049,0.00020992,0
0,0.00012387,0.00047436,0.0010332,0.0017823,0.0027037,0.0037803,0.0049954,0.0063331,0.0077787,0.009318,0.010938,0.012627,0.014374,0.016169,0.018003,0.019868,0.021756,0.023661,0.025578,0.0275,0.029425,0.031347,0.033263,0.035169,0.037064,0.038944,0.040807,0.042651,0.044474,0.046273,0.048046,0.049791,0.051507,0.05319,0.054838,0.056449,0.058019,0.059546,0.061026,0.062455,0.063829,0.065144,0.066396,0.067578,0.068687,0.069716,0.070659,0.07151,0.072262,0.072909,0.073442,0.073856,0.074141,0.07429,0.074296,0.074151,0.073847,0.073376,0.072731,0.071906,0.070893,0.069689,0.068287,0.066685,0.064879,0.062871,0.06066,0.05825,0.055647,0.052861,0.049901,0.046785,0.04353,0.040159,0.036699,0.03318,0.029637,0.026108,0.022633,0.019255,0.016019,0.01297,0.010152,0.0076077,0.0053765,0.0034943,0.0019922,0.00089628,0.00022709,0
0,0.00012849,0.00049198,0.0010714,0.0018476,0.0028021,0.0039166,0.0051737,0.0065568,0.0080503,0.0096395,0.011311,0.013052,0.014851,0.016699,0.018585,0.020501,0.02244,0.024395,0.02636,0.02833,0.030301,0.032269,0.034229,0.036179,0.038116,0.040038,0.041942,0.043825,0.045687,0.047525,0.049336,0.051119,0.052872,0.054593,0.056278,0.057926,0.059534,0.061098,0.062615,0.064082,0.065495,0.066849,0.06814,0.069363,0.070512,0.071582,0.072566,0.073459,0.074254,0.074943,0.07552,0.075976,0.076304,0.076496,0.076544,0.076439,0.076174,0.075741,0.075132,0.07434,0.073357,0.072177,0.070795,0.069207,0.067409,0.0654,0.063179,0.06075,0.058116,0.055286,0.05227,0.049083,0.045743,0.042271,0.038696,0.035047,0.03136,0.027675,0.024034,0.020484,0.017072,0.013846,0.010856,0.008149,0.0057685,0.0037551,0.0021445,0.0009665,0.00024548,0
0,0.0001333,0.00051028,0.001111,0.0019154,0.0029039,0.0040575,0.0053578,0.0067874,0.0083298,0.0099697,0.011693,0.013486,0.015338,0.017238,0.019176,0.021143,0.023132,0.025136,0.027149,0.029165,0.031181,0.033192,0.035195,0.037186,0.039163,0.041124,0.043065,0.044986,0.046884,0.048757,0.050603,0.052421,0.054208,0.055962,0.057682,0.059363,0.061005,0.062603,0.064155,0.065656,0.067104,0.068494,0.069821,0.07108,0.072267,0.073375,0.074398,0.07533,0.076165,0.076895,0.077513,0.07801,0.07838,0.078614,0.078704,0.078641,0.078417,0.078023,0.077452,0.076695,0.075745,0.074595,0.073239,0.071671,0.069887,0.067884,0.065662,0.063221,0.060565,0.057701,0.054638,0.051389,0.047972,0.044409,0.040725,0.036952,0.033126,0.029288,0.025483,0.021759,0.018168,0.014762,0.011595,0.0087188,0.0061825,0.0040315,0.0023063,0.0010414,0.00026517,0
0,0.00013832,0.00052936,0.0011522,0.0019859,0.0030097,0.0042037,0.0055485,0.0070257,0.008618,0.01031,0.012085,0.013932,0.015836,0.017788,0.019777,0.021795,0.023833,0.025884,0.027943,0.030004,0.032063,0.034116,0.036158,0.038188,0.040203,0.042199,0.044176,0.04613,0.048061,0.049966,0.051844,0.053692,0.05551,0.057294,0.059043,0.060755,0.062426,0.064055,0.065637,0.067169,0.068648,0.070069,0.071428,0.072721,0.073941,0.075084,0.076143,0.077112,0.077984,0.078752,0.079409,0.079946,0.080357,0.080632,0.080763,0.080742,0.080559,0.080206,0.079675,0.078956,0.078043,0.076926,0.0756,0.074058,0.072294,0.070306,0.06809,0.065647,0.062979,0.060091,0.05699,0.05369,0.050206,0.04656,0.042776,0.038886,0.034927,0.03094,0.026973,0.023077,0.019305,0.015717,0.012368,0.0093174,0.0066189,0.0043238,0.0024779,0.001121,0.00028621,0
0,0.00014357,0.00054933,0.0011953,0.0020595,0.00312,0.0043558,0.0057464,0.0072726,0.0089161,0.01066,0.012489,0.014389,0.016346,0.01835,0.02039,0.022457,0.024543,0.026641,0.028744,0.030848,0.032947,0.035039,0.037119,0.039185,0.041233,0.043262,0.04527,0.047255,0.049215,0.051148,0.053053,0.054929,0.056773,0.058583,0.060358,0.062095,0.063792,0.065446,0.067054,0.068612,0.070118,0.071567,0.072954,0.074276,0.075526,0.076699,0.07779,0.078792,0.079698,0.080502,0.081195,0.08177,0.082219,0.082534,0.082705,0.082725,0.082584,0.082273,0.081783,0.081105,0.080231,0.079152,0.077861,0.07635,0.074614,0.072647,0.070446,0.06801,0.065339,0.062437,0.059311,0.05597,0.05243,0.048711,0.044837,0.04084,0.036755,0.032626,0.028501,0.024434,0.020483,0.016709,0.013175,0.0099446,0.0070779,0.0046323,0.0026598,0.0012057,0.00030866,0
0,0.00014911,0.00057033,0.0012406,0.0021366,0.0032354,0.0045146,0.0059527,0.0075293,0.0092252,0.011023,0.012906,0.014859,0.016869,0.018925,0.021015,0.023131,0.025263,0.027405,0.029551,0.031695,0.033833,0.035961,0.038075,0.040173,0.042252,0.044311,0.046346,0.048357,0.050342,0.0523,0.054228,0.056126,0.057992,0.059824,0.061619,0.063377,0.065095,0.06677,0.068399,0.069979,0.071507,0.072979,0.074389,0.075735,0.077011,0.078211,0.079329,0.08036,0.081297,0.082132,0.082859,0.083469,0.083954,0.084306,0.084517,0.084577,0.084476,0.084207,0.08376,0.083125,0.082293,0.081255,0.080003,0.078529,0.076827,0.074889,0.072711,0.070291,0.067628,0.064723,0.061581,0.058212,0.054629,0.050849,0.046897,0.042802,0.038601,0.034337,0.03006,0.025826,0.021696,0.017737,0.014015,0.0106,0.0075596,0.0049573,0.002852,0.0012956,0.0003326,0
0,0.00015497,0.00059252,0.0012883,0.0022178,0.0033567,0.0046811,0.0061684,0.007797,0.0095467,0.011399,0.013336,0.015344,0.017407,0.019514,0.021654,0.023816,0.025994,0.028178,0.030364,0.032546,0.034719,0.03688,0.039025,0.041152,0.043258,0.045342,0.047401,0.049434,0.05144,0.053417,0.055364,0.057279,0.059162,0.06101,0.062822,0.064596,0.066329,0.06802,0.069665,0.071261,0.072806,0.074295,0.075725,0.07709,0.078386,0.079608,0.080749,0.081805,0.082768,0.083631,0.084387,0.085028,0.085547,0.085934,0.086182,0.08628,0.086221,0.085993,0.085588,0.084997,0.084209,0.083216,0.082007,0.080575,0.078912,0.077011,0.074865,0.07247,0.069824,0.066928,0.063784,0.0604,0.056786,0.052959,0.048941,0.044761,0.040455,0.036066,0.031644,0.027248,0.022943,0.018798,0.014886,0.011283,0.0080639,0.005299,0.0030549,0.0013908,0.00035809,0
0,0.0001612,0.0006161,0.001339,0.0023038,0.0034847,0.0048565,0.006395,0.0080773,0.0098823,0.01179,0.013783,0.015845,0.017961,0.020118,0.022306,0.024515,0.026735,0.02896,0.031184,0.0334,0.035606,0.037796,0.039968,0.04212,0.044249,0.046353,0.048431,0.050482,0.052503,0.054495,0.056455,0.058383,0.060277,0.062136,0.063959,0.065743,0.067486,0.069187,0.070843,0.07245,0.074007,0.075508,0.07695,0.07833,0.079641,0.080879,0.082039,0.083114,0.084099,0.084985,0.085767,0.086436,0.086985,0.087404,0.087686,0.087822,0.087801,0.087614,0.087252,0.086705,0.085963,0.085016,0.083855,0.082469,0.080852,0.078993,0.076886,0.074527,0.071909,0.069033,0.065899,0.062513,0.058882,0.055023,0.050954,0.046702,0.042304,0.037801,0.033244,0.028694,0.024218,0.019889,0.015787,0.011994,0.0085908,0.0056576,0.0032687,0.0014916,0.0003852,0
0,0.00016789,0.00064129,0.001393,0.0023952,0.0036205,0.0050419,0.0066338,0.0083719,0.010234,0.012198,0.014247,0.016364,0.018532,0.02074,0.022975,0.025227,0.027488,0.029751,0.032009,0.034257,0.036491,0.038707,0.040902,0.043074,0.045221,0.047341,0.049433,0.051496,0.053528,0.055529,0.057497,0.059432,0.061332,0.063196,0.065024,0.066812,0.06856,0.070265,0.071926,0.073538,0.0751,0.076607,0.078057,0.079445,0.080766,0.082015,0.083188,0.084278,0.085279,0.086184,0.086987,0.087679,0.088254,0.088702,0.089016,0.089185,0.089201,0.089054,0.088734,0.088232,0.087537,0.086638,0.085527,0.084192,0.082625,0.080815,0.078756,0.07644,0.073862,0.071018,0.067907,0.064532,0.0609,0.057023,0.052919,0.048612,0.044136,0.039532,0.034852,0.030157,0.025516,0.021008,0.016716,0.01273,0.0091397,0.006033,0.0034936,0.001598,0.00041399,0
0,0.00017509,0.00066838,0.0014509,0.002493,0.0037653,0.005239,0.0068868,0.0086828,0.010603,0.012626,0.014732,0.016903,0.019123,0.021379,0.02366,0.025954,0.028253,0.030551,0.03284,0.035116,0.037374,0.039611,0.041825,0.044012,0.046172,0.048303,0.050403,0.052472,0.054509,0.056513,0.058484,0.060419,0.06232,0.064183,0.066009,0.067796,0.069542,0.071246,0.072904,0.074515,0.076076,0.077584,0.079035,0.080425,0.081749,0.083004,0.084184,0.085283,0.086295,0.087214,0.088033,0.088744,0.089341,0.089814,0.090155,0.090356,0.090406,0.090297,0.090018,0.08956,0.088912,0.088064,0.087004,0.085724,0.084212,0.082458,0.080453,0.07819,0.075661,0.07286,0.069786,0.066437,0.06282,0.058942,0.054818,0.050473,0.045935,0.041246,0.036457,0.031628,0.026831,0.022149,0.01767,0.013491,0.0097104,0.0064253,0.0037298,0.0017104,0.00044455,0
0,0.00018291,0.0006977,0.0015134,0.0025982,0.0039205,0.0054495,0.0071559,0.0090122,0.010993,0.013075,0.015238,0.017464,0.019735,0.022039,0.024363,0.026697,0.029031,0.03136,0.033676,0.035975,0.038253,0.040507,0.042733,0.044931,0.047098,0.049234,0.051337,0.053407,0.055442,0.057443,0.059409,0.061339,0.063233,0.06509,0.066908,0.068686,0.070424,0.072119,0.073769,0.075373,0.076927,0.078428,0.079873,0.081259,0.082581,0.083835,0.085016,0.086118,0.087136,0.088063,0.088893,0.089618,0.090232,0.090725,0.09109,0.091319,0.091401,0.091327,0.091088,0.090673,0.090072,0.089274,0.088269,0.087046,0.085593,0.0839,0.081957,0.079755,0.077285,0.074539,0.071514,0.068207,0.064619,0.060758,0.056634,0.052268,0.047688,0.042931,0.038048,0.033098,0.028157,0.023308,0.018646,0.014275,0.010302,0.0068345,0.0039774,0.0018287,0.00047694,0
0,0.00019146,0.00072964,0.0015812,0.002712,0.0040877,0.0056755,0.0074436,0.0093627,0.011406,0.013549,0.01577,0.01805,0.020371,0.022721,0.025086,0.027456,0.029822,0.032177,0.034516,0.036834,0.039126,0.041391,0.043625,0.045827,0.047995,0.050129,0.052228,0.054292,0.05632,0.058312,0.060266,0.062184,0.064065,0.065907,0.067711,0.069474,0.071196,0.072876,0.074511,0.0761,0.07764,0.079128,0.080562,0.081937,0.08325,0.084497,0.085672,0.086771,0.087789,0.088718,0.089553,0.090287,0.090913,0.091422,0.091807,0.092059,0.09217,0.092129,0.091927,0.091554,0.090999,0.090253,0.089303,0.088138,0.086748,0.085121,0.083246,0.081113,0.078711,0.076032,0.07307,0.069818,0.066278,0.06245,0.058345,0.053979,0.049375,0.044571,0.039611,0.034558,0.029485,0.02448,0.019641,0.015081,0.010914,0.0072604,0.0042367,0.0019534,0.00051127,0
0,0.00020088,0.00076467,0.0016554,0.0028358,0.0042691,0.0059193,0.0077525,0.0097374,0.011845,0.01405,0.016329,0.018662,0.021033,0.023426,0.025829,0.028231,0.030625,0.033003,0.035359,0.03769,0.039991,0.04226,0.044495,0.046694,0.048857,0.050983,0.053072,0.055123,0.057136,0.05911,0.061047,0.062946,0.064806,0.066627,0.068408,0.070149,0.071849,0.073507,0.07512,0.076687,0.078206,0.079674,0.081089,0.082446,0.083744,0.084976,0.08614,0.08723,0.088241,0.089166,0.090001,0.090738,0.09137,0.091891,0.092291,0.092563,0.092698,0.092686,0.092519,0.092186,0.091677,0.09098,0.090086,0.088983,0.087658,0.086101,0.0843,0.082243,0.079919,0.077317,0.07443,0.071249,0.067772,0.063997,0.059931,0.055585,0.05098,0.046149,0.041135,0.035996,0.030807,0.025657,0.020651,0.015905,0.011545,0.0077028,0.0045078,0.0020845,0.00054762,0
0,0.00021133,0.00080337,0.0017369,0.0029715,0.0044667,0.0061838,0.0080859,0.010139,0.012314,0.014581,0.016918,0.019304,0.021722,0.024155,0.026593,0.029024,0.03144,0.033835,0.036203,0.03854,0.040843,0.04311,0.045339,0.047529,0.049679,0.051789,0.05386,0.05589,0.05788,0.059831,0.061742,0.063613,0.065445,0.067237,0.06899,0.070701,0.072371,0.073999,0.075582,0.077121,0.078611,0.080052,0.081441,0.082774,0.084049,0.085261,0.086406,0.08748,0.088478,0.089394,0.090222,0.090956,0.09159,0.092116,0.092527,0.092814,0.092969,0.092984,0.092848,0.092552,0.092087,0.09144,0.090602,0.08956,0.088304,0.086821,0.085098,0.083123,0.080885,0.078371,0.075572,0.072476,0.069079,0.065376,0.061368,0.057065,0.052483,0.047648,0.042601,0.037399,0.032113,0.026834,0.02167,0.016745,0.012194,0.0081616,0.0047909,0.0022224,0.00058613,0
0,0.00022302,0.00084644,0.0018273,0.003121,0.0046834,0.0064721,0.0084472,0.010572,0.012815,0.015146,0.017541,0.019979,0.02244,0.024911,0.027378,0.029833,0.032266,0.034671,0.037044,0.03938,0.041678,0.043935,0.04615,0.048322,0.050452,0.052538,0.054582,0.056584,0.058544,0.060462,0.062339,0.064176,0.065972,0.067728,0.069443,0.071117,0.072749,0.074339,0.075886,0.077388,0.078843,0.08025,0.081605,0.082907,0.084152,0.085336,0.086457,0.087508,0.088486,0.089386,0.090202,0.090928,0.091557,0.092083,0.092499,0.092797,0.092968,0.093005,0.092897,0.092637,0.092212,0.091614,0.090831,0.089852,0.088665,0.087258,0.085618,0.083733,0.081588,0.079172,0.076471,0.073475,0.070174,0.066562,0.062635,0.058397,0.053861,0.049049,0.043995,0.038753,0.033392,0.028002,0.022694,0.017599,0.012861,0.0086365,0.0050864,0.0023673,0.00062694,0
0,0.0002362,0.00089471,0.001928,0.0032868,0.0049223,0.006788,0.0088405,0.011041,0.013354,0.015749,0.018201,0.020687,0.023189,0.025692,0.028184,0.030656,0.033098,0.035507,0.037877,0.040205,0.042489,0.044727,0.04692,0.049066,0.051166,0.05322,0.055229,0.057194,0.059114,0.060992,0.062827,0.06462,0.066372,0.068083,0.069753,0.071381,0.072968,0.074513,0.076015,0.077473,0.078886,0.08025,0.081566,0.082829,0.084037,0.085187,0.086275,0.087298,0.08825,0.089127,0.089924,0.090636,0.091255,0.091776,0.092192,0.092496,0.092679,0.092733,0.09265,0.092421,0.092036,0.091484,0.090756,0.089839,0.088723,0.087395,0.085841,0.084049,0.082005,0.079695,0.077105,0.074222,0.071033,0.06753,0.063705,0.059557,0.055094,0.05033,0.045298,0.040042,0.034631,0.029151,0.023717,0.018462,0.013542,0.0091274,0.0053946,0.0025197,0.00067024,0
0,0.00025118,0.00094922,0.002041,0.0034717,0.0051871,0.0071357,0.0092704,0.011549,0.013933,0.016392,0.018899,0.021431,0.023969,0.026499,0.029009,0.03149,0.033934,0.036337,0.038695,0.041005,0.043266,0.045477,0.047638,0.049748,0.051809,0.053822,0.055786,0.057704,0.059577,0.061405,0.063189,0.06493,0.066629,0.068287,0.069903,0.071478,0.073012,0.074504,0.075953,0.07736,0.078722,0.080037,0.081305,0.082522,0.083687,0.084795,0.085845,0.086832,0.087751,0.0886,0.089372,0.090063,0.090667,0.091178,0.091589,0.091893,0.092083,0.092151,0.092089,0.091889,0.09154,0.091033,0.090357,0.089503,0.088457,0.087209,0.085744,0.084051,0.082113,0.079918,0.077449,0.074691,0.071631,0.068255,0.064553,0.06052,0.056155,0.05147,0.046488,0.041249,0.035815,0.030271,0.02473,0.019331,0.014238,0.0096342,0.005716,0.0026801,0.00071624,0
0,0.00026836,0.0010113,0.0021689,0.0036793,0.0054821,0.0075201,0.0097417,0.012101,0.014558,0.01708,0.019639,0.022211,0.02478,0.027329,0.029849,0.03233,0.034767,0.037155,0.03949,0.041772,0.043999,0.046172,0.04829,0.050354,0.052366,0.054327,0.056237,0.058099,0.059914,0.061682,0.063406,0.065087,0.066724,0.06832,0.069874,0.071387,0.07286,0.074291,0.07568,0.077027,0.078331,0.07959,0.080803,0.081968,0.083081,0.084142,0.085146,0.086091,0.086972,0.087786,0.088527,0.089192,0.089775,0.090269,0.09067,0.09097,0.091163,0.091241,0.091196,0.09102,0.090704,0.090239,0.089615,0.088822,0.087847,0.08668,0.085307,0.083715,0.08189,0.079816,0.077477,0.074857,0.07194,0.06871,0.065152,0.061257,0.057019,0.052443,0.047543,0.042354,0.03693,0.03135,0.025727,0.020201,0.014945,0.010157,0.0060513,0.0028492,0.00076527,0
0,0.00028822,0.0010824,0.0023143,0.0039137,0.0058123,0.0079467,0.01026,0.012703,0.015232,0.017815,0.020421,0.023028,0.025618,0.028178,0.030698,0.033169,0.035587,0.037947,0.040249,0.042491,0.044673,0.046795,0.048859,0.050866,0.052818,0.054716,0.056561,0.058357,0.060103,0.061803,0.063457,0.065067,0.066635,0.06816,0.069643,0.071086,0.072489,0.073851,0.075173,0.076453,0.077692,0.078887,0.080038,0.081143,0.0822,0.083205,0.084158,0.085054,0.085891,0.086664,0.087369,0.088002,0.088557,0.089031,0.089416,0.089707,0.089898,0.089981,0.08995,0.089795,0.08951,0.089085,0.088511,0.087777,0.086873,0.085787,0.084508,0.083021,0.081312,0.079366,0.077166,0.074695,0.071934,0.068866,0.065474,0.061741,0.057658,0.053222,0.048439,0.043335,0.037955,0.032374,0.026696,0.021066,0.015661,0.010695,0.0064016,0.003028,0.0008177,0
0,0.00031141,0.0011646,0.002481,0.0041799,0.0061837,0.0084216,0.010831,0.013358,0.015959,0.018597,0.021244,0.023878,0.02648,0.029039,0.031546,0.033994,0.03638,0.0387,0.040955,0.043143,0.045266,0.047326,0.049324,0.051261,0.05314,0.054964,0.056733,0.058451,0.06012,0.06174,0.063315,0.064846,0.066333,0.067779,0.069183,0.070548,0.071873,0.073159,0.074405,0.075611,0.076777,0.077902,0.078984,0.080023,0.081016,0.081961,0.082856,0.083698,0.084484,0.08521,0.085873,0.086469,0.086993,0.08744,0.087806,0.088084,0.088268,0.088353,0.08833,0.088194,0.087936,0.087548,0.087022,0.086346,0.085512,0.084509,0.083323,0.081943,0.080355,0.078542,0.076488,0.074175,0.071584,0.068695,0.065487,0.061942,0.058042,0.053777,0.049147,0.044167,0.038871,0.033325,0.027627,0.021919,0.016385,0.011249,0.0067679,0.0032175,0.00087407,0
0,0.00033873,0.0012605,0.0026733,0.0044837,0.006603,0.0089517,0.011461,0.014073,0.016741,0.019428,0.022106,0.024754,0.027356,0.0299,0.03238,0.03479,0.037127,0.039392,0.041584,0.043704,0.045755,0.047738,0.049655,0.051509,0.053304,0.055041,0.056723,0.058352,0.059931,0.061463,0.062948,0.064389,0.065788,0.067145,0.068463,0.069741,0.07098,0.072182,0.073345,0.074471,0.075557,0.076605,0.077613,0.078579,0.079502,0.08038,0.081212,0.081994,0.082724,0.083399,0.084015,0.084569,0.085056,0.085473,0.085814,0.086074,0.086249,0.086331,0.086315,0.086194,0.08596,0.085607,0.085126,0.084507,0.083742,0.08282,0.08173,0.080459,0.078993,0.077318,0.075417,0.073272,0.070862,0.068166,0.065161,0.061825,0.058136,0.054076,0.049636,0.04482,0.039651,0.034183,0.028505,0.022753,0.017112,0.011818,0.0071521,0.0034196,0.00093509,0
0,0.00037126,0.0013731,0.0028966,0.0048322,0.0070779,0.0095438,0.012154,0.014848,0.017577,0.020303,0.023,0.025647,0.028232,0.030744,0.033178,0.035532,0.037804,0.039996,0.042108,0.044144,0.046105,0.047996,0.049818,0.051576,0.053272,0.05491,0.056492,0.058021,0.059501,0.060932,0.062319,0.063661,0.064962,0.066223,0.067445,0.068628,0.069775,0.070885,0.071959,0.072997,0.073998,0.074963,0.07589,0.076778,0.077626,0.078432,0.079195,0.079913,0.080582,0.081201,0.081766,0.082273,0.08272,0.083102,0.083415,0.083654,0.083815,0.083891,0.083878,0.083769,0.083558,0.083237,0.082799,0.082236,0.081539,0.080698,0.079703,0.078542,0.077202,0.075669,0.073926,0.071955,0.069736,0.067247,0.064462,0.061357,0.057905,0.054082,0.04987,0.045262,0.040267,0.034925,0.029312,0.023555,0.017837,0.012403,0.0075561,0.0036364,0.0010017,0
0,0.00041046,0.0015068,0.0031578,0.0052339,0.0076167,0.010205,0.012916,0.015685,0.018463,0.021214,0.023912,0.026539,0.029085,0.031544,0.033912,0.036188,0.038375,0.040473,0.042487,0.04442,0.046275,0.048057,0.04977,0.051416,0.053,0.054526,0.055996,0.057414,0.058783,0.060105,0.061382,0.062617,0.063812,0.064968,0.066086,0.067169,0.068216,0.069228,0.070207,0.071151,0.072061,0.072937,0.073778,0.074583,0.075352,0.076082,0.076772,0.077421,0.078026,0.078584,0.079094,0.079552,0.079955,0.080299,0.08058,0.080795,0.080939,0.081007,0.080994,0.080894,0.080703,0.080412,0.080016,0.079507,0.078876,0.078116,0.077217,0.076167,0.074954,0.073565,0.071984,0.070194,0.068175,0.065903,0.063354,0.060499,0.05731,0.053755,0.049809,0.045453,0.040683,0.03552,0.030026,0.024311,0.018554,0.013003,0.0079828,0.0038707,0.0010754,0
0,0.00045829,0.0016669,0.0034654,0.0056984,0.0082283,0.010941,0.013748,0.01658,0.01939,0.022144,0.024819,0.027402,0.029884,0.032264,0.03454,0.036716,0.038793,0.040777,0.042672,0.044482,0.046213,0.04787,0.049456,0.050976,0.052434,0.053835,0.055182,0.056477,0.057725,0.058927,0.060087,0.061206,0.062286,0.06333,0.064339,0.065313,0.066255,0.067164,0.068041,0.068887,0.069702,0.070485,0.071236,0.071955,0.072639,0.07329,0.073904,0.074481,0.075018,0.075514,0.075965,0.076371,0.076727,0.07703,0.077278,0.077466,0.077591,0.077648,0.077633,0.077541,0.077367,0.077105,0.076749,0.076293,0.075728,0.075048,0.074243,0.073304,0.07222,0.070977,0.069562,0.067957,0.066143,0.064099,0.061798,0.059212,0.056307,0.05305,0.049408,0.045349,0.040856,0.035931,0.030616,0.025001,0.019252,0.013617,0.0084351,0.0041266,0.0011579,0
0,0.00051753,0.0018606,0.0038297,0.0062368,0.0089212,0.011756,0.014645,0.017521,0.020338,0.023066,0.025688,0.028194,0.030582,0.032853,0.035009,0.037056,0.038999,0.040844,0.042598,0.044265,0.045853,0.047366,0.04881,0.05019,0.05151,0.052773,0.053984,0.055147,0.056264,0.057338,0.058372,0.059368,0.060328,0.061253,0.062146,0.063007,0.063839,0.06464,0.065413,0.066156,0.066872,0.067559,0.068217,0.068846,0.069445,0.070013,0.070549,0.071052,0.071519,0.07195,0.072342,0.072693,0.073001,0.073262,0.073474,0.073634,0.073739,0.073784,0.073766,0.07368,0.073522,0.073287,0.07297,0.072565,0.072066,0.071464,0.070754,0.069926,0.068969,0.067874,0.066625,0.065209,0.063606,0.061796,0.059753,0.057449,0.05485,0.051917,0.048612,0.044895,0.040734,0.036111,0.031044,0.025598,0.019916,0.014239,0.0089166,0.0044094,0.0012521,0
0,0.00059221,0.0020979,0.0042638,0.0068606,0.0097012,0.012646,0.015595,0.018483,0.021271,0.023935,0.026464,0.028856,0.031112,0.033239,0.035243,0.037131,0.038912,0.040594,0.042184,0.043688,0.045114,0.046468,0.047755,0.04898,0.050148,0.051263,0.05233,0.05335,0.054329,0.055267,0.056169,0.057036,0.057869,0.058672,0.059445,0.06019,0.060908,0.061598,0.062263,0.062903,0.063517,0.064107,0.06467,0.065209,0.06572,0.066205,0.066662,0.06709,0.067487,0.067852,0.068184,0.06848,0.068739,0.068958,0.069134,0.069265,0.069349,0.069381,0.069359,0.069279,0.069136,0.068928,0.068649,0.068294,0.067858,0.067335,0.066718,0.066,0.065171,0.064222,0.063141,0.061914,0.060524,0.058953,0.057175,0.055164,0.052885,0.0503,0.047364,0.04403,0.040254,0.036,0.031257,0.026061,0.020523,0.014861,0.0094301,0.0047258,0.0013619,0
0,0.00068829,0.0023916,0.0047829,0.0075801,0.010568,0.013596,0.016567,0.019422,0.022131,0.024681,0.027069,0.0293,0.031383,0.033327,0.035143,0.036842,0.038434,0.039927,0.04133,0.042652,0.043899,0.045078,0.046194,0.047253,0.04826,0.049218,0.050131,0.051003,0.051837,0.052635,0.0534,0.054134,0.054839,0.055516,0.056167,0.056794,0.057396,0.057976,0.058533,0.059068,0.059581,0.060072,0.060542,0.060989,0.061415,0.061817,0.062195,0.062548,0.062876,0.063177,0.063449,0.063691,0.063902,0.064078,0.064219,0.064323,0.064385,0.064405,0.064379,0.064304,0.064177,0.063995,0.063753,0.063448,0.063075,0.062629,0.062104,0.061494,0.060791,0.059987,0.059072,0.058033,0.056856,0.055524,0.054015,0.052302,0.050355,0.048133,0.045592,0.042679,0.03934,0.035521,0.031185,0.026332,0.021032,0.015467,0.0099764,0.005085,0.0014935,0
0,0.00081498,0.0027596,0.0054031,0.0083999,0.011507,0.014571,0.017503,0.02026,0.022825,0.025198,0.027388,0.029407,0.031269,0.03299,0.034583,0.036061,0.037436,0.038718,0.039915,0.041038,0.042091,0.043083,0.044018,0.044903,0.04574,0.046535,0.047291,0.04801,0.048696,0.049352,0.049979,0.050579,0.051155,0.051707,0.052237,0.052746,0.053234,0.053704,0.054154,0.054586,0.055,0.055396,0.055774,0.056133,0.056474,0.056796,0.057098,0.05738,0.05764,0.057879,0.058094,0.058284,0.058448,0.058585,0.058692,0.058769,0.058812,0.058821,0.058792,0.058723,0.058612,0.058456,0.058251,0.057995,0.057684,0.057313,0.056878,0.056374,0.055794,0.055132,0.054379,0.053525,0.052558,0.051463,0.05022,0.048807,0.047194,0.045345,0.043217,0.040754,0.037897,0.034577,0.030734,0.02633,0.021384,0.016024,0.01055,0.0054971,0.001656,0
0,0.00098673,0.0032245,0.0061375,0.009308,0.012475,0.015494,0.0183,0.020871,0.023211,0.025333,0.02726,0.02901,0.030606,0.032064,0.0334,0.03463,0.035766,0.036817,0.037794,0.038704,0.039555,0.040352,0.041101,0.041807,0.042473,0.043103,0.0437,0.044268,0.044808,0.045322,0.045813,0.046283,0.046732,0.047162,0.047574,0.047969,0.048348,0.048712,0.04906,0.049394,0.049713,0.050017,0.050308,0.050584,0.050845,0.051091,0.051321,0.051535,0.051733,0.051913,0.052074,0.052216,0.052338,0.052438,0.052515,0.052568,0.052594,0.052593,0.052563,0.052502,0.052407,0.052277,0.05211,0.051902,0.05165,0.051353,0.051005,0.050604,0.050143,0.049618,0.049022,0.048346,0.047582,0.046716,0.045732,0.044613,0.043331,0.041856,0.040147,0.038152,0.03581,0.033045,0.029777,0.025934,0.02148,0.016468,0.011129,0.0059719,0.0018634,0
0,0.0012264,0.0038113,0.0069821,0.010253,0.013369,0.01622,0.018779,0.021054,0.023072,0.024865,0.026463,0.027893,0.029178,0.03034,0.031395,0.032357,0.033238,0.034049,0.034797,0.035491,0.036137,0.036739,0.037303,0.037832,0.03833,0.0388,0.039244,0.039665,0.040064,0.040444,0.040806,0.041151,0.041481,0.041796,0.042098,0.042387,0.042663,0.042928,0.043182,0.043424,0.043655,0.043876,0.044086,0.044285,0.044473,0.04465,0.044815,0.044968,0.045108,0.045235,0.045349,0.045448,0.045532,0.0456,0.04565,0.045682,0.045696,0.045688,0.045659,0.045607,0.04553,0.045426,0.045295,0.045134,0.044941,0.044714,0.04445,0.044146,0.043798,0.043403,0.042955,0.042448,0.041875,0.041226,0.040489,0.039649,0.038686,0.037573,0.036277,0.034752,0.03294,0.030768,0.028146,0.024974,0.021164,0.016686,0.01166,0.0065096,0.0021359,0
0,0.0015678,0.0045334,0.0078803,0.011095,0.013978,0.016487,0.018646,0.020502,0.022102,0.023491,0.024704,0.025773,0.026721,0.027567,0.028328,0.029015,0.029641,0.030213,0.030737,0.031221,0.031669,0.032086,0.032474,0.032837,0.033178,0.033499,0.033801,0.034087,0.034357,0.034614,0.034859,0.035092,0.035313,0.035525,0.035728,0.035921,0.036106,0.036283,0.036452,0.036614,0.036767,0.036914,0.037053,0.037185,0.037309,0.037425,0.037533,0.037633,0.037724,0.037806,0.037879,0.037942,0.037994,0.038035,0.038064,0.038081,0.038084,0.038073,0.038048,0.038006,0.037948,0.037871,0.037776,0.03766,0.037522,0.037361,0.037175,0.036961,0.036717,0.036441,0.036129,0.035777,0.035379,0.034929,0.034419,0.033836,0.033168,0.032393,0.031487,0.030413,0.029125,0.027556,0.025621,0.02321,0.020198,0.016471,0.012011,0.0070764,0.0024975,0
0,0.0020487,0.0053369,0.0086317,0.011507,0.013894,0.015848,0.017449,0.018772,0.019878,0.020814,0.021616,0.02231,0.022917,0.023452,0.023929,0.024357,0.024743,0.025093,0.025413,0.025707,0.025978,0.026229,0.026462,0.026679,0.026882,0.027073,0.027252,0.027422,0.027582,0.027734,0.027878,0.028015,0.028145,0.02827,0.028388,0.028502,0.02861,0.028713,0.028812,0.028906,0.028995,0.02908,0.02916,0.029236,0.029308,0.029374,0.029436,0.029493,0.029544,0.02959,0.02963,0.029664,0.029692,0.029713,0.029727,0.029733,0.029731,0.02972,0.0297,0.029671,0.029632,0.029581,0.029519,0.029445,0.029357,0.029256,0.029139,0.029006,0.028854,0.028683,0.028491,0.028274,0.02803,0.027753,0.027441,0.027084,0.026674,0.026198,0.02564,0.024974,0.024169,0.023174,0.021922,0.020314,0.018217,0.015464,0.011899,0.0075374,0.0029543,0
0,0.0026408,0.0059195,0.0086809,0.010796,0.012387,0.013594,0.014527,0.015265,0.015861,0.016352,0.016764,0.017114,0.017416,0.01768,0.017913,0.01812,0.018306,0.018474,0.018626,0.018765,0.018893,0.019011,0.019121,0.019223,0.019318,0.019406,0.01949,0.019569,0.019643,0.019713,0.01978,0.019843,0.019903,0.019961,0.020015,0.020067,0.020117,0.020164,0.02021,0.020253,0.020293,0.020332,0.020369,0.020403,0.020435,0.020465,0.020492,0.020517,0.02054,0.02056,0.020577,0.020591,0.020602,0.02061,0.020614,0.020614,0.020611,0.020603,0.020591,0.020574,0.020553,0.020526,0.020493,0.020455,0.02041,0.020359,0.0203,0.020233,0.020157,0.020072,0.019977,0.01987,0.019749,0.019614,0.01946,0.019285,0.019084,0.018851,0.018576,0.018248,0.017847,0.017346,0.016704,0.015855,0.014696,0.013068,0.010743,0.0074869,0.0033996,0
0,0.0028673,0.0051905,0.0066953,0.0076528,0.0082809,0.0087114,0.0090202,0.0092511,0.0094302,0.0095734,0.0096907,0.0097889,0.0098725,0.0099446,0.010008,0.010064,0.010113,0.010158,0.010198,0.010235,0.010269,0.0103,0.010329,0.010355,0.01038,0.010403,0.010425,0.010445,0.010465,0.010483,0.0105,0.010517,0.010532,0.010547,0.010561,0.010574,0.010587,0.010599,0.010611,0.010622,0.010632,0.010642,0.010651,0.01066,0.010668,0.010675,0.010682,0.010688,0.010694,0.010698,0.010702,0.010705,0.010707,0.010708,0.010708,0.010707,0.010705,0.010702,0.010698,0.010692,0.010685,0.010676,0.010666,0.010654,0.01064,0.010624,0.010607,0.010587,0.010565,0.01054,0.010512,0.010481,0.010446,0.010406,0.010362,0.010312,0.010254,0.010187,0.010108,0.010013,0.009896,0.0097488,0.0095566,0.0092951,0.0089206,0.00835,0.0074226,0.0058458,0.0032464,0
0,0,0,0,0,0,0,0,0,0,0,0,0,0,0,0,0,0,0,0,0,0,0,0,0,0,0,0,0,0,0,0,0,0,0,0,0,0,0,0,0,0,0,0,0,0,0,0,0,0,0,0,0,0,0,0,0,0,0,0,0,0,0,0,0,0,0,0,0,0,0,0,0,0,0,0,0,0,0,0,0,0,0,0,0,0,0,0,0,0,0
