0,0,0,0,0,0,0,0,0,0,0,0,0,0,0,0,0,0,0,0,0,0,0,0,0,0,0,0,0,0,0,0,0,0,0,0,0,0,0,0,0,0,0,0,0,0,0,0,0,0,0,0,0,0,0,0,0,0,0,0,0,0,0,0,0,0,0,0,0,0,0,0,0,0,0,0,0,0,0,0,0,0,0,0,0,0,0,0,0,0,0
0,-1.2059e-07,-3.2124e-07,-4.862e-07,-5.5086e-07,-4.8498e-07,-2.7802e-07,6.9745e-08,5.5218e-07,1.1601e-06,1.8828e-06,2.7089e-06,3.6272e-06,4.6264e-06,5.696e-06,6.8259e-06,8.0065e-06,9.2291e-06,1.0485e-05,1.1767e-05,1.3068e-05,1.438e-05,1.5699e-05,1.7017e-05,1.8329e-05,1.9631e-05,2.0916e-05,2.218e-05,2.3418e-05,2.4625e-05,2.5798e-05,2.693e-05,2.8019e-05,2.9058e-05,3.0045e-05,3.0973e-05,3.1839e-05,3.2639e-05,3.3367e-05,3.4019e-05,3.4592e-05,3.5081e-05,3.5482e-05,3.5792e-05,3.6007e-05,3.6125e-05,3.6142e-05,3.6056e-05,3.5866e-05,3.557e-05,3.5168e-05,3.466e-05,3.4047e-05,3.3331e-05,3.2513e-05,3.1597e-05,3.0587e-05,2.9487e-05,2.8304e-05,2.7043e-05,2.5713e-05,2.432e-05,2.2874e-05,2.1384e-05,1.986e-05,1.8313e-05,1.6754e-05,1.5194e-05,1.3645e-05,1.2118e-05,1.0625e-05,9.1788e-06,7.7897e-06,6.4692e-06,5.2282e-06,4.0769e-06,3.0248e-06,2.0805e-06,1.2519e-06,5.4564e-07,-3.3062e-08,-4.8049e-07,-7.9497e-07,-9.7742e-07,-1.0323e-06,-9.6902e-07,-8.0454e-07,-5.6729e-07,-3.0335e-07,-8.3551e-08,0
0,-3.2189e-07,-7.7315e-07,-1.0572e-06,-9.9564e-07,-4.9357e-07,4.8966e-07,1.9608e-06,3.9059e-06,6.2986e-06,9.1057e-06,1.229e-05,1.5814e-05,1.9638e-05,2.3726e-05,2.804e-05,3.2546e-05,3.7212e-05,4.2006e-05,4.69e-05,5.1866e-05,5.688e-05,6.1916e-05,6.6951e-05,7.1965e-05,7.6937e-05,8.1846e-05,8.6674e-05,9.1402e-05,9.6011e-05,0.00010048,0.0001048,0.00010895,0.00011291,0.00011666,0.00012019,0.00012348,0.00012651,0.00012926,0.00013173,0.00013389,0.00013573,0.00013723,0.00013839,0.00013918,0.0001396,0.00013964,0.00013929,0.00013855,0.0001374,0.00013586,0.00013392,0.00013158,0.00012885,0.00012574,0.00012226,0.00011843,0.00011426,0.00010978,0.00010501,9.9977e-05,9.4713e-05,8.9249e-05,8.3621e-05,7.7866e-05,7.2023e-05,6.6133e-05,6.0238e-05,5.4381e-05,4.8606e-05,4.2956e-05,3.7473e-05,3.2201e-05,2.7181e-05,2.2452e-05,1.8051e-05,1.4013e-05,1.0368e-05,7.1458e-06,4.3677e-06,2.0518e-06,2.0931e-07,-1.1564e-06,-2.052e-06,-2.4971e-06,-2.5287e-06,-2.2077e-06,-1.6278e-06,-9.2789e-07,-3.0265e-07,0
0,-4.8901e-07,-1.061e-06,-1.2179e-06,-6.5093e-07,8.1362e-07,3.2568e-06,6.6977e-06,1.1115e-05,1.6461e-05,2.2673e-05,2.9679e-05,3.7402e-05,4.5764e-05,5.4688e-05,6.4098e-05,7.3922e-05,8.4091e-05,9.4539e-05,0.0001052,0.00011603,0.00012695,0.00013792,0.0001489,0.00015983,0.00017066,0.00018136,0.00019187,0.00020217,0.00021221,0.00022194,0.00023134,0.00024036,0.00024897,0.00025712,0.00026478,0.00027191,0.00027848,0.00028445,0.00028978,0.00029445,0.00029841,0.00030165,0.00030412,0.00030581,0.00030669,0.00030675,0.00030596,0.00030431,0.0003018,0.00029842,0.00029419,0.00028909,0.00028316,0.00027641,0.00026886,0.00026055,0.00025152,0.00024182,0.0002315,0.00022061,0.00020922,0.0001974,0.00018523,0.00017278,0.00016015,0.00014741,0.00013465,0.00012198,0.00010947,9.7227e-05,8.5337e-05,7.3891e-05,6.2977e-05,5.2676e-05,4.3069e-05,3.4227e-05,2.6216e-05,1.9092e-05,1.2903e-05,7.6835e-06,3.4547e-06,2.2045e-07,-2.0364e-06,-3.3596e-06,-3.8272e-06,-3.5619e-06,-2.7445e-06,-1.6304e-06,-5.663e-07,0
0,-5.5734e-07,-1.0052e-06,-6.5557e-07,9.2723e-07,3.9961e-06,8.6742e-06,1.4994e-05,2.2925e-05,3.2397e-05,4.3311e-05,5.5553e-05,6.9001e-05,8.3527e-05,9.9005e-05,0.00011531,0.00013232,0.00014991,0.00016799,0.00018644,0.00020515,0.00022405,0.00024302,0.000262,0.00028089,0.00029963,0.00031812,0.0003363,0.00035409,0.00037143,0.00038825,0.00040448,0.00042005,0.0004349,0.00044895,0.00046216,0.00047444,0.00048575,0.00049602,0.00050519,0.00051319,0.00051999,0.00052552,0.00052975,0.00053261,0.00053409,0.00053413,0.00053273,0.00052985,0.00052549,0.00051964,0.00051232,0.00050352,0.00049329,0.00048165,0.00046866,0.00045436,0.00043883,0.00042214,0.00040439,0.00038568,0.00036611,0.00034581,0.00032489,0.00030351,0.00028179,0.0002599,0.00023797,0.00021617,0.00019465,0.00017357,0.00015308,0.00013333,0.00011448,9.6657e-05,8e-05,6.4629e-05,5.0652e-05,3.8163e-05,2.7241e-05,1.794e-05,1.0294e-05,4.307e-06,-5.3201e-08,-2.8604e-06,-4.2423e-06,-4.3938e-06,-3.5939e-06,-2.2273e-06,-8.0692e-07,0
0,-4.9531e-07,-5.0536e-07,8.1621e-07,4.0146e-06,9.4123e-06,1.7169e-05,2.7326e-05,3.9843e-05,5.462e-05,7.1521e-05,9.0383e-05,0.00011103,0.00013328,0.00015695,0.00018185,0.0002078,0.00023464,0.0002622,0.00029032,0.00031884,0.00034763,0.00037654,0.00040545,0.00043422,0.00046275,0.00049091,0.00051859,0.00054568,0.00057207,0.00059766,0.00062234,0.00064602,0.00066859,0.00068995,0.00071,0.00072865,0.00074581,0.00076138,0.00077526,0.00078739,0.00079766,0.00080602,0.00081238,0.00081668,0.00081886,0.00081888,0.0008167,0.00081228,0.00080562,0.00079671,0.00078556,0.0007722,0.00075666,0.00073899,0.00071928,0.0006976,0.00067405,0.00064877,0.00062188,0.00059353,0.00056389,0.00053313,0.00050146,0.00046906,0.00043616,0.00040298,0.00036974,0.00033668,0.00030403,0.00027202,0.00024088,0.00021085,0.00018214,0.00015495,0.00012949,0.00010594,8.4445e-05,6.5159e-05,4.819e-05,3.3619e-05,2.1492e-05,1.1812e-05,4.5322e-06,-4.5514e-07,-3.3319e-06,-4.3702e-06,-3.9522e-06,-2.5956e-06,-9.8321e-07,0
0,-2.8985e-07,4.8893e-07,3.2995e-06,8.7707e-06,1.7278e-05,2.9005e-05,4.3997e-05,6.2194e-05,8.3465e-05,0.00010763,0.00013447,0.00016375,0.00019523,0.00022866,0.00026379,0.00030037,0.00033817,0.00037696,0.00041653,0.00045666,0.00049715,0.00053781,0.00057846,0.00061892,0.00065902,0.0006986,0.0007375,0.00077556,0.00081264,0.00084858,0.00088324,0.00091647,0.00094815,0.00097811,0.0010062,0.0010324,0.0010564,0.0010782,0.0010977,0.0011146,0.001129,0.0011406,0.0011495,0.0011555,0.0011585,0.0011584,0.0011553,0.0011491,0.0011397,0.0011272,0.0011116,0.0010928,0.001071,0.0010463,0.0010187,0.00098833,0.00095539,0.00092001,0.00088239,0.00084273,0.00080127,0.00075824,0.00071393,0.00066861,0.00062257,0.00057612,0.00052958,0.00048326,0.00043749,0.00039259,0.00034888,0.00030667,0.00026627,0.00022796,0.00019201,0.00015867,0.00012816,0.00010067,7.634e-05,5.5296e-05,3.7594e-05,2.3239e-05,1.2166e-05,4.2344e-06,-7.9359e-07,-3.2677e-06,-3.6734e-06,-2.6594e-06,-1.0723e-06,0
0,6.2426e-08,1.9977e-06,6.8419e-06,1.5277e-05,2.7708e-05,4.433e-05,6.5177e-05,9.0165e-05,0.00011912,0.00015182,0.00018798,0.0002273,0.00026948,0.00031419,0.00036111,0.00040992,0.00046033,0.00051203,0.00056474,0.00061817,0.00067208,0.00072621,0.00078031,0.00083414,0.0008875,0.00094015,0.00099188,0.0010425,0.0010918,0.0011396,0.0011856,0.0012298,0.0012719,0.0013117,0.001349,0.0013837,0.0014156,0.0014445,0.0014703,0.0014927,0.0015117,0.0015272,0.0015389,0.0015467,0.0015507,0.0015506,0.0015464,0.0015381,0.0015257,0.001509,0.0014883,0.0014634,0.0014345,0.0014017,0.0013652,0.0013249,0.0012813,0.0012344,0.0011846,0.0011321,0.0010772,0.0010202,0.00096151,0.00090146,0.00084044,0.00077887,0.00071714,0.00065568,0.00059491,0.00053526,0.00047714,0.00042096,0.00036712,0.00031598,0.00026791,0.00022322,0.0001822,0.0001451,0.00011211,8.3379e-05,5.8984e-05,3.8934e-05,2.3151e-05,1.146e-05,3.5698e-06,-9.4513e-07,-2.6692e-06,-2.3756e-06,-1.0628e-06,0
0,5.5994e-07,4.0235e-06,1.1457e-05,2.3561e-05,4.0749e-05,6.3207e-05,9.0946e-05,0.00012384,0.00016168,0.00020417,0.00025097,0.00030172,0.00035602,0.00041348,0.00047371,0.00053631,0.0006009,0.00066711,0.00073457,0.00080295,0.00087191,0.00094112,0.0010103,0.0010791,0.0011473,0.0012146,0.0012807,0.0013454,0.0014083,0.0014694,0.0015282,0.0015846,0.0016383,0.001689,0.0017367,0.0017809,0.0018216,0.0018585,0.0018913,0.0019199,0.0019441,0.0019637,0.0019786,0.0019886,0.0019936,0.0019935,0.0019881,0.0019775,0.0019617,0.0019405,0.001914,0.0018824,0.0018456,0.0018038,0.0017573,0.0017061,0.0016506,0.001591,0.0015275,0.0014607,0.0013908,0.0013183,0.0012435,0.0011671,0.0010893,0.0010109,0.00093217,0.00085377,0.00077621,0.00070002,0.00062572,0.00055383,0.00048485,0.00041923,0.00035744,0.00029986,0.00024687,0.00019876,0.00015579,0.00011815,8.5919e-05,5.9128e-05,3.7684e-05,2.1381e-05,9.8779e-06,2.6795e-06,-8.9158e-07,-1.7232e-06,-9.5031e-07,0
0,1.1987e-06,6.5587e-06,1.7136e-05,3.362e-05,5.6404e-05,8.5645e-05,0.00012131,0.00016324,0.00021115,0.00026469,0.00032344,0.00038697,0.0004548,0.00052645,0.00060146,0.00067934,0.00075964,0.00084189,0.00092567,0.0010105,0.0010961,0.001182,0.0012678,0.0013531,0.0014377,0.0015211,0.001603,0.0016831,0.0017612,0.0018368,0.0019096,0.0019795,0.002046,0.0021088,0.0021678,0.0022226,0.0022729,0.0023185,0.0023591,0.0023945,0.0024245,0.0024487,0.0024672,0.0024795,0.0024857,0.0024855,0.0024789,0.0024659,0.0024462,0.0024201,0.0023874,0.0023484,0.002303,0.0022514,0.002194,0.0021308,0.0020623,0.0019886,0.0019104,0.0018278,0.0017415,0.0016519,0.0015596,0.001465,0.0013689,0.0012719,0.0011745,0.0010774,0.00098136,0.0008869,0.0007947,0.0007054,0.0006196,0.00053788,0.00046078,0.0003888,0.00032236,0.00026186,0.00020759,0.00015978,0.00011857,8.3966e-05,5.5882e-05,3.4088e-05,1.8196e-05,7.6471e-06,1.6804e-06,-6.951e-07,-7.3466e-07,0
0,1.9736e-06,9.5906e-06,2.386e-05,4.5428e-05,7.4643e-05,0.00011161,0.00015625,0.00020832,0.00026749,0.00033331,0.00040531,0.00048295,0.00056568,0.00065294,0.00074417,0.00083879,0.00093626,0.0010361,0.0011376,0.0012405,0.0013442,0.0014482,0.0015521,0.0016554,0.0017578,0.0018588,0.0019579,0.0020549,0.0021493,0.0022408,0.0023289,0.0024134,0.0024938,0.0025698,0.0026411,0.0027074,0.0027682,0.0028234,0.0028725,0.0029153,0.0029515,0.0029808,0.0030031,0.0030181,0.0030256,0.0030254,0.0030176,0.0030018,0.0029782,0.0029467,0.0029074,0.0028604,0.0028057,0.0027436,0.0026744,0.0025983,0.0025156,0.0024269,0.0023325,0.002233,0.0021288,0.0020207,0.0019093,0.0017952,0.0016791,0.0015618,0.0014441,0.0013267,0.0012104,0.001096,0.00098417,0.00087579,0.00077154,0.0006721,0.00057812,0.0004902,0.00040886,0.00033455,0.00026765,0.00020842,0.00015704,0.00011353,7.7814e-05,4.9627e-05,2.8552e-05,1.3972e-05,5.0503e-06,7.0707e-07,-4.1784e-07,0
0,2.8794e-06,1.3104e-05,3.1602e-05,5.8948e-05,9.5419e-05,0.00014105,0.00019569,0.00025901,0.0003306,0.00040995,0.00049647,0.00058954,0.00068852,0.00079277,0.00090161,0.0010144,0.0011305,0.0012493,0.0013701,0.0014924,0.0016157,0.0017393,0.0018627,0.0019855,0.002107,0.0022269,0.0023447,0.0024598,0.0025719,0.0026804,0.0027851,0.0028853,0.0029807,0.003071,0.0031556,0.0032342,0.0033064,0.0033718,0.0034301,0.0034809,0.0035239,0.0035588,0.0035853,0.0036032,0.0036122,0.0036122,0.003603,0.0035845,0.0035567,0.0035196,0.0034732,0.0034177,0.0033531,0.0032797,0.0031979,0.0031079,0.0030102,0.0029053,0.0027936,0.0026759,0.0025526,0.0024246,0.0022926,0.0021574,0.0020198,0.0018807,0.001741,0.0016016,0.0014634,0.0013273,0.0011943,0.0010652,0.00094081,0.00082204,0.00070961,0.00060422,0.00050649,0.00041696,0.00033607,0.00026415,0.0002014,0.00014789,0.00010351,6.8019e-05,4.0953e-05,2.1651e-05,9.2117e-06,2.477e-06,-2.9969e-09,0
0,3.9105e-06,1.7082e-05,4.0332e-05,7.4136e-05,0.00011867,0.00017389,0.00023954,0.00031521,0.00040039,0.00049447,0.00059676,0.00070657,0.00082314,0.00094572,0.0010736,0.0012059,0.001342,0.0014812,0.0016227,0.0017659,0.0019101,0.0020547,0.0021991,0.0023426,0.0024848,0.0026249,0.0027626,0.0028971,0.0030281,0.003155,0.0032772,0.0033944,0.0035059,0.0036114,0.0037102,0.0038021,0.0038865,0.003963,0.0040312,0.0040907,0.004141,0.0041819,0.004213,0.0042341,0.0042448,0.004245,0.0042345,0.0042133,0.0041811,0.0041381,0.0040843,0.0040197,0.0039447,0.0038595,0.0037643,0.0036596,0.0035459,0.0034238,0.0032937,0.0031565,0.0030129,0.0028636,0.0027096,0.0025518,0.0023912,0.0022287,0.0020654,0.0019024,0.0017406,0.0015813,0.0014253,0.0012738,0.0011277,0.00098792,0.00085544,0.00073103,0.00061541,0.00050922,0.00041297,0.00032705,0.00025172,0.00018706,0.000133,8.9267e-05,5.5394e-05,3.0674e-05,1.4154e-05,4.6065e-06,5.0633e-07,0
0,5.0621e-06,2.1508e-05,5.002e-05,9.0944e-05,0.00014435,0.00021006,0.00028772,0.00037681,0.00047672,0.00058673,0.00070604,0.00083386,0.00096932,0.0011116,0.0012597,0.001413,0.0015705,0.0017315,0.0018951,0.0020605,0.0022271,0.0023941,0.0025607,0.0027264,0.0028904,0.0030521,0.0032109,0.0033662,0.0035173,0.0036636,0.0038047,0.0039398,0.0040685,0.0041902,0.0043043,0.0044104,0.0045078,0.0045962,0.0046749,0.0047437,0.0048019,0.0048493,0.0048855,0.0049101,0.0049228,0.0049234,0.0049117,0.0048876,0.004851,0.0048018,0.0047403,0.0046664,0.0045804,0.0044826,0.0043735,0.0042533,0.0041227,0.0039823,0.0038328,0.003675,0.0035098,0.003338,0.0031606,0.0029788,0.0027936,0.0026062,0.0024177,0.0022294,0.0020424,0.0018581,0.0016775,0.0015019,0.0013323,0.00117,0.0010158,0.00087082,0.00073579,0.00061146,0.00049845,0.0003972,0.00030804,0.00023108,0.00016628,0.00011337,7.1865e-05,4.1028e-05,1.9863e-05,7.0869e-06,1.1067e-06,0
0,6.3294e-06,2.6368e-05,6.0635e-05,0.00010933,0.00017237,0.00024946,0.00034012,0.0004437,0.00055946,0.00068657,0.00082414,0.00097122,0.0011269,0.0012901,0.0014599,0.0016355,0.0018157,0.0019998,0.0021868,0.0023759,0.0025662,0.0027568,0.0029471,0.0031362,0.0033234,0.003508,0.0036892,0.0038664,0.0040388,0.0042058,0.0043668,0.004521,0.0046679,0.0048068,0.0049372,0.0050583,0.0051696,0.0052706,0.0053607,0.0054394,0.0055062,0.0055607,0.0056023,0.0056308,0.0056458,0.005647,0.0056342,0.0056073,0.0055661,0.0055108,0.0054412,0.0053576,0.0052603,0.0051494,0.0050256,0.0048892,0.0047409,0.0045813,0.0044114,0.0042319,0.0040438,0.0038481,0.0036461,0.0034388,0.0032276,0.0030136,0.0027984,0.0025831,0.0023693,0.0021582,0.0019513,0.0017499,0.0015552,0.0013686,0.0011911,0.0010239,0.00086783,0.00072386,0.00059263,0.0004747,0.00037043,0.00028,0.00020339,0.00014034,9.0363e-05,5.2705e-05,2.6331e-05,9.9107e-06,1.7951e-06,0
0,7.708e-06,3.1646e-05,7.2148e-05,0.00012924,0.00020268,0.00029202,0.00039664,0.00051575,0.00064847,0.00079385,0.00095086,0.0011185,0.0012955,0.001481,0.0016739,0.001873,0.0020773,0.0022859,0.0024976,0.0027116,0.0029269,0.0031426,0.0033578,0.0035717,0.0037834,0.003992,0.0041969,0.0043972,0.0045921,0.004781,0.004963,0.0051374,0.0053036,0.0054608,0.0056083,0.0057454,0.0058715,0.005986,0.0060882,0.0061776,0.0062535,0.0063155,0.0063632,0.006396,0.0064136,0.0064157,0.006402,0.0063724,0.0063267,0.006265,0.0061873,0.0060937,0.0059845,0.0058602,0.0057211,0.0055677,0.0054009,0.0052213,0.0050299,0.0048276,0.0046155,0.0043947,0.0041666,0.0039325,0.0036937,0.0034517,0.003208,0.0029642,0.0027217,0.0024822,0.0022472,0.0020183,0.0017967,0.001584,0.0013815,0.0011904,0.0010118,0.00084662,0.00069571,0.00055968,0.00043899,0.00033388,0.00024435,0.00017019,0.00011089,6.5699e-05,3.355e-05,1.3073e-05,2.5693e-06,0
0,9.194e-06,3.7329e-05,8.4531e-05,0.00015063,0.00023522,0.00033766,0.00045718,0.00059283,0.00074361,0.0009084,0.0010861,0.0012754,0.0014752,0.0016842,0.0019013,0.0021253,0.002355,0.0025893,0.0028272,0.0030674,0.003309,0.0035511,0.0037925,0.0040324,0.0042698,0.0045038,0.0047336,0.0049582,0.0051769,0.0053887,0.0055929,0.0057886,0.0059751,0.0061516,0.0063172,0.0064713,0.0066131,0.0067419,0.006857,0.0069578,0.0070436,0.0071138,0.007168,0.0072056,0.0072263,0.0072296,0.0072152,0.0071831,0.0071329,0.0070648,0.0069788,0.006875,0.0067538,0.0066154,0.0064605,0.0062897,0.0061036,0.0059031,0.0056892,0.0054631,0.0052258,0.0049787,0.0047231,0.0044607,0.0041928,0.0039212,0.0036474,0.0033733,0.0031005,0.0028309,0.002566,0.0023076,0.0020574,0.0018169,0.0015876,0.0013709,0.001168,0.00098003,0.00080788,0.00065231,0.00051385,0.00039281,0.00028924,0.00020295,0.00013347,8.0017e-05,4.152e-05,1.6571e-05,3.4277e-06,0
0,1.0784e-05,4.3404e-05,9.7759e-05,0.00017347,0.00026992,0.0003863,0.00052164,0.00067485,0.00084474,0.0010301,0.0012295,0.0014418,0.0016655,0.0018993,0.002142,0.0023921,0.0026485,0.0029099,0.0031751,0.0034429,0.0037122,0.0039818,0.0042507,0.0045179,0.0047823,0.0050429,0.0052988,0.005549,0.0057925,0.0060285,0.006256,0.0064742,0.0066821,0.0068789,0.0070637,0.0072357,0.0073941,0.0075382,0.007667,0.00778,0.0078764,0.0079555,0.0080169,0.0080598,0.008084,0.0080889,0.0080742,0.0080397,0.0079853,0.0079108,0.0078164,0.0077023,0.0075687,0.007416,0.0072448,0.0070558,0.0068497,0.0066276,0.0063903,0.0061393,0.0058757,0.005601,0.0053167,0.0050244,0.004726,0.0044231,0.0041177,0.0038115,0.0035066,0.003205,0.0029084,0.0026188,0.002338,0.0020678,0.0018099,0.0015658,0.0013369,0.0011244,0.00092943,0.00075281,0.00059518,0.00045691,0.00033813,0.00023869,0.00015812,9.5674e-05,5.0245e-05,2.0404e-05,4.3699e-06,0
0,1.2474e-05,4.986e-05,0.00011181,0.00019771,0.00030673,0.00043785,0.00058993,0.00076168,0.00095174,0.0011587,0.0013811,0.0016175,0.0018663,0.0021262,0.0023957,0.0026733,0.0029576,0.0032474,0.0035412,0.0038378,0.004136,0.0044345,0.0047322,0.0050279,0.0053205,0.005609,0.0058922,0.0061692,0.0064388,0.0067001,0.0069521,0.0071938,0.0074242,0.0076425,0.0078475,0.0080385,0.0082145,0.0083747,0.0085182,0.0086442,0.008752,0.0088408,0.0089099,0.0089589,0.0089871,0.008994,0.0089794,0.0089429,0.0088843,0.0088036,0.0087009,0.0085763,0.0084302,0.0082628,0.008075,0.0078672,0.0076406,0.0073959,0.0071345,0.0068575,0.0065665,0.0062629,0.0059485,0.0056251,0.0052945,0.0049587,0.0046198,0.0042799,0.0039411,0.0036055,0.0032753,0.0029525,0.0026393,0.0023375,0.002049,0.0017756,0.0015189,0.0012802,0.0010607,0.00086146,0.00068318,0.00052634,0.00039114,0.00027747,0.00018491,0.0001127,5.9739e-05,2.4579e-05,5.3963e-06,0
0,1.4263e-05,5.6685e-05,0.00012665,0.00022331,0.00034559,0.00049226,0.00066196,0.00085321,0.0010645,0.0012942,0.0015406,0.0018023,0.0020775,0.0023646,0.0026621,0.0029684,0.003282,0.0036013,0.0039251,0.0042518,0.0045801,0.0049088,0.0052365,0.0055621,0.0058842,0.0062017,0.0065136,0.0068185,0.0071154,0.0074032,0.0076809,0.0079473,0.0082014,0.0084421,0.0086685,0.0088795,0.0090742,0.0092515,0.0094106,0.0095505,0.0096705,0.0097698,0.0098475,0.0099031,0.009936,0.0099455,0.0099314,0.0098932,0.0098309,0.0097442,0.0096332,0.0094981,0.0093393,0.0091571,0.0089522,0.0087253,0.0084774,0.0082095,0.007923,0.0076191,0.0072995,0.0069659,0.0066201,0.006264,0.0058997,0.0055294,0.0051553,0.0047798,0.0044051,0.0040337,0.0036678,0.0033099,0.0029621,0.0026267,0.0023057,0.0020011,0.0017146,0.0014478,0.0012021,0.0009786,0.00077814,0.00060133,0.00044843,0.00031942,0.00021389,0.00013113,7.0024e-05,2.9102e-05,6.5086e-06,0
0,1.6146e-05,6.3871e-05,0.00014228,0.00025025,0.00038646,0.00054946,0.00073764,0.00094933,0.0011828,0.0014363,0.001708,0.0019961,0.0022988,0.0026144,0.0029411,0.0032773,0.0036213,0.0039716,0.0043265,0.0046846,0.0050444,0.0054045,0.0057635,0.0061201,0.006473,0.0068208,0.0071625,0.0074966,0.0078221,0.0081376,0.0084422,0.0087345,0.0090134,0.0092778,0.0095266,0.0097587,0.0099731,0.010169,0.010344,0.010499,0.010632,0.010743,0.01083,0.010893,0.010931,0.010944,0.010931,0.010892,0.010826,0.010733,0.010614,0.010469,0.010297,0.0101,0.0098778,0.0096313,0.0093617,0.0090699,0.0087575,0.0084258,0.0080765,0.0077116,0.007333,0.0069428,0.0065432,0.0061366,0.0057256,0.0053125,0.0049001,0.0044907,0.0040872,0.003692,0.0033076,0.0029365,0.0025809,0.002243,0.0019247,0.0016279,0.0013541,0.0011046,0.00088038,0.00068211,0.00051019,0.00036466,0.00024517,0.00015103,8.1128e-05,3.3987e-05,7.7094e-06,0
0,1.8122e-05,7.1408e-05,0.00015866,0.00027849,0.00042929,0.00060937,0.00081689,0.00105,0.0013066,0.001585,0.0018829,0.0021986,0.00253,0.0028752,0.0032324,0.0035998,0.0039755,0.0043579,0.0047452,0.0051359,0.0055284,0.0059212,0.0063128,0.0067017,0.0070866,0.007466,0.0078387,0.0082033,0.0085586,0.0089031,0.0092357,0.0095551,0.0098601,0.010149,0.010422,0.010676,0.010911,0.011126,0.01132,0.01149,0.011638,0.011761,0.011858,0.011929,0.011974,0.01199,0.011979,0.011939,0.01187,0.011772,0.011646,0.01149,0.011306,0.011093,0.010853,0.010587,0.010295,0.0099788,0.0096397,0.0092792,0.0088993,0.0085019,0.0080891,0.0076632,0.0072268,0.0067822,0.0063324,0.0058799,0.0054275,0.0049783,0.0045349,0.0041002,0.003677,0.0032679,0.0028754,0.0025021,0.00215,0.0018212,0.0015174,0.00124,0.00099027,0.00076899,0.00057665,0.00041336,0.00027885,0.00017246,9.3091e-05,3.9249e-05,9.0026e-06,0
0,2.0188e-05,7.9287e-05,0.00017579,0.000308,0.00047404,0.00067194,0.00089964,0.001155,0.0014359,0.00174,0.0020654,0.0024097,0.002771,0.003147,0.0035359,0.0039356,0.0043442,0.0047599,0.0051809,0.0056055,0.006032,0.0064587,0.0068841,0.0073066,0.0077247,0.008137,0.0085421,0.0089384,0.0093247,0.0096994,0.010061,0.010409,0.010741,0.011057,0.011354,0.011632,0.011889,0.012124,0.012337,0.012525,0.012687,0.012823,0.012932,0.013012,0.013064,0.013085,0.013076,0.013036,0.012965,0.012863,0.012728,0.012563,0.012366,0.012138,0.011881,0.011594,0.011279,0.010938,0.010571,0.010181,0.0097697,0.0093386,0.0088903,0.0084274,0.0079524,0.0074681,0.0069775,0.0064835,0.0059893,0.0054979,0.0050124,0.0045359,0.0040715,0.0036222,0.0031906,0.0027795,0.0023914,0.0020284,0.0016925,0.0013853,0.0011083,0.00086233,0.00064807,0.00046572,0.00031508,0.00019551,0.00010596,4.4909e-05,1.0393e-05,0
0,2.2343e-05,8.7502e-05,0.00019364,0.00033874,0.00052066,0.00073712,0.00098581,0.0012643,0.0015703,0.0019014,0.0022552,0.0026293,0.0030215,0.0034295,0.0038512,0.0042845,0.0047272,0.0051775,0.0056334,0.0060931,0.0065548,0.0070167,0.0074771,0.0079345,0.0083872,0.0088336,0.0092723,0.0097016,0.01012,0.010526,0.010919,0.011296,0.011657,0.012,0.012323,0.012626,0.012906,0.013163,0.013396,0.013602,0.013781,0.013931,0.014053,0.014143,0.014203,0.01423,0.014224,0.014185,0.014112,0.014005,0.013864,0.013688,0.013479,0.013237,0.012961,0.012654,0.012317,0.01195,0.011555,0.011134,0.01069,0.010224,0.0097389,0.0092373,0.0087221,0.0081963,0.007663,0.0071256,0.0065872,0.0060514,0.0055214,0.0050008,0.0044928,0.0040007,0.0035276,0.0030763,0.0026498,0.0022503,0.0018801,0.0015412,0.0012349,0.00096253,0.00072478,0.00052197,0.000354,0.00022029,0.0001198,5.0994e-05,1.1888e-05,0
0,2.4584e-05,9.6044e-05,0.0002122,0.00037071,0.00056911,0.00080485,0.0010753,0.0013779,0.00171,0.0020689,0.0024521,0.0028571,0.0032814,0.0037225,0.0041782,0.0046462,0.0051243,0.0056104,0.0061024,0.0065984,0.0070965,0.0075949,0.0080917,0.0085852,0.0090737,0.0095555,0.010029,0.010493,0.010945,0.011384,0.011808,0.012217,0.012608,0.012979,0.01333,0.013658,0.013964,0.014244,0.014497,0.014723,0.014919,0.015086,0.01522,0.015322,0.015391,0.015425,0.015423,0.015386,0.015312,0.015201,0.015053,0.014869,0.014648,0.01439,0.014097,0.01377,0.013409,0.013016,0.012592,0.012141,0.011662,0.01116,0.010637,0.010095,0.0095383,0.0089691,0.0083912,0.0078081,0.0072233,0.0066407,0.0060639,0.0054966,0.0049424,0.004405,0.0038877,0.0033938,0.0029263,0.002488,0.0020812,0.0017082,0.0013707,0.0010701,0.00080713,0.00058239,0.00039582,0.00024692,0.00013466,5.7533e-05,1.3493e-05,0
0,2.6909e-05,0.00010491,0.00023145,0.00040386,0.00061935,0.00087506,0.0011681,0.0014956,0.0018547,0.0022425,0.0026562,0.0030931,0.0035505,0.0040259,0.0045167,0.0050206,0.0055352,0.0060583,0.0065877,0.0071213,0.007657,0.0081931,0.0087275,0.0092583,0.0097839,0.010302,0.010812,0.011311,0.011799,0.012272,0.01273,0.01317,0.013592,0.013994,0.014373,0.014729,0.01506,0.015365,0.015641,0.015888,0.016103,0.016286,0.016436,0.016551,0.016629,0.016671,0.016675,0.01664,0.016566,0.016452,0.016299,0.016106,0.015873,0.015601,0.01529,0.014942,0.014558,0.014138,0.013686,0.013202,0.012689,0.01215,0.011587,0.011004,0.010403,0.0097889,0.0091643,0.0085333,0.0078999,0.0072681,0.0066418,0.0060252,0.0054222,0.0048368,0.0042726,0.0037333,0.0032222,0.0027424,0.0022967,0.0018874,0.0015164,0.0011855,0.00089554,0.00064727,0.00044075,0.00027553,0.00015064,6.4561e-05,1.5219e-05,0
0,2.9317e-05,0.00011408,0.00025138,0.00043817,0.00067134,0.00094771,0.0012641,0.0016174,0.0020043,0.0024219,0.0028671,0.003337,0.0038287,0.0043394,0.0048665,0.0054075,0.0059597,0.006521,0.0070889,0.0076613,0.008236,0.0088109,0.0093841,0.0099537,0.010518,0.011074,0.011621,0.012158,0.012681,0.01319,0.013682,0.014157,0.014611,0.015044,0.015454,0.015839,0.016197,0.016528,0.016828,0.017097,0.017333,0.017534,0.0177,0.017828,0.017919,0.017969,0.017979,0.017948,0.017875,0.01776,0.017602,0.017401,0.017157,0.016871,0.016543,0.016174,0.015766,0.01532,0.014838,0.014321,0.013773,0.013196,0.012592,0.011966,0.01132,0.010658,0.0099848,0.0093038,0.0086193,0.0079357,0.0072574,0.0065887,0.0059341,0.0052977,0.0046838,0.0040963,0.0035389,0.0030149,0.0025275,0.0020794,0.0016727,0.0013093,0.00099045,0.00071695,0.00048901,0.00030628,0.00016782,7.2117e-05,1.7075e-05,0
0,3.1805e-05,0.00012356,0.00027197,0.00047362,0.00072505,0.0010228,0.0013633,0.0017431,0.0021588,0.0026072,0.0030849,0.0035887,0.0041157,0.0046629,0.0052274,0.0058065,0.0063976,0.0069982,0.0076058,0.0082182,0.008833,0.0094481,0.010061,0.010671,0.011275,0.01187,0.012456,0.013031,0.013592,0.014138,0.014666,0.015176,0.015664,0.01613,0.016572,0.016987,0.017374,0.017732,0.018058,0.01835,0.018608,0.018829,0.019013,0.019157,0.01926,0.019321,0.019339,0.019313,0.019242,0.019125,0.018963,0.018755,0.018501,0.018201,0.017856,0.017467,0.017036,0.016563,0.016051,0.015501,0.014916,0.0143,0.013654,0.012983,0.01229,0.01158,0.010855,0.010122,0.009384,0.008646,0.0079128,0.0071893,0.00648,0.0057898,0.0051232,0.0044844,0.0038777,0.0033067,0.0027748,0.0022852,0.0018403,0.0014422,0.0010924,0.00079181,0.00054088,0.00033933,0.00018629,8.0246e-05,1.9072e-05,0
0,3.4373e-05,0.00013334,0.00029321,0.00051018,0.00078043,0.0011001,0.0014655,0.0018727,0.0023181,0.0027981,0.0033092,0.0038481,0.0044114,0.004996,0.005599,0.0062175,0.0068485,0.0074896,0.0081382,0.0087917,0.0094479,0.010104,0.010759,0.01141,0.012054,0.012691,0.013317,0.013931,0.014531,0.015115,0.015681,0.016227,0.016751,0.017252,0.017726,0.018173,0.018591,0.018977,0.019331,0.019649,0.01993,0.020173,0.020375,0.020536,0.020653,0.020726,0.020753,0.020733,0.020666,0.02055,0.020385,0.02017,0.019906,0.019594,0.019233,0.018824,0.018369,0.017869,0.017326,0.016743,0.016121,0.015465,0.014776,0.014059,0.013317,0.012556,0.011779,0.010991,0.010197,0.0094015,0.0086107,0.0078292,0.0070623,0.0063151,0.0055925,0.0048994,0.0042402,0.003619,0.0030398,0.0025059,0.0020201,0.0015848,0.0012018,0.00087225,0.00059665,0.00037489,0.00020616,8.8997e-05,2.1223e-05,0
0,3.7018e-05,0.00014342,0.00031508,0.00054782,0.00083745,0.0011798,0.0015707,0.002006,0.0024819,0.0029945,0.00354,0.0041149,0.0047155,0.0053388,0.0059813,0.0066401,0.0073123,0.007995,0.0086856,0.0093815,0.01008,0.010779,0.011477,0.01217,0.012856,0.013535,0.014202,0.014858,0.015498,0.016122,0.016726,0.01731,0.017872,0.018408,0.018918,0.019398,0.019848,0.020265,0.020647,0.020992,0.021298,0.021564,0.021787,0.021966,0.0221,0.022186,0.022224,0.022212,0.022149,0.022034,0.021867,0.021648,0.021376,0.021051,0.020674,0.020246,0.019768,0.019241,0.018668,0.01805,0.017391,0.016693,0.01596,0.015196,0.014404,0.01359,0.012758,0.011913,0.01106,0.010205,0.0093535,0.008511,0.0076833,0.0068758,0.0060939,0.005343,0.004628,0.0039535,0.0033238,0.0027426,0.0022131,0.001738,0.0013194,0.00095873,0.00065664,0.00041316,0.00022757,9.8425e-05,2.3542e-05,0
0,3.9738e-05,0.00015378,0.00033757,0.00058653,0.00089607,0.0012616,0.0016788,0.0021431,0.0026503,0.0031964,0.0037772,0.004389,0.005028,0.0056908,0.0063739,0.0070742,0.0077886,0.0085141,0.0092479,0.0099873,0.01073,0.011473,0.012214,0.01295,0.013681,0.014402,0.015113,0.01581,0.016492,0.017157,0.017802,0.018426,0.019025,0.019599,0.020145,0.020661,0.021144,0.021593,0.022005,0.022379,0.022712,0.023003,0.023249,0.023448,0.0236,0.023701,0.023751,0.023748,0.023691,0.02358,0.023413,0.023189,0.02291,0.022574,0.022182,0.021735,0.021234,0.020681,0.020077,0.019425,0.018728,0.017988,0.01721,0.016397,0.015553,0.014684,0.013795,0.01289,0.011976,0.011059,0.010144,0.0092372,0.0083453,0.0074741,0.0066295,0.0058173,0.005043,0.0043117,0.0036281,0.0029964,0.0024202,0.0019025,0.0014458,0.0010517,0.00072119,0.00045436,0.00025063,0.00010859,2.6045e-05,0
0,4.2531e-05,0.00016441,0.00036066,0.00062626,0.00095624,0.0013457,0.0017898,0.0022838,0.0028231,0.0034035,0.0040205,0.0046701,0.0053485,0.0060519,0.0067767,0.0075195,0.0082771,0.0090464,0.0098245,0.010609,0.011396,0.012184,0.01297,0.013751,0.014526,0.015292,0.016047,0.016788,0.017513,0.018221,0.018908,0.019572,0.020212,0.020825,0.021409,0.021961,0.02248,0.022962,0.023407,0.023811,0.024173,0.02449,0.02476,0.024982,0.025153,0.025271,0.025335,0.025343,0.025294,0.025187,0.025021,0.024796,0.02451,0.024164,0.023758,0.023293,0.02277,0.022191,0.021556,0.02087,0.020134,0.019352,0.018527,0.017664,0.016768,0.015842,0.014893,0.013927,0.012949,0.011966,0.010984,0.01001,0.0090509,0.0081124,0.0072014,0.0063243,0.0054871,0.0046953,0.0039543,0.0032686,0.0026425,0.0020793,0.0015817,0.0011518,0.00079067,0.00049874,0.00027548,0.00011955,2.8747e-05,0
0,4.5395e-05,0.00017532,0.00038433,0.000667,0.0010179,0.0014318,0.0019035,0.0024279,0.0030002,0.0036157,0.0042698,0.0049583,0.0056769,0.0064218,0.0071892,0.0079756,0.0087775,0.0095918,0.010415,0.011245,0.012078,0.012912,0.013744,0.014572,0.015393,0.016205,0.017005,0.017791,0.018561,0.019312,0.020042,0.020749,0.02143,0.022084,0.022707,0.023298,0.023854,0.024372,0.024851,0.025287,0.02568,0.026025,0.026322,0.026567,0.026759,0.026896,0.026976,0.026997,0.026958,0.026857,0.026694,0.026467,0.026177,0.025822,0.025403,0.024921,0.024377,0.023772,0.023107,0.022387,0.021612,0.020787,0.019915,0.019001,0.01805,0.017066,0.016056,0.015026,0.013981,0.01293,0.011878,0.010833,0.0098027,0.0087932,0.0078121,0.0068661,0.005962,0.005106,0.0043038,0.0035606,0.0028811,0.0022691,0.0017278,0.0012594,0.0008655,0.00054657,0.00030229,0.00013139,3.1667e-05,0
0,4.8329e-05,0.00018649,0.00040857,0.00070871,0.0010811,0.00152,0.00202,0.0025755,0.0031815,0.0038329,0.004525,0.0052531,0.0060129,0.0068003,0.0076113,0.0084422,0.0092895,0.01015,0.01102,0.011896,0.012777,0.013658,0.014537,0.015412,0.01628,0.017139,0.017986,0.018818,0.019634,0.02043,0.021205,0.021956,0.02268,0.023376,0.024041,0.024671,0.025266,0.025822,0.026336,0.026807,0.027231,0.027607,0.027932,0.028203,0.028419,0.028577,0.028674,0.02871,0.028683,0.02859,0.028431,0.028205,0.027911,0.027549,0.027119,0.026621,0.026056,0.025426,0.024732,0.023977,0.023164,0.022295,0.021376,0.02041,0.019402,0.018359,0.017286,0.016189,0.015075,0.013953,0.012828,0.011709,0.010603,0.009519,0.0084638,0.007445,0.00647,0.0055457,0.0046783,0.0038738,0.0031373,0.0024731,0.0018849,0.0013753,0.0009461,0.00059813,0.00033121,0.00014417,3.4825e-05,0
0,5.1329e-05,0.00019791,0.00043336,0.00075136,0.0011457,0.0016102,0.002139,0.0027264,0.0033668,0.004055,0.0047858,0.0055544,0.0063563,0.0071871,0.0080427,0.0089191,0.0098126,0.01072,0.011637,0.012562,0.01349,0.01442,0.015347,0.016271,0.017187,0.018094,0.018989,0.019869,0.020731,0.021574,0.022395,0.023192,0.023961,0.0247,0.025408,0.02608,0.026715,0.02731,0.027862,0.028369,0.028828,0.029236,0.029591,0.02989,0.030131,0.030311,0.030429,0.030482,0.030468,0.030385,0.030233,0.030009,0.029714,0.029346,0.028906,0.028393,0.027809,0.027155,0.026432,0.025643,0.024791,0.023879,0.022911,0.021893,0.020828,0.019723,0.018585,0.017419,0.016234,0.015037,0.013836,0.01264,0.011455,0.010292,0.009159,0.0080632,0.0070131,0.0060162,0.0050796,0.0042097,0.0034123,0.0026923,0.0020538,0.0015,0.0010329,0.00065373,0.00036243,0.00015798,3.8242e-05,0
0,5.4394e-05,0.00020958,0.00045869,0.00079493,0.0012116,0.0017023,0.0022606,0.0028805,0.003556,0.0042817,0.005052,0.0058621,0.0067069,0.007582,0.008483,0.0094058,0.010347,0.011302,0.012267,0.013241,0.014218,0.015197,0.016175,0.017147,0.018113,0.019069,0.020013,0.020942,0.021853,0.022744,0.023612,0.024455,0.025271,0.026056,0.026807,0.027523,0.0282,0.028836,0.029427,0.029972,0.030467,0.03091,0.031297,0.031626,0.031895,0.0321,0.03224,0.032311,0.032313,0.032243,0.032099,0.03188,0.031585,0.031213,0.030764,0.030238,0.029636,0.028959,0.028208,0.027386,0.026495,0.02554,0.024524,0.023452,0.022329,0.021161,0.019956,0.01872,0.017461,0.016187,0.014906,0.013628,0.012362,0.011116,0.0099002,0.0087231,0.0075935,0.0065196,0.0055093,0.0045698,0.0037074,0.0029278,0.0022355,0.0016342,0.0011265,0.00071368,0.00039612,0.0001729,4.1941e-05,0
0,5.7521e-05,0.00022148,0.00048452,0.00083938,0.0012789,0.0017963,0.0023846,0.0030376,0.003749,0.0045129,0.0053236,0.0061757,0.0070643,0.0079845,0.0089318,0.0099019,0.010891,0.011895,0.01291,0.013933,0.014961,0.01599,0.017018,0.018041,0.019058,0.020064,0.021058,0.022036,0.022997,0.023938,0.024855,0.025746,0.026609,0.02744,0.028238,0.028999,0.02972,0.030398,0.031031,0.031615,0.032149,0.032627,0.033049,0.03341,0.033708,0.033941,0.034105,0.034197,0.034217,0.034161,0.034028,0.033815,0.033523,0.033149,0.032694,0.032156,0.031538,0.030839,0.030061,0.029206,0.028278,0.02728,0.026215,0.025089,0.023907,0.022676,0.021402,0.020093,0.018757,0.017403,0.01604,0.014678,0.013325,0.011993,0.01069,0.0094271,0.0082133,0.0070579,0.0059693,0.0049557,0.004024,0.0031806,0.0024308,0.0017786,0.0012272,0.00077832,0.0004325,0.00018903,4.5945e-05,0
0,6.0708e-05,0.00023362,0.00051085,0.00088468,0.0013475,0.001892,0.002511,0.0031978,0.0039456,0.0047484,0.0056002,0.0064953,0.0074284,0.0083945,0.0093889,0.010407,0.011445,0.012498,0.013564,0.014638,0.015716,0.016797,0.017876,0.018951,0.020019,0.021077,0.022122,0.023152,0.024163,0.025154,0.026121,0.027062,0.027974,0.028853,0.029698,0.030505,0.031272,0.031995,0.032671,0.033297,0.03387,0.034387,0.034845,0.03524,0.03557,0.035832,0.036022,0.036139,0.036179,0.036139,0.036019,0.035815,0.035527,0.035154,0.034694,0.034147,0.033513,0.032794,0.031991,0.031105,0.03014,0.029099,0.027985,0.026805,0.025564,0.024268,0.022924,0.021541,0.020126,0.01869,0.017241,0.01579,0.014348,0.012925,0.011531,0.010178,0.008875,0.0076331,0.0064616,0.0053691,0.0043636,0.0034521,0.0026407,0.0019341,0.0013358,0.00084803,0.00047176,0.00020646,5.028e-05,0
0,6.3953e-05,0.00024597,0.00053766,0.00093079,0.0014173,0.0019895,0.0026397,0.0033607,0.0041457,0.0049881,0.0058816,0.0068204,0.0077988,0.0088116,0.0098539,0.010921,0.012009,0.013113,0.014229,0.015354,0.016485,0.017618,0.018749,0.019876,0.020997,0.022107,0.023204,0.024286,0.02535,0.026392,0.02741,0.028402,0.029363,0.030293,0.031186,0.032042,0.032855,0.033624,0.034345,0.035014,0.035629,0.036187,0.036683,0.037115,0.037479,0.037772,0.037991,0.038133,0.038195,0.038175,0.03807,0.037878,0.037597,0.037226,0.036763,0.036209,0.035562,0.034825,0.033997,0.033082,0.032081,0.030997,0.029836,0.028602,0.027301,0.025939,0.024524,0.023065,0.02157,0.020048,0.018511,0.016969,0.015433,0.013914,0.012425,0.010977,0.0095806,0.0082475,0.0069879,0.0058116,0.0047275,0.0037435,0.0028662,0.0021012,0.0014526,0.00092318,0.00051414,0.0002253,5.4975e-05,0
0,6.7252e-05,0.00025853,0.00056492,0.0009777,0.0014883,0.0020886,0.0027705,0.0035265,0.0043492,0.0052318,0.0061678,0.0071508,0.0081752,0.0092355,0.010326,0.011443,0.012581,0.013736,0.014905,0.016082,0.017265,0.018451,0.019636,0.020816,0.02199,0.023153,0.024304,0.025439,0.026555,0.02765,0.02872,0.029763,0.030777,0.031757,0.032701,0.033605,0.034467,0.035284,0.036051,0.036766,0.037424,0.038024,0.03856,0.03903,0.039431,0.039758,0.040008,0.040178,0.040265,0.040267,0.040179,0.040001,0.039729,0.039362,0.0389,0.03834,0.037683,0.036929,0.03608,0.035136,0.0341,0.032976,0.031768,0.03048,0.029119,0.027691,0.026204,0.024667,0.023089,0.021481,0.019852,0.018215,0.016582,0.014965,0.013375,0.011827,0.010332,0.008903,0.0075502,0.0062851,0.0051174,0.004056,0.0031084,0.0022809,0.0015784,0.0010042,0.00055986,0.00024566,6.0057e-05,0
0,7.0604e-05,0.00027129,0.00059263,0.0010254,0.0015605,0.0021893,0.0029034,0.0036948,0.0045559,0.0054794,0.0064583,0.0074864,0.0085574,0.0096657,0.010806,0.011973,0.013162,0.014369,0.01559,0.016821,0.018057,0.019296,0.020535,0.021769,0.022997,0.024214,0.025419,0.026607,0.027777,0.028926,0.030049,0.031145,0.032211,0.033243,0.034238,0.035194,0.036106,0.036971,0.037786,0.038548,0.039252,0.039895,0.040474,0.040985,0.041423,0.041786,0.042069,0.04227,0.042385,0.04241,0.042343,0.042181,0.041921,0.041562,0.041101,0.040539,0.039874,0.039106,0.038236,0.037266,0.036197,0.035034,0.033779,0.032438,0.031018,0.029524,0.027965,0.026349,0.024687,0.022989,0.021267,0.019532,0.017798,0.016077,0.014384,0.012731,0.011133,0.0096017,0.0081506,0.0067912,0.0055347,0.0043909,0.0033683,0.0024741,0.0017138,0.0010914,0.00060919,0.00026764,6.5559e-05,0
0,7.4007e-05,0.00028425,0.00062075,0.0010737,0.0016337,0.0022915,0.0030383,0.0038657,0.0047656,0.0057305,0.0067532,0.0078268,0.0089451,0.010102,0.011292,0.01251,0.013751,0.015011,0.016285,0.017569,0.018859,0.020152,0.021445,0.022734,0.024016,0.025289,0.026548,0.027791,0.029015,0.030218,0.031396,0.032546,0.033665,0.03475,0.035797,0.036804,0.037768,0.038683,0.039548,0.040358,0.041109,0.041798,0.042421,0.042974,0.043452,0.043853,0.044172,0.044406,0.04455,0.044602,0.044558,0.044414,0.044169,0.04382,0.043365,0.042802,0.042131,0.041351,0.040464,0.039469,0.03837,0.037169,0.035869,0.034477,0.032997,0.031438,0.029806,0.028111,0.026364,0.024575,0.022756,0.020921,0.019082,0.017255,0.015453,0.013691,0.011984,0.010346,0.0087908,0.0073318,0.0059811,0.0047496,0.003647,0.0026814,0.0018593,0.0011853,0.00066236,0.00029139,7.1512e-05,0
0,7.7457e-05,0.00029739,0.00064927,0.0011228,0.001708,0.0023952,0.0031752,0.004039,0.0049783,0.0059852,0.007052,0.0081718,0.0093379,0.010544,0.011785,0.013054,0.014348,0.01566,0.016988,0.018326,0.01967,0.021019,0.022366,0.02371,0.025048,0.026375,0.027689,0.028988,0.030267,0.031525,0.032757,0.033961,0.035135,0.036273,0.037374,0.038434,0.03945,0.040417,0.041332,0.042192,0.042992,0.043728,0.044397,0.044993,0.045514,0.045955,0.046312,0.046581,0.046757,0.046838,0.046819,0.046697,0.046469,0.046133,0.045685,0.045125,0.044451,0.043663,0.04276,0.041744,0.040616,0.039379,0.038037,0.036594,0.035057,0.033432,0.031728,0.029953,0.02812,0.026238,0.024321,0.022383,0.020437,0.018499,0.016584,0.014708,0.012887,0.011137,0.0094728,0.0079085,0.006458,0.0051335,0.0039457,0.002904,0.0020157,0.0012864,0.00071966,0.00031701,7.7951e-05,0
0,8.0953e-05,0.00031071,0.00067819,0.0011726,0.0017833,0.0025003,0.0033138,0.0042146,0.0051938,0.0062431,0.0073547,0.0085212,0.0097356,0.010992,0.012283,0.013604,0.014951,0.016317,0.017698,0.019091,0.02049,0.021894,0.023297,0.024696,0.026089,0.027472,0.028842,0.030196,0.031531,0.032843,0.034131,0.03539,0.036618,0.037812,0.038967,0.040081,0.041149,0.042169,0.043136,0.044046,0.044896,0.045681,0.046397,0.047039,0.047604,0.048087,0.048484,0.04879,0.049001,0.049113,0.049122,0.049024,0.048816,0.048496,0.048059,0.047504,0.04683,0.046036,0.045121,0.044085,0.042931,0.041661,0.040278,0.038787,0.037193,0.035505,0.033729,0.031875,0.029955,0.02798,0.025963,0.023919,0.021863,0.019811,0.017779,0.015785,0.013846,0.011978,0.010198,0.0085232,0.0069671,0.0055438,0.0042655,0.0031426,0.0021836,0.0013951,0.00078137,0.00034465,8.4913e-05,0
0,8.4494e-05,0.0003242,0.00070748,0.001223,0.0018596,0.0026068,0.0034543,0.0043925,0.005412,0.0065043,0.0076611,0.0088747,0.010138,0.011444,0.012787,0.014161,0.01556,0.01698,0.018416,0.019863,0.021318,0.022776,0.024235,0.02569,0.027139,0.028577,0.030003,0.031413,0.032804,0.034172,0.035515,0.03683,0.038113,0.039362,0.040571,0.041739,0.042862,0.043934,0.044954,0.045916,0.046817,0.047652,0.048417,0.049106,0.049717,0.050244,0.050682,0.051027,0.051275,0.051421,0.05146,0.051389,0.051205,0.050902,0.050479,0.049933,0.049262,0.048465,0.04754,0.046489,0.045312,0.044011,0.04259,0.041053,0.039405,0.037654,0.035807,0.033875,0.031868,0.029799,0.027681,0.02553,0.023361,0.021192,0.01904,0.016923,0.01486,0.012869,0.010969,0.0091774,0.0075098,0.005982,0.0046075,0.0033982,0.0023637,0.0015119,0.00084777,0.00037444,9.2434e-05,0
0,8.8078e-05,0.00033786,0.00073714,0.001274,0.0019369,0.0027146,0.0035965,0.0045725,0.0056328,0.0067685,0.0079709,0.0092321,0.010544,0.011901,0.013296,0.014722,0.016175,0.017649,0.019139,0.020642,0.022152,0.023666,0.02518,0.026691,0.028195,0.02969,0.031172,0.032637,0.034084,0.035508,0.036907,0.038277,0.039616,0.040919,0.042184,0.043407,0.044583,0.04571,0.046783,0.047798,0.048751,0.049636,0.050451,0.051189,0.051847,0.052419,0.052901,0.053287,0.053574,0.053755,0.053828,0.053786,0.053627,0.053346,0.05294,0.052406,0.051741,0.050944,0.050014,0.04895,0.047753,0.046425,0.044968,0.043388,0.041688,0.039876,0.037961,0.035951,0.033858,0.031695,0.029476,0.027216,0.024933,0.022643,0.020367,0.018123,0.015932,0.013814,0.011787,0.0098727,0.0080877,0.0064494,0.0049729,0.0036717,0.0025568,0.0016372,0.00091917,0.00040653,0.00010056,0
0,9.1704e-05,0.00035169,0.00076716,0.0013256,0.002015,0.0028237,0.0037404,0.0047546,0.0058562,0.0070356,0.0082841,0.0095932,0.010955,0.012363,0.013809,0.015289,0.016795,0.018323,0.019869,0.021426,0.022991,0.024561,0.026131,0.027697,0.029257,0.030808,0.032345,0.033867,0.035369,0.036849,0.038303,0.039729,0.041123,0.042482,0.043802,0.045079,0.04631,0.047491,0.048618,0.049686,0.050691,0.051628,0.052494,0.053282,0.053988,0.054607,0.055133,0.055563,0.05589,0.05611,0.056217,0.056208,0.056077,0.05582,0.055434,0.054914,0.054259,0.053466,0.052533,0.05146,0.050247,0.048895,0.047407,0.045786,0.044037,0.042168,0.040186,0.0381,0.035923,0.033666,0.031345,0.028976,0.026576,0.024165,0.021761,0.019387,0.017063,0.014812,0.012654,0.010611,0.0087022,0.0069473,0.0053629,0.003964,0.0027636,0.0017716,0.00099587,0.00044107,0.00010932,0
0,9.5373e-05,0.00036568,0.00079755,0.0013779,0.0020942,0.0029341,0.003886,0.0049388,0.006082,0.0073056,0.0086005,0.0099579,0.01137,0.012829,0.014327,0.01586,0.01742,0.019003,0.020602,0.022215,0.023835,0.02546,0.027085,0.028707,0.030323,0.031929,0.033522,0.035099,0.036656,0.038192,0.039701,0.041183,0.042632,0.044045,0.04542,0.046752,0.048038,0.049273,0.050453,0.051575,0.052633,0.053622,0.054539,0.055377,0.056132,0.056799,0.057372,0.057846,0.058216,0.058476,0.058621,0.058645,0.058545,0.058316,0.057952,0.057451,0.056809,0.056023,0.055091,0.054013,0.052787,0.051415,0.049899,0.048241,0.046448,0.044524,0.042478,0.040319,0.038058,0.03571,0.033288,0.030809,0.028292,0.025756,0.023223,0.020715,0.018254,0.015865,0.01357,0.011393,0.0093547,0.0074769,0.0057785,0.0042762,0.0029847,0.0019157,0.0010782,0.00047821,0.00011877,0
0,9.9084e-05,0.00037984,0.0008283,0.0014308,0.0021742,0.0030457,0.0040332,0.005125,0.0063102,0.0075784,0.0089201,0.010326,0.011788,0.013298,0.014849,0.016435,0.018049,0.019686,0.02134,0.023007,0.024683,0.026362,0.028043,0.02972,0.031391,0.033052,0.034699,0.036331,0.037944,0.039534,0.041098,0.042634,0.044138,0.045606,0.047035,0.048421,0.049761,0.05105,0.052284,0.053459,0.05457,0.055612,0.05658,0.057469,0.058274,0.05899,0.05961,0.06013,0.060543,0.060845,0.061029,0.06109,0.061024,0.060824,0.060486,0.060006,0.05938,0.058606,0.057679,0.056599,0.055365,0.053977,0.052437,0.050747,0.048912,0.046937,0.04483,0.042601,0.04026,0.037822,0.0353,0.032712,0.030078,0.027417,0.024752,0.022107,0.019506,0.016974,0.014537,0.01222,0.010046,0.0080395,0.0062207,0.0046091,0.0032209,0.0020698,0.0011665,0.00051811,0.00012894,0
0,0.00010284,0.00039417,0.00085943,0.0014844,0.0022553,0.0031588,0.0041821,0.0053133,0.0065409,0.0078541,0.0092427,0.010698,0.01221,0.013772,0.015375,0.017014,0.018682,0.020372,0.022081,0.023802,0.025533,0.027267,0.029002,0.030733,0.032458,0.034174,0.035876,0.037561,0.039228,0.040872,0.04249,0.04408,0.045637,0.047159,0.048642,0.050082,0.051475,0.052818,0.054105,0.055332,0.056496,0.05759,0.05861,0.05955,0.060405,0.06117,0.061838,0.062405,0.062863,0.063208,0.063433,0.063533,0.063502,0.063335,0.063026,0.06257,0.061964,0.061204,0.060287,0.05921,0.057971,0.056572,0.055012,0.053294,0.051422,0.049401,0.047238,0.044942,0.042524,0.039998,0.037378,0.034683,0.031931,0.029145,0.026347,0.023563,0.020818,0.01814,0.015556,0.013093,0.010778,0.0086361,0.0066908,0.0049635,0.0034729,0.0022346,0.001261,0.00056093,0.0001399,0
0,0.00010664,0.00040868,0.00089096,0.0015386,0.0023373,0.0032732,0.0043329,0.0055038,0.0067741,0.0081325,0.0095686,0.011072,0.012635,0.014248,0.015904,0.017596,0.019317,0.021062,0.022824,0.0246,0.026384,0.028172,0.029961,0.031746,0.033525,0.035293,0.037048,0.038787,0.040506,0.042203,0.043874,0.045517,0.047127,0.048701,0.050237,0.051729,0.053175,0.05457,0.055909,0.057189,0.058404,0.05955,0.060621,0.061612,0.062518,0.063332,0.064049,0.064663,0.065167,0.065556,0.065824,0.065964,0.065971,0.065838,0.06556,0.065132,0.06455,0.063808,0.062903,0.061833,0.060595,0.059189,0.057615,0.055874,0.05397,0.051907,0.049692,0.047333,0.044843,0.042232,0.039518,0.036717,0.03385,0.030938,0.028007,0.025081,0.022191,0.019363,0.016627,0.014014,0.011551,0.0092678,0.0071895,0.0053404,0.0037414,0.0024106,0.0013621,0.00060684,0.00015167,0
0,0.0001105,0.0004234,0.00092292,0.0015936,0.0024205,0.003389,0.0044855,0.0056966,0.00701,0.0084139,0.0098976,0.011451,0.013064,0.014729,0.016437,0.018182,0.019956,0.021754,0.02357,0.025399,0.027236,0.029077,0.030918,0.032756,0.034587,0.036408,0.038215,0.040005,0.041776,0.043525,0.045247,0.046941,0.048602,0.050228,0.051814,0.053358,0.054855,0.056301,0.057691,0.059022,0.060288,0.061485,0.062606,0.063648,0.064603,0.065466,0.066232,0.066893,0.067445,0.067879,0.06819,0.068372,0.068418,0.068322,0.068078,0.067681,0.067124,0.066405,0.065517,0.064458,0.063226,0.061818,0.060234,0.058475,0.056544,0.054445,0.052183,0.049768,0.047209,0.044519,0.041713,0.03881,0.035829,0.032793,0.029728,0.026661,0.023622,0.020641,0.01775,0.014981,0.012366,0.0099353,0.0077178,0.0057405,0.0040271,0.0025981,0.0014702,0.000656,0.00016432,0
0,0.00011441,0.00043833,0.00095536,0.0016494,0.0025048,0.0035065,0.0046401,0.0058918,0.0072486,0.0086985,0.01023,0.011832,0.013496,0.015213,0.016973,0.01877,0.020597,0.022448,0.024316,0.026198,0.028087,0.02998,0.031873,0.033763,0.035645,0.037516,0.039373,0.041214,0.043035,0.044833,0.046605,0.048348,0.050059,0.051734,0.05337,0.054963,0.056509,0.058005,0.059445,0.060825,0.062141,0.063387,0.064558,0.065648,0.066653,0.067565,0.068379,0.069088,0.069686,0.070166,0.070521,0.070746,0.070833,0.070776,0.070568,0.070203,0.069677,0.068982,0.068116,0.067072,0.06585,0.064445,0.062857,0.061086,0.059134,0.057004,0.054702,0.052235,0.049614,0.046849,0.043957,0.040955,0.037863,0.034706,0.031508,0.0283,0.025112,0.021976,0.018926,0.015997,0.013224,0.010639,0.0082765,0.0061646,0.0043307,0.0027979,0.0015855,0.00070859,0.0001779,0
0,0.00011838,0.00045351,0.00098833,0.0017061,0.0025905,0.0036258,0.004797,0.0060897,0.0074904,0.0089864,0.010566,0.012218,0.013932,0.0157,0.017512,0.019362,0.021241,0.023143,0.025064,0.026997,0.028937,0.030881,0.032825,0.034764,0.036695,0.038615,0.040522,0.042411,0.04428,0.046125,0.047945,0.049735,0.051493,0.053216,0.054899,0.056539,0.058133,0.059676,0.061163,0.062591,0.063955,0.065249,0.066468,0.067606,0.068658,0.069618,0.070479,0.071235,0.07188,0.072405,0.072806,0.073074,0.073203,0.073186,0.073017,0.072688,0.072193,0.071528,0.070686,0.069663,0.068454,0.067058,0.065471,0.063694,0.061728,0.059574,0.057238,0.054726,0.052047,0.049214,0.046241,0.043145,0.039947,0.036671,0.033344,0.029995,0.026657,0.023364,0.020153,0.01706,0.014124,0.011381,0.0088661,0.0066134,0.0046527,0.0030102,0.0017084,0.00076477,0.00019245,0
0,0.00012243,0.00046897,0.0010219,0.0017638,0.0026777,0.0037471,0.0049564,0.0062905,0.0077355,0.009278,0.010906,0.012607,0.014372,0.016191,0.018055,0.019956,0.021886,0.02384,0.025811,0.027795,0.029785,0.031778,0.033771,0.035758,0.037737,0.039704,0.041657,0.043592,0.045507,0.047398,0.049263,0.051098,0.052901,0.054668,0.056396,0.058081,0.05972,0.061308,0.062841,0.064314,0.065723,0.067063,0.068327,0.069512,0.07061,0.071616,0.072524,0.073326,0.074016,0.074588,0.075033,0.075345,0.075517,0.075541,0.075412,0.07512,0.074661,0.074028,0.073214,0.072215,0.071025,0.069643,0.068063,0.066286,0.064311,0.06214,0.059777,0.057227,0.054499,0.051604,0.048556,0.045372,0.042073,0.038683,0.035229,0.031741,0.028254,0.024804,0.021429,0.01817,0.015067,0.012159,0.0094873,0.0070875,0.0049936,0.0032357,0.0018392,0.00082471,0.00020802,0
0,0.00012656,0.00048476,0.0010562,0.0018227,0.0027666,0.0038707,0.0051186,0.0064947,0.0079844,0.0095738,0.01125,0.013001,0.014817,0.016686,0.018601,0.020553,0.022534,0.024538,0.026559,0.028592,0.03063,0.032671,0.03471,0.036744,0.038768,0.04078,0.042777,0.044756,0.046714,0.048648,0.050555,0.052433,0.054278,0.056087,0.057857,0.059584,0.061265,0.062895,0.06447,0.065986,0.067438,0.068821,0.070129,0.071358,0.0725,0.073551,0.074503,0.07535,0.076084,0.0767,0.07719,0.077546,0.077761,0.077828,0.077739,0.077488,0.077066,0.076467,0.075685,0.074714,0.073549,0.072184,0.070618,0.068847,0.06687,0.064689,0.062306,0.059726,0.056956,0.054007,0.050892,0.047627,0.044233,0.040734,0.037158,0.033535,0.029901,0.026294,0.022755,0.019326,0.016051,0.012975,0.01014,0.0075872,0.0053541,0.0034747,0.0019782,0.00088859,0.00022468,0
0,0.00013079,0.00050093,0.0010913,0.0018829,0.0028574,0.0039968,0.0052841,0.0067028,0.0082376,0.0098742,0.011599,0.0134,0.015266,0.017186,0.019152,0.021153,0.023184,0.025238,0.027307,0.029386,0.031472,0.033558,0.035642,0.037719,0.039787,0.041841,0.04388,0.0459,0.047898,0.049872,0.051819,0.053736,0.055619,0.057467,0.059276,0.061042,0.062761,0.06443,0.066045,0.0676,0.069092,0.070515,0.071864,0.073134,0.074318,0.075411,0.076405,0.077295,0.078073,0.078733,0.079266,0.079666,0.079924,0.080034,0.079987,0.079776,0.079393,0.078832,0.078085,0.077145,0.076008,0.074668,0.07312,0.071361,0.06939,0.067206,0.064811,0.062209,0.059406,0.056411,0.053237,0.0499,0.046418,0.042817,0.039123,0.035369,0.031592,0.027829,0.024126,0.020526,0.017078,0.013829,0.010825,0.0081131,0.0057345,0.0037276,0.0021257,0.00095657,0.00024247,0
0,0.00013515,0.00051755,0.0011273,0.0019448,0.0029506,0.0041261,0.0054533,0.0069153,0.0084959,0.01018,0.011954,0.013805,0.015721,0.017691,0.019706,0.021758,0.023837,0.025938,0.028054,0.030179,0.032309,0.034439,0.036566,0.038684,0.040792,0.042886,0.044963,0.047021,0.049056,0.051067,0.053049,0.055002,0.056921,0.058804,0.060648,0.062449,0.064203,0.065908,0.067558,0.06915,0.070678,0.072138,0.073525,0.074833,0.076056,0.077188,0.078222,0.079153,0.079972,0.080673,0.081249,0.081691,0.081992,0.082144,0.08214,0.08197,0.081629,0.081107,0.080397,0.079494,0.078389,0.077077,0.075553,0.073813,0.071854,0.069675,0.067277,0.064661,0.061834,0.058803,0.055579,0.052177,0.048617,0.044921,0.041118,0.037239,0.033321,0.029407,0.02554,0.021769,0.018144,0.014718,0.011542,0.0086653,0.0061352,0.0039948,0.002282,0.0010288,0.00026145,0
0,0.00013964,0.00053471,0.0011645,0.0020085,0.0030465,0.0042589,0.005627,0.0071329,0.0087599,0.010492,0.012315,0.014216,0.016182,0.018202,0.020266,0.022366,0.024493,0.02664,0.028801,0.03097,0.033142,0.035313,0.037479,0.039637,0.041782,0.043912,0.046025,0.048117,0.050186,0.052229,0.054244,0.056228,0.058179,0.060094,0.061968,0.0638,0.065586,0.067322,0.069004,0.070628,0.072189,0.073682,0.075102,0.076445,0.077703,0.078871,0.079943,0.080911,0.081769,0.08251,0.083126,0.083609,0.083952,0.084147,0.084184,0.084057,0.083758,0.083277,0.082608,0.081743,0.080674,0.079396,0.077901,0.076187,0.074247,0.072081,0.069687,0.067067,0.064224,0.061167,0.057903,0.054448,0.050818,0.047037,0.043132,0.039135,0.035084,0.03102,0.026993,0.023051,0.01925,0.015644,0.012291,0.0092439,0.0065565,0.0042766,0.0024473,0.0011055,0.00028166,0
0,0.00014431,0.00055249,0.001203,0.0020744,0.0031455,0.0043959,0.0058058,0.0073566,0.0090306,0.010811,0.012684,0.014634,0.01665,0.018719,0.020832,0.022979,0.025151,0.027343,0.029547,0.031758,0.03397,0.036179,0.038382,0.040575,0.042754,0.044918,0.047062,0.049184,0.051283,0.053355,0.055399,0.057411,0.059389,0.06133,0.063232,0.065091,0.066903,0.068666,0.070375,0.072027,0.073616,0.075138,0.076589,0.077962,0.079252,0.080452,0.081558,0.082561,0.083455,0.084233,0.084887,0.085409,0.085792,0.086028,0.086107,0.086023,0.085766,0.085328,0.084701,0.083877,0.082848,0.081607,0.080148,0.078464,0.076551,0.074405,0.072024,0.069409,0.066562,0.063488,0.060195,0.056697,0.053009,0.049153,0.045155,0.041049,0.036871,0.032665,0.02848,0.02437,0.020391,0.016604,0.01307,0.0098489,0.0069985,0.0045733,0.0026219,0.0011867,0.00030318,0
0,0.00014918,0.00057104,0.0012431,0.0021429,0.0032483,0.0045378,0.0059907,0.0075873,0.0093092,0.011139,0.013062,0.015062,0.017127,0.019244,0.021404,0.023597,0.025814,0.028048,0.030293,0.032543,0.034792,0.037037,0.039274,0.041498,0.043708,0.045901,0.048073,0.050222,0.052346,0.054443,0.05651,0.058545,0.060546,0.06251,0.064433,0.066314,0.068149,0.069934,0.071666,0.07334,0.074953,0.0765,0.077976,0.079375,0.080692,0.081921,0.083057,0.084091,0.085017,0.085829,0.086519,0.087078,0.0875,0.087775,0.087895,0.087853,0.087639,0.087244,0.086661,0.085881,0.084895,0.083695,0.082276,0.080628,0.078748,0.07663,0.074271,0.071671,0.068829,0.065749,0.062439,0.058909,0.055175,0.051255,0.047177,0.042971,0.038675,0.034334,0.029997,0.025721,0.021567,0.017598,0.01388,0.01048,0.0074614,0.0048851,0.0028061,0.0012727,0.00032605,0
0,0.00015429,0.00059048,0.0012851,0.0022146,0.0033556,0.0046855,0.0061826,0.0078262,0.0095969,0.011477,0.013449,0.015499,0.017613,0.019779,0.021985,0.024222,0.026482,0.028756,0.031039,0.033325,0.035609,0.037886,0.040153,0.042406,0.044642,0.046859,0.049055,0.051226,0.053371,0.055488,0.057574,0.059628,0.061646,0.063627,0.065568,0.067465,0.069317,0.071119,0.072869,0.074561,0.076193,0.077759,0.079255,0.080676,0.082016,0.083269,0.08443,0.085491,0.086447,0.087289,0.088011,0.088604,0.089062,0.089374,0.089535,0.089533,0.089362,0.089011,0.088472,0.087737,0.086797,0.085643,0.084267,0.082662,0.080821,0.078739,0.076411,0.073834,0.071007,0.067934,0.064618,0.06107,0.057301,0.053331,0.049184,0.04489,0.040487,0.036019,0.031538,0.027101,0.022773,0.018622,0.014719,0.011136,0.007945,0.0052122,0.003,0.0013635,0.00035033,0
0,0.00015969,0.00061099,0.0013293,0.0022898,0.0034681,0.00484,0.0063829,0.0080747,0.0098953,0.011826,0.013849,0.015948,0.018111,0.020323,0.022574,0.024854,0.027154,0.029467,0.031786,0.034105,0.036419,0.038725,0.041018,0.043295,0.045554,0.047791,0.050006,0.052194,0.054356,0.056487,0.058587,0.060654,0.062685,0.064677,0.06663,0.068539,0.070402,0.072216,0.073977,0.075683,0.077328,0.078908,0.080419,0.081857,0.083214,0.084487,0.085668,0.086752,0.087732,0.088601,0.089352,0.089976,0.090466,0.090814,0.091012,0.09105,0.09092,0.090613,0.09012,0.089432,0.088539,0.087433,0.086106,0.084548,0.082753,0.080713,0.078423,0.07588,0.07308,0.070024,0.066715,0.063161,0.059372,0.055365,0.051163,0.046794,0.042295,0.037711,0.033094,0.028503,0.024006,0.019674,0.015586,0.011818,0.0084493,0.0055547,0.0032038,0.0014594,0.00037607,0
0,0.00016543,0.00063277,0.0013762,0.0023695,0.0035867,0.0050026,0.0065928,0.0083345,0.010206,0.012188,0.014262,0.016411,0.018622,0.02088,0.023175,0.025496,0.027834,0.030182,0.032533,0.034882,0.037224,0.039554,0.041869,0.044166,0.046442,0.048695,0.050923,0.053124,0.055296,0.057437,0.059545,0.061619,0.063657,0.065656,0.067614,0.069529,0.071398,0.073217,0.074985,0.076697,0.07835,0.079939,0.08146,0.082908,0.084278,0.085565,0.086762,0.087864,0.088864,0.089755,0.09053,0.091182,0.091702,0.092082,0.092315,0.092391,0.092301,0.092037,0.09159,0.090949,0.090105,0.08905,0.087774,0.086268,0.084524,0.082534,0.080291,0.07779,0.075027,0.072001,0.068712,0.065166,0.061371,0.057342,0.053099,0.04867,0.04409,0.039402,0.034659,0.029922,0.025261,0.020752,0.016478,0.012524,0.0089739,0.0059126,0.0034177,0.0015605,0.00040334,0
0,0.0001716,0.00065608,0.0014262,0.0024542,0.0037126,0.0051745,0.0068142,0.0086074,0.010532,0.012566,0.014691,0.01689,0.019148,0.021451,0.023787,0.026147,0.028521,0.030901,0.033282,0.035657,0.038021,0.040371,0.042704,0.045016,0.047304,0.049568,0.051804,0.054012,0.056189,0.058333,0.060444,0.06252,0.064558,0.066557,0.068515,0.070429,0.072298,0.074117,0.075885,0.077598,0.079252,0.080844,0.082369,0.083822,0.085199,0.086494,0.087702,0.088816,0.089831,0.09074,0.091535,0.09221,0.092756,0.093165,0.09343,0.093542,0.093491,0.093268,0.092865,0.092272,0.091479,0.090477,0.089255,0.087805,0.086117,0.084183,0.081995,0.079546,0.07683,0.073845,0.070589,0.067065,0.063279,0.059244,0.054977,0.050503,0.045857,0.041079,0.036223,0.03135,0.026533,0.021852,0.017394,0.013252,0.0095185,0.0062859,0.0036419,0.0016669,0.00043221,0
0,0.00017826,0.00068119,0.0014799,0.002545,0.003847,0.0053575,0.007049,0.0088957,0.010874,0.012961,0.015138,0.017386,0.019691,0.022038,0.024414,0.02681,0.029217,0.031626,0.034032,0.036428,0.038811,0.041177,0.043521,0.045843,0.048139,0.050407,0.052646,0.054854,0.05703,0.059172,0.061279,0.06335,0.065382,0.067375,0.069326,0.071234,0.073095,0.074908,0.07667,0.078377,0.080027,0.081615,0.083137,0.084589,0.085967,0.087265,0.088478,0.0896,0.090624,0.091545,0.092356,0.093049,0.093617,0.094052,0.094346,0.09449,0.094475,0.094293,0.093934,0.093388,0.092646,0.091697,0.090533,0.089142,0.087515,0.085643,0.083517,0.081128,0.07847,0.075537,0.072327,0.068839,0.065079,0.061054,0.05678,0.052279,0.047583,0.042731,0.037776,0.03278,0.027817,0.02297,0.018332,0.014002,0.010082,0.0066747,0.0038765,0.0017787,0.00046272,0
0,0.00018553,0.00070847,0.0015381,0.0026429,0.0039916,0.0055534,0.0072993,0.0092017,0.011235,0.013377,0.015606,0.017904,0.020254,0.022642,0.025056,0.027486,0.029922,0.032356,0.034783,0.037197,0.039593,0.041969,0.04432,0.046646,0.048942,0.051209,0.053444,0.055647,0.057815,0.059948,0.062045,0.064104,0.066124,0.068104,0.070042,0.071936,0.073784,0.075584,0.077332,0.079027,0.080666,0.082243,0.083757,0.085202,0.086574,0.087869,0.08908,0.090204,0.091233,0.092161,0.092982,0.093689,0.094274,0.09473,0.095049,0.095222,0.095241,0.095097,0.09478,0.09428,0.093589,0.092695,0.09159,0.090261,0.088699,0.086895,0.084837,0.082516,0.079925,0.077057,0.073906,0.070469,0.06675,0.062752,0.05849,0.053981,0.049253,0.044346,0.039309,0.034204,0.029105,0.024101,0.019288,0.014772,0.010665,0.0070788,0.0041217,0.0018962,0.00049498,0
0,0.00019351,0.00073833,0.0016016,0.0027494,0.004148,0.0057645,0.0075677,0.0095283,0.011619,0.013816,0.016098,0.018444,0.020839,0.023267,0.025716,0.028176,0.030637,0.033093,0.035536,0.037961,0.040366,0.042746,0.045098,0.047421,0.049712,0.051971,0.054196,0.056386,0.05854,0.060657,0.062736,0.064777,0.066778,0.068738,0.070655,0.072528,0.074356,0.076135,0.077864,0.07954,0.08116,0.082721,0.084219,0.08565,0.08701,0.088295,0.0895,0.090618,0.091646,0.092575,0.093401,0.094117,0.094715,0.095188,0.095527,0.095726,0.095776,0.095666,0.095389,0.094935,0.094294,0.093456,0.09241,0.091146,0.089653,0.08792,0.085936,0.083692,0.081178,0.078384,0.075305,0.071935,0.068272,0.06432,0.060088,0.05559,0.050852,0.045909,0.040808,0.03561,0.030391,0.025239,0.020258,0.015561,0.011266,0.0074981,0.0043777,0.0020196,0.00052905,0
0,0.00020235,0.00077125,0.0016713,0.0028658,0.0043183,0.0059934,0.0078572,0.0098787,0.012029,0.014283,0.016617,0.019011,0.021449,0.023914,0.026396,0.028882,0.031364,0.033835,0.036289,0.038721,0.041127,0.043505,0.045851,0.048165,0.050444,0.052688,0.054895,0.057065,0.059197,0.061291,0.063346,0.065361,0.067335,0.069267,0.071157,0.073002,0.074802,0.076553,0.078255,0.079905,0.0815,0.083037,0.084513,0.085923,0.087265,0.088534,0.089725,0.090833,0.091852,0.092778,0.093603,0.094322,0.094927,0.095412,0.095769,0.095989,0.096065,0.095988,0.095749,0.095338,0.094746,0.093963,0.092977,0.091779,0.090357,0.0887,0.086797,0.084636,0.082207,0.079499,0.076504,0.073214,0.069625,0.065737,0.061554,0.057089,0.052362,0.047404,0.04226,0.036989,0.031665,0.02638,0.02124,0.016365,0.011884,0.0079325,0.0046446,0.002149,0.00056504,0
0,0.00021222,0.00080786,0.0017484,0.0029941,0.0045051,0.0062429,0.0081712,0.010256,0.012468,0.014779,0.017166,0.019607,0.022086,0.024586,0.027095,0.029603,0.032101,0.034583,0.037041,0.039473,0.041875,0.044243,0.046576,0.048873,0.051133,0.053354,0.055536,0.057678,0.059781,0.061844,0.063866,0.065847,0.067787,0.069684,0.071539,0.073349,0.075113,0.076829,0.078497,0.080113,0.081676,0.083182,0.084628,0.086011,0.087328,0.088574,0.089744,0.090835,0.091841,0.092756,0.093575,0.094292,0.094899,0.095391,0.09576,0.095997,0.096096,0.096048,0.095844,0.095474,0.094929,0.0942,0.093275,0.092144,0.090796,0.089218,0.0874,0.085329,0.082993,0.080381,0.077481,0.074286,0.070787,0.066981,0.062868,0.058457,0.053764,0.048815,0.043651,0.038328,0.032919,0.027516,0.022228,0.017183,0.012518,0.0083819,0.0049226,0.0022847,0.00060307,0
0,0.00022334,0.00084886,0.0018344,0.0031363,0.004711,0.0065165,0.0085134,0.010666,0.012941,0.01531,0.017749,0.020236,0.022752,0.025283,0.027816,0.030341,0.032849,0.035334,0.037791,0.040215,0.042604,0.044956,0.047268,0.04954,0.051771,0.053961,0.05611,0.058217,0.060282,0.062306,0.064287,0.066227,0.068124,0.069979,0.07179,0.073556,0.075277,0.076952,0.078577,0.080153,0.081676,0.083143,0.084553,0.085902,0.087186,0.088402,0.089546,0.090613,0.091599,0.092498,0.093304,0.094013,0.094617,0.095111,0.095487,0.095737,0.095855,0.095832,0.095659,0.095328,0.094829,0.094152,0.093287,0.092224,0.09095,0.089455,0.087726,0.08575,0.083515,0.081007,0.078216,0.075128,0.071735,0.068029,0.064008,0.059674,0.055039,0.050125,0.044966,0.039615,0.034142,0.028639,0.023218,0.018011,0.013167,0.0088461,0.0052122,0.0024271,0.00064328,0
0,0.00023598,0.00089515,0.001931,0.0032951,0.0049395,0.0068181,0.0088881,0.011111,0.013451,0.01588,0.01837,0.020899,0.02345,0.026008,0.028559,0.031094,0.033605,0.036087,0.038533,0.040942,0.04331,0.045636,0.047919,0.050157,0.052352,0.054502,0.056609,0.058671,0.06069,0.062666,0.064598,0.066488,0.068335,0.070138,0.071898,0.073613,0.075283,0.076907,0.078483,0.08001,0.081486,0.082908,0.084274,0.085581,0.086826,0.088006,0.089117,0.090154,0.091113,0.091989,0.092777,0.093472,0.094068,0.094558,0.094936,0.095194,0.095327,0.095325,0.09518,0.094884,0.094429,0.093803,0.092997,0.092001,0.090804,0.089393,0.087756,0.08588,0.083752,0.081358,0.078685,0.075719,0.072447,0.06886,0.06495,0.060717,0.056165,0.051312,0.046186,0.040834,0.035322,0.029741,0.024204,0.018847,0.01383,0.009325,0.0055137,0.0025766,0.00068587,0
0,0.00025044,0.00094778,0.0020401,0.0034734,0.0051943,0.0071522,0.0093002,0.011596,0.014004,0.016491,0.01903,0.0216,0.024181,0.026759,0.029322,0.03186,0.034367,0.036836,0.039263,0.041647,0.043985,0.046276,0.048519,0.050715,0.052863,0.054964,0.057019,0.059028,0.060992,0.062911,0.064785,0.066616,0.068404,0.070147,0.071848,0.073503,0.075115,0.07668,0.078199,0.07967,0.081091,0.08246,0.083775,0.085034,0.086233,0.08737,0.08844,0.08944,0.090367,0.091214,0.091978,0.092654,0.093235,0.093716,0.094091,0.094353,0.094496,0.094511,0.094391,0.094127,0.093712,0.093135,0.092388,0.091459,0.090337,0.089012,0.08747,0.085699,0.083684,0.081412,0.078866,0.076034,0.072898,0.069448,0.065671,0.061562,0.05712,0.052356,0.047292,0.041968,0.036446,0.030812,0.025178,0.019687,0.014505,0.0098187,0.0058278,0.0027338,0.00073107,0
0,0.00026714,0.0010081,0.0021642,0.0036748,0.0054801,0.0075239,0.009755,0.012128,0.014603,0.017148,0.019734,0.022339,0.024945,0.027537,0.030103,0.032635,0.035127,0.037574,0.039973,0.042321,0.044619,0.046864,0.049058,0.0512,0.053292,0.055334,0.057327,0.059272,0.061171,0.063024,0.064831,0.066595,0.068314,0.06999,0.071622,0.07321,0.074754,0.076253,0.077707,0.079114,0.080473,0.081782,0.083039,0.084243,0.085389,0.086475,0.087499,0.088456,0.089344,0.090156,0.09089,0.09154,0.092102,0.092569,0.092936,0.093197,0.093345,0.093373,0.093274,0.093039,0.092662,0.092132,0.091441,0.090578,0.089532,0.088294,0.086849,0.085186,0.083289,0.081145,0.078737,0.076049,0.073065,0.069768,0.066144,0.062183,0.057878,0.053233,0.048262,0.043,0.037498,0.03184,0.026134,0.020527,0.01519,0.010327,0.0061552,0.0028994,0.0007792,0
0,0.00028658,0.0010777,0.0023064,0.0039036,0.0058021,0.007939,0.010258,0.01271,0.015254,0.017854,0.020483,0.023118,0.02574,0.028336,0.030896,0.033412,0.035878,0.038292,0.04065,0.042952,0.045197,0.047385,0.049517,0.051595,0.053619,0.055591,0.057513,0.059384,0.061208,0.062985,0.064716,0.066402,0.068045,0.069643,0.071199,0.072711,0.07418,0.075605,0.076986,0.078322,0.079612,0.080854,0.082046,0.083186,0.084273,0.085303,0.086274,0.087182,0.088024,0.088796,0.089494,0.090114,0.09065,0.091098,0.091452,0.091707,0.091856,0.091893,0.091811,0.091602,0.091259,0.090774,0.090137,0.089339,0.08837,0.087218,0.085872,0.084319,0.082546,0.080535,0.078273,0.07574,0.07292,0.069794,0.066343,0.062553,0.058413,0.053917,0.049074,0.043907,0.038461,0.032811,0.027063,0.02136,0.015885,0.010851,0.006497,0.0030743,0.00083065,0
0,0.0003094,0.0011586,0.0024702,0.004165,0.0061662,0.0084038,0.010816,0.013349,0.01596,0.018612,0.021277,0.023932,0.026561,0.029151,0.031693,0.03418,0.036608,0.038975,0.041279,0.043521,0.0457,0.047819,0.049878,0.051879,0.053824,0.055715,0.057553,0.05934,0.061079,0.062769,0.064414,0.066014,0.06757,0.069083,0.070554,0.071982,0.073368,0.074711,0.076012,0.07727,0.078483,0.07965,0.08077,0.081842,0.082863,0.08383,0.084742,0.085595,0.086386,0.087112,0.087768,0.088352,0.088858,0.089282,0.089619,0.089863,0.090009,0.090051,0.089982,0.089796,0.089485,0.089042,0.088457,0.087723,0.086828,0.085764,0.084518,0.083078,0.08143,0.07956,0.077449,0.075082,0.072438,0.069497,0.066239,0.062644,0.058695,0.05438,0.049699,0.044666,0.039315,0.03371,0.027952,0.022182,0.016585,0.011389,0.0068545,0.0032598,0.00088597,0
0,0.00033644,0.0012534,0.0026602,0.0044648,0.0065795,0.0089253,0.011434,0.014049,0.016723,0.01942,0.022113,0.024778,0.027401,0.029971,0.03248,0.034923,0.037298,0.039603,0.041839,0.044006,0.046106,0.048141,0.050113,0.052024,0.053877,0.055674,0.057418,0.05911,0.060752,0.062347,0.063896,0.0654,0.066861,0.06828,0.069657,0.070993,0.072288,0.073542,0.074755,0.075927,0.077057,0.078144,0.079186,0.080182,0.081131,0.08203,0.082877,0.083669,0.084404,0.085078,0.085689,0.086232,0.086703,0.087098,0.087413,0.087643,0.087782,0.087825,0.087766,0.087599,0.087317,0.086913,0.086379,0.085707,0.084887,0.08391,0.082764,0.081439,0.07992,0.078193,0.076241,0.074047,0.07159,0.068849,0.065801,0.062423,0.058692,0.054591,0.050109,0.045249,0.040034,0.034518,0.028789,0.022983,0.017289,0.011943,0.0072296,0.0034577,0.00094588,0
0,0.00036878,0.0013653,0.0028819,0.0048104,0.0070497,0.0095108,0.012119,0.014812,0.017544,0.020277,0.022984,0.025645,0.028246,0.030779,0.033237,0.035619,0.037923,0.040149,0.042299,0.044376,0.046381,0.048317,0.050188,0.051996,0.053744,0.055435,0.057072,0.058658,0.060194,0.061682,0.063125,0.064524,0.065881,0.067197,0.068473,0.069708,0.070905,0.072063,0.073182,0.074262,0.075302,0.076302,0.07726,0.078176,0.079047,0.079872,0.080649,0.081376,0.08205,0.082668,0.083228,0.083726,0.084158,0.084521,0.08481,0.085021,0.08515,0.085191,0.085139,0.084988,0.084733,0.084366,0.08388,0.083268,0.082521,0.081631,0.080586,0.079376,0.077989,0.076409,0.074621,0.072607,0.070347,0.067819,0.064997,0.061857,0.05837,0.054513,0.050267,0.045623,0.040591,0.03521,0.029555,0.023754,0.017991,0.012513,0.0076245,0.0036701,0.0010114,0
0,0.00040788,0.0014985,0.0031421,0.0052102,0.0075854,0.010167,0.012874,0.015641,0.018419,0.021173,0.023877,0.026514,0.029074,0.031549,0.033937,0.036236,0.038449,0.040577,0.042623,0.044591,0.046484,0.048306,0.05006,0.05175,0.05338,0.054953,0.056472,0.057939,0.059358,0.06073,0.062058,0.063344,0.064588,0.065793,0.06696,0.068088,0.06918,0.070235,0.071254,0.072236,0.073181,0.074089,0.074958,0.075788,0.076577,0.077324,0.078027,0.078684,0.079293,0.079851,0.080356,0.080805,0.081194,0.081521,0.081781,0.081971,0.082086,0.082123,0.082075,0.081938,0.081706,0.081374,0.080935,0.080383,0.079708,0.078903,0.077959,0.076866,0.075611,0.074181,0.072561,0.070733,0.068678,0.066373,0.063793,0.060908,0.05769,0.054109,0.050135,0.045751,0.040952,0.035758,0.03023,0.024479,0.018685,0.013098,0.008042,0.0039002,0.0010839,0
0,0.00045572,0.0016585,0.0034493,0.0056739,0.0081955,0.010901,0.013701,0.01653,0.019338,0.022093,0.024771,0.027361,0.029853,0.032245,0.034537,0.036732,0.038831,0.040839,0.042761,0.044601,0.046364,0.048055,0.049677,0.051235,0.052733,0.054175,0.055564,0.056903,0.058194,0.05944,0.060644,0.061808,0.062932,0.064019,0.06507,0.066085,0.067066,0.068013,0.068926,0.069805,0.07065,0.071461,0.072237,0.072977,0.073681,0.074346,0.074971,0.075555,0.076096,0.076591,0.077039,0.077436,0.07778,0.078068,0.078297,0.078463,0.078563,0.078592,0.078546,0.078421,0.078211,0.077913,0.077519,0.077023,0.07642,0.0757,0.074857,0.073879,0.072758,0.071479,0.070029,0.068392,0.066549,0.064476,0.062149,0.059538,0.056611,0.053333,0.049669,0.045588,0.041073,0.036125,0.030783,0.025141,0.019361,0.013696,0.0084854,0.0041518,0.0011652,0
0,0.00051508,0.0018526,0.0038141,0.0062126,0.0088883,0.011715,0.014597,0.017468,0.020281,0.023008,0.025631,0.028142,0.030536,0.032816,0.034985,0.037047,0.039007,0.040872,0.042648,0.044341,0.045956,0.047498,0.048973,0.050385,0.051738,0.053037,0.054285,0.055484,0.056639,0.057751,0.058823,0.059858,0.060855,0.061818,0.062748,0.063645,0.06451,0.065344,0.066147,0.06692,0.067662,0.068374,0.069053,0.069701,0.070316,0.070897,0.071442,0.071951,0.072422,0.072852,0.07324,0.073584,0.073881,0.074129,0.074325,0.074465,0.074547,0.074567,0.074522,0.074407,0.074219,0.073952,0.073602,0.073163,0.072629,0.071994,0.07125,0.070388,0.0694,0.068273,0.066996,0.065552,0.063924,0.062091,0.060027,0.057703,0.055085,0.052136,0.048815,0.045082,0.040904,0.036264,0.031177,0.02571,0.020005,0.014304,0.0089583,0.0044305,0.0012582,0
0,0.00058997,0.0020904,0.0042492,0.0068377,0.0096699,0.012606,0.015548,0.01843,0.021213,0.023875,0.026403,0.028797,0.031058,0.033191,0.035204,0.037104,0.038899,0.040597,0.042205,0.04373,0.045178,0.046556,0.047869,0.049121,0.050318,0.051463,0.052559,0.053612,0.054622,0.055593,0.056527,0.057426,0.058293,0.059127,0.059931,0.060706,0.061453,0.062171,0.062863,0.063527,0.064164,0.064774,0.065356,0.06591,0.066435,0.06693,0.067395,0.067828,0.068227,0.068592,0.06892,0.06921,0.06946,0.069667,0.069828,0.069943,0.070007,0.070018,0.069972,0.069867,0.069698,0.069462,0.069155,0.068771,0.068306,0.067754,0.067108,0.066362,0.065506,0.064531,0.063426,0.062176,0.060766,0.059175,0.05738,0.055354,0.053061,0.050463,0.047516,0.044171,0.040383,0.036117,0.03136,0.026148,0.020593,0.014913,0.0094637,0.004743,0.001367,0
0,0.00068637,0.0023851,0.0047699,0.0075596,0.01054,0.01356,0.016523,0.019372,0.022076,0.024622,0.027009,0.02924,0.031325,0.033274,0.035097,0.036804,0.038406,0.039912,0.04133,0.042668,0.043934,0.045132,0.046269,0.047351,0.048381,0.049363,0.050302,0.0512,0.05206,0.052885,0.053677,0.054438,0.05517,0.055874,0.056551,0.057202,0.057829,0.058432,0.05901,0.059565,0.060097,0.060606,0.06109,0.061551,0.061987,0.062398,0.062783,0.06314,0.063469,0.063769,0.064038,0.064275,0.064477,0.064644,0.064772,0.064861,0.064907,0.064909,0.064863,0.064767,0.064618,0.064412,0.064147,0.063818,0.06342,0.06295,0.062401,0.061768,0.061043,0.060218,0.059283,0.058225,0.057032,0.055685,0.054162,0.052438,0.05048,0.04825,0.0457,0.04278,0.039433,0.035606,0.031261,0.026398,0.021086,0.015507,0.010003,0.0050985,0.0014975,0
0,0.00081345,0.0027543,0.0053923,0.0083825,0.011483,0.014539,0.017465,0.020216,0.022775,0.025145,0.027332,0.02935,0.031213,0.032937,0.034535,0.036019,0.037402,0.038693,0.039902,0.041037,0.042105,0.043112,0.044065,0.044967,0.045823,0.046638,0.047414,0.048154,0.048862,0.049539,0.050188,0.05081,0.051407,0.051981,0.052531,0.05306,0.053569,0.054056,0.054524,0.054973,0.055401,0.055811,0.0562,0.05657,0.05692,0.057248,0.057555,0.05784,0.058101,0.058339,0.058551,0.058736,0.058893,0.059021,0.059118,0.059183,0.059213,0.059206,0.059161,0.059075,0.058945,0.05877,0.058546,0.05827,0.057939,0.057549,0.057095,0.056572,0.055975,0.055296,0.054528,0.05366,0.052679,0.051572,0.05032,0.048898,0.047278,0.045424,0.04329,0.040823,0.037961,0.034636,0.030788,0.026377,0.021423,0.016053,0.010569,0.0055074,0.0016591,0
0,0.00098564,0.0032205,0.0061292,0.0092942,0.012455,0.015468,0.018268,0.020833,0.023168,0.025287,0.027211,0.02896,0.030555,0.032015,0.033354,0.034589,0.03573,0.036789,0.037774,0.038694,0.039556,0.040365,0.041127,0.041846,0.042527,0.043172,0.043786,0.044369,0.044926,0.045457,0.045965,0.046452,0.046917,0.047364,0.047792,0.048203,0.048597,0.048975,0.049336,0.049682,0.050013,0.050328,0.050627,0.050911,0.051178,0.051429,0.051663,0.051879,0.052077,0.052256,0.052415,0.052552,0.052668,0.052761,0.05283,0.052872,0.052888,0.052875,0.052832,0.052757,0.052648,0.052503,0.05232,0.052097,0.05183,0.051518,0.051155,0.050739,0.050265,0.049728,0.04912,0.048434,0.047659,0.046785,0.045795,0.044669,0.043383,0.041904,0.040192,0.038195,0.03585,0.033083,0.029812,0.025966,0.021506,0.016489,0.011143,0.0059793,0.0018657,0
0,0.0012257,0.0038087,0.0069762,0.010243,0.013354,0.0162,0.018754,0.021024,0.023038,0.024828,0.026423,0.027851,0.029136,0.030299,0.031355,0.03232,0.033206,0.034021,0.034776,0.035477,0.036131,0.036742,0.037315,0.037855,0.038363,0.038844,0.0393,0.039733,0.040145,0.040537,0.040911,0.041269,0.041611,0.041938,0.042252,0.042552,0.042839,0.043114,0.043378,0.043629,0.043868,0.044096,0.044313,0.044517,0.04471,0.044889,0.045057,0.045211,0.045351,0.045477,0.045589,0.045684,0.045763,0.045825,0.045869,0.045894,0.045899,0.045882,0.045843,0.04578,0.045693,0.045578,0.045436,0.045264,0.04506,0.044821,0.044546,0.044232,0.043874,0.04347,0.043013,0.042499,0.041919,0.041265,0.040523,0.03968,0.038714,0.037599,0.036301,0.034776,0.032963,0.03079,0.028167,0.024993,0.021181,0.016699,0.011669,0.0065146,0.0021375,0
0,0.0015675,0.0045319,0.0078766,0.011089,0.013968,0.016473,0.018629,0.020481,0.022077,0.023463,0.024675,0.025742,0.026689,0.027536,0.028297,0.028987,0.029615,0.03019,0.030719,0.031208,0.031661,0.032084,0.032479,0.032849,0.033197,0.033525,0.033835,0.034129,0.034409,0.034674,0.034927,0.035168,0.035398,0.035618,0.035828,0.03603,0.036222,0.036406,0.036581,0.036749,0.036908,0.037059,0.037202,0.037337,0.037464,0.037582,0.037691,0.037792,0.037883,0.037964,0.038034,0.038094,0.038143,0.03818,0.038204,0.038216,0.038213,0.038196,0.038163,0.038115,0.038049,0.037965,0.037861,0.037738,0.037592,0.037423,0.03723,0.037009,0.036759,0.036477,0.03616,0.035803,0.035401,0.034947,0.034434,0.03385,0.03318,0.032405,0.031498,0.030424,0.029136,0.027567,0.025632,0.023221,0.020207,0.016478,0.012016,0.0070794,0.0024984,0
0,0.0020487,0.0053363,0.0086298,0.011504,0.013888,0.01584,0.017438,0.018759,0.019863,0.020797,0.021597,0.02229,0.022896,0.023432,0.023909,0.024338,0.024725,0.025078,0.0254,0.025697,0.025971,0.026226,0.026463,0.026684,0.026892,0.027087,0.027272,0.027446,0.027611,0.027768,0.027917,0.028059,0.028195,0.028324,0.028447,0.028565,0.028677,0.028785,0.028887,0.028984,0.029077,0.029164,0.029247,0.029325,0.029398,0.029465,0.029527,0.029584,0.029635,0.02968,0.029719,0.029751,0.029776,0.029795,0.029805,0.029808,0.029802,0.029787,0.029763,0.02973,0.029686,0.02963,0.029564,0.029485,0.029393,0.029287,0.029165,0.029028,0.028873,0.028699,0.028503,0.028284,0.028037,0.027759,0.027445,0.027087,0.026677,0.026201,0.025643,0.024978,0.024172,0.023178,0.021926,0.020319,0.018221,0.015468,0.011902,0.0075389,0.0029548,0
0,0.0026409,0.0059195,0.0086803,0.010795,0.012384,0.01359,0.014522,0.015258,0.015853,0.016343,0.016754,0.017104,0.017406,0.01767,0.017903,0.01811,0.018297,0.018466,0.018619,0.01876,0.018889,0.019009,0.019121,0.019224,0.019322,0.019413,0.019499,0.01958,0.019657,0.019729,0.019798,0.019864,0.019927,0.019986,0.020043,0.020097,0.020149,0.020198,0.020245,0.020289,0.020331,0.020371,0.020409,0.020444,0.020476,0.020507,0.020534,0.020559,0.020581,0.020601,0.020617,0.02063,0.02064,0.020646,0.020648,0.020647,0.020642,0.020632,0.020618,0.020599,0.020575,0.020546,0.020511,0.02047,0.020423,0.02037,0.020309,0.02024,0.020163,0.020076,0.01998,0.019871,0.01975,0.019614,0.01946,0.019285,0.019084,0.01885,0.018576,0.018248,0.017847,0.017347,0.016705,0.015856,0.014697,0.013069,0.010744,0.0074875,0.0033998,0
0,0.0028674,0.0051906,0.0066952,0.0076524,0.0082801,0.0087102,0.0090185,0.009249,0.0094277,0.0095705,0.0096876,0.0097856,0.0098691,0.0099413,0.010005,0.01006,0.01011,0.010155,0.010196,0.010233,0.010268,0.010299,0.010328,0.010356,0.010381,0.010405,0.010427,0.010448,0.010468,0.010487,0.010505,0.010522,0.010539,0.010554,0.010569,0.010583,0.010596,0.010609,0.010621,0.010632,0.010643,0.010653,0.010662,0.010671,0.010679,0.010686,0.010693,0.010699,0.010704,0.010709,0.010712,0.010715,0.010716,0.010717,0.010717,0.010715,0.010712,0.010709,0.010704,0.010697,0.010689,0.01068,0.010669,0.010657,0.010642,0.010626,0.010608,0.010588,0.010565,0.01054,0.010511,0.01048,0.010445,0.010406,0.010361,0.010311,0.010253,0.010186,0.010107,0.010012,0.0098957,0.0097486,0.0095567,0.0092953,0.0089208,0.0083502,0.0074227,0.0058459,0.0032464,0
0,0,0,0,0,0,0,0,0,0,0,0,0,0,0,0,0,0,0,0,0,0,0,0,0,0,0,0,0,0,0,0,0,0,0,0,0,0,0,0,0,0,0,0,0,0,0,0,0,0,0,0,0,0,0,0,0,0,0,0,0,0,0,0,0,0,0,0,0,0,0,0,0,0,0,0,0,0,0,0,0,0,0,0,0,0,0,0,0,0,0
