0,0,0,0,0,0,0,0,0,0,0,0,0,0,0,0,0,0,0,0,0,0,0,0,0,0,0,0,0,0,0,0,0,0,0,0,0,0,0,0,0,0,0,0,0,0,0,0,0,0,0,0,0,0,0,0,0,0,0,0,0,0,0,0,0,0,0,0,0,0,0,0,0,0,0,0,0,0,0,0,0,0,0,0,0,0,0,0,0,0,0
0,-1.2715e-07,-3.4541e-07,-5.3174e-07,-6.1595e-07,-5.6431e-07,-3.6433e-07,-1.5327e-08,4.7689e-07,1.103e-06,1.8521e-06,2.7123e-06,3.6717e-06,4.7187e-06,5.842e-06,7.0308e-06,8.2752e-06,9.5658e-06,1.0894e-05,1.2251e-05,1.3629e-05,1.5022e-05,1.6422e-05,1.7824e-05,1.9221e-05,2.0608e-05,2.1979e-05,2.3329e-05,2.4652e-05,2.5944e-05,2.72e-05,2.8413e-05,2.958e-05,3.0695e-05,3.1754e-05,3.275e-05,3.368e-05,3.4537e-05,3.5317e-05,3.6016e-05,3.6628e-05,3.7148e-05,3.7573e-05,3.7898e-05,3.8119e-05,3.8233e-05,3.8238e-05,3.813e-05,3.7908e-05,3.757e-05,3.7117e-05,3.6548e-05,3.5865e-05,3.5069e-05,3.4164e-05,3.3152e-05,3.204e-05,3.0832e-05,2.9534e-05,2.8156e-05,2.6703e-05,2.5187e-05,2.3617e-05,2.2003e-05,2.0357e-05,1.8691e-05,1.7017e-05,1.5348e-05,1.3695e-05,1.2074e-05,1.0495e-05,8.9716e-06,7.5165e-06,6.1412e-06,4.8571e-06,3.6747e-06,2.6036e-06,1.6526e-06,8.2893e-07,1.3886e-07,-4.1316e-07,-8.2456e-07,-1.0951e-06,-1.2275e-06,-1.2286e-06,-1.1108e-06,-8.945e-07,-6.1261e-07,-3.1629e-07,-8.1189e-08,0
0,-3.4615e-07,-8.4812e-07,-1.1897e-06,-1.1772e-06,-7.0561e-07,2.7222e-07,1.7665e-06,3.7648e-06,6.2408e-06,9.1606e-06,1.2486e-05,1.6176e-05,2.0192e-05,2.4492e-05,2.9039e-05,3.3797e-05,3.873e-05,4.3806e-05,4.8994e-05,5.4265e-05,5.9591e-05,6.4948e-05,7.031e-05,7.5655e-05,8.0959e-05,8.6203e-05,9.1364e-05,9.6422e-05,0.00010136,0.00010615,0.00011078,0.00011523,0.00011948,0.00012351,0.0001273,0.00013082,0.00013408,0.00013703,0.00013967,0.00014198,0.00014393,0.00014552,0.00014673,0.00014754,0.00014795,0.00014794,0.0001475,0.00014663,0.00014533,0.00014359,0.00014141,0.0001388,0.00013577,0.00013232,0.00012848,0.00012426,0.00011968,0.00011477,0.00010955,0.00010406,9.8328e-05,9.2393e-05,8.6295e-05,8.0076e-05,7.3781e-05,6.7453e-05,6.1141e-05,5.4891e-05,4.875e-05,4.2767e-05,3.6988e-05,3.1457e-05,2.6219e-05,2.1314e-05,1.6781e-05,1.2656e-05,8.9679e-06,5.7446e-06,3.0066e-06,7.6858e-07,-9.623e-07,-2.188e-06,-2.9218e-06,-3.1914e-06,-3.0436e-06,-2.551e-06,-1.821e-06,-1.0066e-06,-3.1553e-07,0
0,-5.3493e-07,-1.194e-06,-1.4434e-06,-9.478e-07,4.8524e-07,2.9489e-06,6.4692e-06,1.1028e-05,1.6578e-05,2.3056e-05,3.0386e-05,3.8489e-05,4.7283e-05,5.6686e-05,6.6618e-05,7.7003e-05,8.7768e-05,9.8842e-05,0.00011016,0.00012166,0.00013328,0.00014496,0.00015666,0.00016831,0.00017988,0.00019132,0.00020257,0.0002136,0.00022435,0.00023479,0.00024487,0.00025456,0.0002638,0.00027255,0.00028078,0.00028844,0.00029548,0.00030188,0.00030759,0.00031257,0.00031679,0.00032021,0.00032279,0.00032452,0.00032537,0.00032531,0.00032432,0.0003224,0.00031954,0.00031573,0.00031098,0.0003053,0.00029871,0.00029123,0.00028289,0.00027374,0.00026382,0.00025318,0.00024188,0.00022999,0.00021759,0.00020475,0.00019156,0.00017811,0.00016449,0.0001508,0.00013713,0.0001236,0.00011029,9.7314e-05,8.4767e-05,7.2745e-05,6.134e-05,5.0639e-05,4.0723e-05,3.1666e-05,2.3532e-05,1.6375e-05,1.0239e-05,5.1516e-06,1.1259e-06,-1.8453e-06,-3.7928e-06,-4.7767e-06,-4.8946e-06,-4.2917e-06,-3.174e-06,-1.8236e-06,-6.1145e-07,0
0,-6.2321e-07,-1.1878e-06,-9.5261e-07,5.5713e-07,3.6221e-06,8.3836e-06,1.4885e-05,2.3101e-05,3.2963e-05,4.437e-05,5.7204e-05,7.1336e-05,8.6635e-05,0.00010296,0.00012019,0.00013819,0.00015684,0.00017602,0.00019562,0.00021552,0.00023563,0.00025586,0.0002761,0.00029628,0.0003163,0.00033608,0.00035554,0.00037461,0.0003932,0.00041125,0.00042867,0.00044539,0.00046134,0.00047644,0.00049063,0.00050382,0.00051596,0.00052697,0.00053678,0.00054533,0.00055255,0.0005584,0.00056281,0.00056574,0.00056715,0.00056699,0.00056525,0.00056189,0.00055691,0.00055032,0.0005421,0.0005323,0.00052093,0.00050804,0.00049368,0.00047793,0.00046086,0.00044256,0.00042313,0.0004027,0.00038139,0.00035932,0.00033665,0.00031353,0.00029011,0.00026657,0.00024307,0.00021977,0.00019686,0.0001745,0.00015286,0.00013209,0.00011237,9.3823e-05,7.6597e-05,6.0813e-05,4.6579e-05,3.3984e-05,2.3099e-05,1.397e-05,6.6145e-06,1.0193e-06,-2.8695e-06,-5.1524e-06,-5.988e-06,-5.6063e-06,-4.3257e-06,-2.5717e-06,-8.9681e-07,0
0,-5.7577e-07,-7.1802e-07,4.8977e-07,3.6445e-06,9.1054e-06,1.7056e-05,2.7554e-05,4.0564e-05,5.5989e-05,7.369e-05,9.3499e-05,0.00011523,0.0001387,0.0001637,0.00019005,0.00021755,0.00024602,0.00027529,0.00030518,0.00033555,0.00036622,0.00039706,0.00042792,0.00045867,0.00048919,0.00051933,0.00054899,0.00057803,0.00060635,0.00063382,0.00066033,0.00068577,0.00071003,0.00073299,0.00075454,0.00077458,0.000793,0.0008097,0.00082456,0.0008375,0.00084843,0.00085726,0.0008639,0.00086829,0.00087037,0.00087007,0.00086737,0.00086222,0.00085462,0.00084456,0.00083207,0.00081716,0.00079989,0.00078032,0.00075854,0.00073465,0.00070877,0.00068103,0.0006516,0.00062064,0.00058835,0.00055492,0.00052057,0.00048553,0.00045005,0.00041435,0.0003787,0.00034336,0.00030857,0.00027459,0.00024167,0.00021005,0.00017996,0.00015163,0.00012525,0.00010101,7.906e-05,5.954e-05,4.255e-05,2.8158e-05,1.6387e-05,7.217e-06,5.675e-07,-3.7065e-06,-5.8303e-06,-6.1253e-06,-5.0282e-06,-3.1147e-06,-1.1256e-06,0
0,-3.7714e-07,2.7351e-07,3.001e-06,8.4976e-06,1.7183e-05,2.9272e-05,4.4828e-05,6.3799e-05,8.6056e-05,0.00011141,0.00013965,0.00017052,0.00020377,0.00023913,0.00027634,0.00031514,0.00035528,0.00039653,0.00043864,0.00048139,0.00052458,0.00056798,0.00061142,0.00065469,0.00069762,0.00074002,0.00078172,0.00082256,0.00086237,0.00090097,0.00093823,0.00097396,0.001008,0.0010402,0.0010705,0.0010986,0.0011244,0.0011478,0.0011686,0.0011867,0.001202,0.0012143,0.0012235,0.0012296,0.0012325,0.001232,0.0012282,0.0012209,0.0012102,0.0011961,0.0011785,0.0011576,0.0011334,0.001106,0.0010755,0.0010421,0.0010058,0.00096703,0.00092585,0.00088253,0.00083734,0.00079057,0.0007425,0.00069346,0.00064378,0.00059379,0.00054384,0.00049429,0.00044549,0.00039779,0.00035152,0.00030704,0.00026465,0.00022466,0.00018734,0.00015295,0.0001217,9.3777e-05,6.9318e-05,4.8414e-05,3.1099e-05,1.7343e-05,7.0408e-06,4.2148e-10,-4.0721e-06,-5.5912e-06,-5.1136e-06,-3.3648e-06,-1.2709e-06,0
0,-2.2449e-08,1.8123e-06,6.6397e-06,1.5215e-05,2.7996e-05,4.5211e-05,6.6918e-05,9.304e-05,0.00012341,0.00015779,0.00019589,0.00023741,0.00028201,0.00032936,0.00037912,0.00043095,0.00048454,0.00053956,0.00059571,0.0006527,0.00071025,0.00076808,0.00082593,0.00088356,0.00094071,0.00099716,0.0010527,0.001107,0.00116,0.0012113,0.0012609,0.0013084,0.0013536,0.0013965,0.0014366,0.0014739,0.0015082,0.0015392,0.0015668,0.0015908,0.001611,0.0016273,0.0016396,0.0016476,0.0016513,0.0016506,0.0016455,0.0016358,0.0016216,0.0016028,0.0015796,0.0015518,0.0015197,0.0014834,0.001443,0.0013987,0.0013507,0.0012993,0.0012447,0.0011873,0.0011275,0.0010655,0.0010018,0.00093679,0.00087092,0.00080461,0.00073833,0.00067254,0.0006077,0.00054426,0.00048269,0.00042341,0.00036684,0.00031337,0.00026338,0.00021718,0.00017505,0.00013725,0.00010394,7.5254e-05,5.1227e-05,3.1825e-05,1.6921e-05,6.2746e-06,-4.7456e-07,-3.8329e-06,-4.4742e-06,-3.2689e-06,-1.3184e-06,0
0,4.8768e-07,3.9046e-06,1.1427e-05,2.3838e-05,4.1609e-05,6.4963e-05,9.3934e-05,0.00012841,0.00016818,0.00021293,0.00026233,0.00031599,0.00037349,0.00043442,0.00049836,0.00056491,0.00063364,0.00070417,0.00077611,0.0008491,0.00092277,0.00099679,0.0010708,0.0011445,0.0012177,0.0012898,0.0013608,0.0014303,0.001498,0.0015636,0.0016269,0.0016876,0.0017454,0.0018001,0.0018514,0.001899,0.0019427,0.0019823,0.0020174,0.002048,0.0020738,0.0020945,0.0021101,0.0021203,0.002125,0.0021241,0.0021176,0.0021052,0.0020871,0.0020632,0.0020335,0.0019982,0.0019573,0.0019111,0.0018596,0.0018032,0.0017421,0.0016767,0.0016073,0.0015342,0.001458,0.0013791,0.001298,0.0012152,0.0011312,0.0010466,0.0009621,0.00087812,0.00079529,0.00071419,0.00063539,0.00055944,0.00048686,0.00041815,0.00035376,0.0002941,0.00023954,0.00019038,0.00014683,0.00010905,7.7112e-05,5.0966e-05,3.0463e-05,1.5322e-05,5.1184e-06,-7.4263e-07,-3.046e-06,-2.7979e-06,-1.2613e-06,0
0,1.1499e-06,6.5455e-06,1.7361e-05,3.4374e-05,5.8038e-05,8.8553e-05,0.00012591,0.00016996,0.00022041,0.0002769,0.00033901,0.00040626,0.00047818,0.00055426,0.00063399,0.00071686,0.0008024,0.0008901,0.00097952,0.0010702,0.0011617,0.0012536,0.0013455,0.001437,0.0015277,0.0016173,0.0017053,0.0017915,0.0018754,0.0019568,0.0020352,0.0021104,0.0021821,0.0022498,0.0023133,0.0023723,0.0024264,0.0024754,0.0025189,0.0025568,0.0025887,0.0026143,0.0026336,0.0026462,0.0026521,0.002651,0.0026429,0.0026276,0.0026052,0.0025757,0.0025391,0.0024955,0.0024451,0.002388,0.0023245,0.0022548,0.0021794,0.0020986,0.0020129,0.0019227,0.0018285,0.001731,0.0016307,0.0015283,0.0014245,0.0013198,0.0012152,0.0011111,0.0010084,0.00090776,0.00080987,0.00071541,0.00062502,0.0005393,0.00045882,0.00038407,0.0003155,0.00025347,0.00019827,0.00015009,0.000109,7.4973e-05,4.7838e-05,2.7277e-05,1.2803e-05,3.7424e-06,-7.9438e-07,-1.9382e-06,-1.0975e-06,0
0,1.9596e-06,9.7241e-06,2.4426e-05,4.6803e-05,7.7266e-05,0.00011596,0.00016284,0.00021766,0.00028008,0.00034965,0.00042587,0.00050819,0.00059602,0.00068877,0.00078584,0.00088663,0.00099057,0.0010971,0.0012056,0.0013156,0.0014266,0.001538,0.0016494,0.0017602,0.0018701,0.0019786,0.0020853,0.0021896,0.0022912,0.0023897,0.0024847,0.0025757,0.0026624,0.0027444,0.0028212,0.0028926,0.002958,0.0030173,0.00307,0.0031157,0.0031543,0.0031854,0.0032087,0.0032241,0.0032312,0.00323,0.0032202,0.0032019,0.003175,0.0031395,0.0030954,0.0030429,0.0029821,0.0029133,0.0028368,0.0027529,0.002662,0.0025645,0.0024611,0.0023523,0.0022387,0.002121,0.0019999,0.0018763,0.0017508,0.0016243,0.0014976,0.0013716,0.0012472,0.0011252,0.0010064,0.0008916,0.00078161,0.00067713,0.00057885,0.00048736,0.0004032,0.0003268,0.00025851,0.00019856,0.00014706,0.00010399,6.9161e-05,4.2222e-05,2.2636e-05,9.6547e-06,2.2955e-06,-6.8584e-07,-8.2763e-07,0
0,2.9115e-06,1.3426e-05,3.2598e-05,6.1094e-05,9.9254e-05,0.00014715,0.00020466,0.00027146,0.00034712,0.00043112,0.00052284,0.00062165,0.00072687,0.00083779,0.00095374,0.001074,0.0011979,0.0013248,0.001454,0.001585,0.001717,0.0018495,0.0019819,0.0021137,0.0022443,0.0023733,0.0025,0.0026239,0.0027446,0.0028616,0.0029744,0.0030825,0.0031855,0.0032828,0.0033741,0.0034588,0.0035365,0.0036069,0.0036695,0.0037239,0.0037697,0.0038067,0.0038345,0.0038528,0.0038614,0.0038601,0.0038487,0.0038272,0.0037955,0.0037537,0.0037016,0.0036397,0.0035679,0.0034866,0.0033961,0.0032969,0.0031894,0.0030742,0.0029518,0.002823,0.0026885,0.0025491,0.0024057,0.0022591,0.0021102,0.0019601,0.0018097,0.00166,0.001512,0.0013668,0.0012252,0.0010883,0.00095693,0.00083194,0.00071414,0.00060424,0.00050288,0.00041057,0.00032773,0.00025463,0.00019144,0.00013812,9.4506e-05,6.0208e-05,3.4646e-05,1.7008e-05,6.2266e-06,9.5714e-07,-4.5362e-07,0
0,4.0007e-06,1.7636e-05,4.185e-05,7.7206e-05,0.00012395,0.00018206,0.0002513,0.00033128,0.00042145,0.00052119,0.0006298,0.00074652,0.00087057,0.0010012,0.0011375,0.0012787,0.0014242,0.001573,0.0017244,0.0018778,0.0020324,0.0021876,0.0023426,0.0024968,0.0026497,0.0028005,0.0029487,0.0030937,0.0032349,0.0033717,0.0035036,0.00363,0.0037504,0.0038642,0.0039709,0.00407,0.0041609,0.0042433,0.0043165,0.0043802,0.0044339,0.0044773,0.00451,0.0045316,0.0045419,0.0045407,0.0045278,0.004503,0.0044663,0.0044178,0.0043574,0.0042854,0.0042021,0.0041076,0.0040024,0.0038869,0.0037618,0.0036276,0.0034851,0.003335,0.0031782,0.0030156,0.0028482,0.002677,0.0025031,0.0023277,0.0021518,0.0019766,0.0018032,0.0016329,0.0014668,0.0013059,0.0011513,0.001004,0.00086499,0.00073499,0.00061479,0.00050499,0.0004061,0.00031845,0.00024223,0.00017745,0.00012393,8.1267e-05,4.8849e-05,2.5805e-05,1.0996e-05,2.9861e-06,2.1869e-08,0
0,5.222e-06,2.2338e-05,5.2151e-05,9.5094e-05,0.00015129,0.0002206,0.00030268,0.00039701,0.00050294,0.00061974,0.00074659,0.00088261,0.0010269,0.0011786,0.0013368,0.0015006,0.001669,0.0018413,0.0020165,0.0021939,0.0023726,0.0025519,0.002731,0.0029091,0.0030856,0.0032598,0.0034309,0.0035983,0.0037613,0.0039192,0.0040715,0.0042174,0.0043564,0.0044878,0.004611,0.0047255,0.0048306,0.0049257,0.0050104,0.0050841,0.0051464,0.0051967,0.0052347,0.00526,0.0052723,0.0052713,0.0052568,0.0052288,0.005187,0.0051316,0.0050626,0.0049802,0.0048846,0.0047762,0.0046555,0.004523,0.0043792,0.004225,0.0040611,0.0038885,0.003708,0.0035208,0.0033279,0.0031306,0.00293,0.0027275,0.0025243,0.0023218,0.0021213,0.0019241,0.0017315,0.0015448,0.0013652,0.0011938,0.0010317,0.00087989,0.00073918,0.00061029,0.00049381,0.00039016,0.00029956,0.00022205,0.00015748,0.00010543,6.5255e-05,3.6046e-05,1.6597e-05,5.3955e-06,5.9616e-07,0
0,6.5709e-06,2.7517e-05,6.3472e-05,0.00011471,0.00018122,0.0002627,0.00035869,0.00046854,0.00059147,0.00072662,0.00087304,0.0010298,0.0011958,0.00137,0.0015515,0.0017392,0.0019322,0.0021293,0.0023298,0.0025327,0.002737,0.0029419,0.0031465,0.00335,0.0035516,0.0037505,0.0039459,0.0041371,0.0043232,0.0045036,0.0046775,0.0048442,0.0050029,0.005153,0.0052938,0.0054246,0.0055448,0.0056536,0.0057506,0.0058351,0.0059065,0.0059643,0.0060082,0.0060376,0.0060522,0.0060517,0.0060358,0.0060045,0.0059576,0.0058951,0.0058171,0.0057239,0.0056157,0.0054928,0.0053559,0.0052054,0.0050422,0.0048669,0.0046805,0.0044841,0.0042786,0.0040653,0.0038455,0.0036204,0.0033915,0.0031602,0.002928,0.0026963,0.0024668,0.0022408,0.0020199,0.0018055,0.001599,0.0014017,0.0012147,0.0010393,0.00087634,0.0007267,0.00059106,0.0004699,0.00036352,0.000272,0.0001952,0.00013271,8.3875e-05,4.7732e-05,2.3027e-05,8.1806e-06,1.2669e-06,0
0,8.0429e-06,3.3158e-05,7.5784e-05,0.00013602,0.00021366,0.00030828,0.00041924,0.00054575,0.0006869,0.00084167,0.001009,0.0011878,0.0013768,0.0015751,0.0017813,0.0019944,0.0022133,0.0024369,0.0026641,0.0028939,0.0031252,0.0033572,0.0035888,0.0038191,0.0040472,0.0042723,0.0044933,0.0047096,0.0049202,0.0051243,0.005321,0.0055096,0.0056893,0.0058593,0.0060187,0.0061669,0.0063031,0.0064266,0.0065367,0.0066326,0.0067139,0.00678,0.0068302,0.0068642,0.0068815,0.0068817,0.0068647,0.0068302,0.0067782,0.0067085,0.0066214,0.006517,0.0063957,0.0062579,0.006104,0.0059349,0.0057512,0.0055539,0.005344,0.0051225,0.0048907,0.00465,0.0044017,0.0041473,0.0038884,0.0036266,0.0033636,0.003101,0.0028405,0.0025839,0.0023327,0.0020887,0.0018533,0.0016281,0.0014144,0.0012136,0.0010266,0.00085451,0.00069807,0.00055786,0.00043426,0.0003274,0.00023717,0.00016317,0.00010473,6.0867e-05,3.0285e-05,1.1338e-05,2.0323e-06,0
0,9.634e-06,3.9247e-05,8.9058e-05,0.00015896,0.00024856,0.00035725,0.00048423,0.00062852,0.00078908,0.00096473,0.0011543,0.0013564,0.0015699,0.0017935,0.002026,0.0022659,0.0025122,0.0027636,0.003019,0.0032772,0.003537,0.0037975,0.0040575,0.004316,0.004572,0.0048245,0.0050726,0.0053153,0.0055517,0.0057807,0.0060016,0.0062134,0.0064152,0.0066062,0.0067854,0.006952,0.0071052,0.0072443,0.0073683,0.0074767,0.0075686,0.0076435,0.0077007,0.0077398,0.0077602,0.0077616,0.0077437,0.0077062,0.0076491,0.0075722,0.0074758,0.0073601,0.0072253,0.007072,0.0069007,0.0067122,0.0065073,0.0062869,0.0060524,0.0058047,0.0055454,0.0052758,0.0049975,0.0047123,0.0044217,0.0041277,0.003832,0.0035366,0.0032433,0.002954,0.0026706,0.002395,0.0021288,0.0018738,0.0016314,0.0014032,0.0011904,0.00099405,0.00081511,0.00065426,0.00051195,0.00038837,0.00028346,0.00019684,0.00012784,7.5465e-05,3.8372e-05,1.4869e-05,2.8915e-06,0
0,1.1341e-05,4.5771e-05,0.00010327,0.0001835,0.00028586,0.00040954,0.00055354,0.00071673,0.00089787,0.0010956,0.0013087,0.0015355,0.0017749,0.0020252,0.0022852,0.0025534,0.0028285,0.0031092,0.0033941,0.0036821,0.0039719,0.0042622,0.004552,0.0048402,0.0051255,0.0054069,0.0056834,0.0059538,0.0062173,0.0064726,0.0067189,0.0069551,0.0071802,0.0073933,0.0075934,0.0077795,0.0079508,0.0081064,0.0082454,0.008367,0.0084704,0.0085549,0.0086198,0.0086646,0.0086887,0.0086916,0.0086731,0.0086329,0.0085708,0.0084868,0.0083811,0.0082538,0.0081053,0.007936,0.0077468,0.0075382,0.0073113,0.0070671,0.0068068,0.0065319,0.0062437,0.0059439,0.0056342,0.0053165,0.0049926,0.0046645,0.0043344,0.0040042,0.0036761,0.0033522,0.0030346,0.0027253,0.0024262,0.0021393,0.0018663,0.0016087,0.0013681,0.0011457,0.00094252,0.00075936,0.00059679,0.00045507,0.00033419,0.00023381,0.00015326,9.1551e-05,4.7301e-05,1.8773e-05,3.8443e-06,0
0,1.3159e-05,5.2718e-05,0.00011839,0.00020959,0.00032549,0.00046506,0.00062709,0.00081025,0.0010131,0.0012342,0.001472,0.0017249,0.0019914,0.0022698,0.0025587,0.0028566,0.0031619,0.0034733,0.0037892,0.0041084,0.0044295,0.0047512,0.0050722,0.0053913,0.0057073,0.006019,0.0063252,0.0066248,0.0069166,0.0071995,0.0074724,0.0077343,0.007984,0.0082204,0.0084425,0.0086493,0.0088398,0.009013,0.0091679,0.0093036,0.0094193,0.0095142,0.0095876,0.0096387,0.0096671,0.0096721,0.0096535,0.0096108,0.0095441,0.0094531,0.009338,0.009199,0.0090365,0.0088511,0.0086434,0.0084142,0.0081645,0.0078956,0.0076087,0.0073053,0.0069871,0.0066557,0.0063131,0.0059613,0.0056024,0.0052385,0.004872,0.0045052,0.0041402,0.0037796,0.0034256,0.0030805,0.0027465,0.0024255,0.0021197,0.0018308,0.0015604,0.00131,0.0010807,0.00087349,0.00068903,0.00052769,0.00038949,0.00027416,0.00018105,0.00010916,5.7088e-05,2.3059e-05,4.8917e-06,0
0,1.5086e-05,6.0075e-05,0.0001344,0.0002372,0.0003674,0.00052373,0.00070476,0.00090897,0.0011347,0.0013803,0.0016441,0.0019243,0.0022192,0.0025271,0.0028463,0.0031752,0.0035122,0.0038556,0.0042039,0.0045557,0.0049095,0.0052639,0.0056175,0.005969,0.0063171,0.0066604,0.0069977,0.0073277,0.0076493,0.0079611,0.008262,0.0085508,0.0088262,0.0090872,0.0093326,0.0095612,0.009772,0.0099638,0.010136,0.010287,0.010416,0.010522,0.010604,0.010663,0.010696,0.010704,0.010685,0.010641,0.01057,0.010472,0.010347,0.010197,0.01002,0.0098183,0.0095918,0.0093414,0.0090684,0.0087739,0.0084595,0.0081266,0.007777,0.0074127,0.0070358,0.0066483,0.0062526,0.0058511,0.0054464,0.0050408,0.004637,0.0042375,0.003845,0.0034618,0.0030905,0.0027334,0.0023926,0.0020701,0.0017678,0.0014874,0.0012301,0.00099701,0.00078898,0.00060645,0.00044954,0.00031803,0.00021129,0.00012834,6.7758e-05,2.7736e-05,6.0357e-06,0
0,1.712e-05,6.7833e-05,0.00015127,0.00026628,0.00041153,0.00058548,0.00078647,0.0010128,0.0012625,0.0015338,0.0018248,0.0021336,0.0024582,0.0027969,0.0031477,0.003509,0.0038789,0.0042557,0.0046379,0.0050237,0.0054116,0.0058001,0.0061877,0.0065729,0.0069544,0.0073307,0.0077005,0.0080623,0.0084149,0.008757,0.0090872,0.0094042,0.0097067,0.0099936,0.010263,0.010515,0.010747,0.010959,0.011149,0.011316,0.011459,0.011578,0.011671,0.011737,0.011776,0.011787,0.01177,0.011723,0.011648,0.011544,0.011411,0.011248,0.011058,0.010839,0.010593,0.010321,0.010024,0.0097037,0.0093607,0.0089973,0.0086153,0.0082167,0.0078039,0.0073791,0.006945,0.006504,0.006059,0.0056126,0.0051678,0.0047273,0.0042939,0.0038704,0.0034596,0.0030639,0.0026858,0.0023275,0.0019912,0.0016786,0.0013912,0.0011304,0.00089699,0.00069165,0.00051456,0.00036556,0.00024408,0.00014915,7.9344e-05,3.2817e-05,7.2793e-06,0
0,1.9256e-05,7.598e-05,0.00016898,0.0002968,0.00045782,0.00065023,0.00087212,0.0011215,0.0013963,0.0016945,0.0020139,0.0023524,0.0027081,0.0030788,0.0034627,0.0038576,0.0042618,0.0046735,0.0050907,0.0055119,0.0059353,0.0063593,0.0067823,0.0072027,0.007619,0.0080296,0.0084332,0.0088283,0.0092133,0.009587,0.0099478,0.010294,0.010625,0.010939,0.011235,0.011511,0.011766,0.011999,0.012208,0.012392,0.012551,0.012683,0.012787,0.012862,0.012907,0.012922,0.012907,0.01286,0.012781,0.012671,0.012529,0.012355,0.01215,0.011915,0.01165,0.011356,0.011034,0.010687,0.010314,0.0099193,0.0095036,0.0090695,0.0086194,0.0081557,0.0076813,0.007199,0.0067117,0.0062224,0.0057343,0.0052504,0.0047739,0.0043077,0.0038548,0.0034182,0.0030004,0.002604,0.0022312,0.0018842,0.0015647,0.0012741,0.0010135,0.0007836,0.00058477,0.00041693,0.00027955,0.00017167,9.1889e-05,3.8321e-05,8.6269e-06,0
0,2.1492e-05,8.4507e-05,0.00018751,0.00032872,0.00050622,0.00071791,0.00096161,0.0012351,0.001536,0.0018622,0.0022111,0.0025807,0.0029687,0.0033727,0.0037908,0.0042208,0.0046607,0.0051085,0.0055622,0.0060202,0.0064804,0.0069412,0.007401,0.0078579,0.0083103,0.0087568,0.0091956,0.0096252,0.010044,0.010451,0.010843,0.011221,0.011582,0.011924,0.012247,0.012548,0.012827,0.013082,0.013312,0.013515,0.01369,0.013837,0.013953,0.014038,0.014091,0.014111,0.014098,0.014051,0.013969,0.013853,0.013703,0.013518,0.013299,0.013047,0.012763,0.012446,0.0121,0.011724,0.011322,0.010895,0.010444,0.0099732,0.0094842,0.00898,0.0084636,0.0079379,0.0074063,0.006872,0.0063383,0.0058087,0.0052865,0.0047751,0.0042778,0.0037976,0.0033376,0.0029005,0.0024889,0.0021052,0.0017512,0.0014287,0.0011389,0.00088268,0.00066049,0.00047236,0.00031783,0.000196,0.00010544,4.427e-05,1.0084e-05,0
0,2.3826e-05,9.3403e-05,0.00020683,0.00036201,0.00055667,0.00078844,0.0010548,0.0013534,0.0016815,0.0020367,0.0024164,0.0028182,0.0032397,0.0036783,0.004132,0.0045983,0.0050751,0.0055604,0.006052,0.006548,0.0070464,0.0075455,0.0080433,0.0085381,0.0090282,0.0095117,0.0099871,0.010453,0.010907,0.011348,0.011774,0.012184,0.012576,0.012948,0.013299,0.013628,0.013932,0.014211,0.014462,0.014685,0.014878,0.01504,0.01517,0.015266,0.015327,0.015354,0.015344,0.015297,0.015214,0.015093,0.014935,0.014739,0.014507,0.014238,0.013933,0.013595,0.013223,0.012819,0.012386,0.011925,0.011439,0.01093,0.010401,0.0098542,0.009294,0.0087231,0.008145,0.0075634,0.0069818,0.006404,0.0058337,0.0052744,0.0047299,0.0042035,0.0036986,0.0032183,0.0027653,0.0023424,0.0019516,0.0015949,0.0012738,0.00098932,0.00074203,0.00053208,0.00035911,0.00022224,0.00012007,5.0691e-05,1.1657e-05,0
0,2.6256e-05,0.00010266,0.00022694,0.00039663,0.00060913,0.00086175,0.0011517,0.0014763,0.0018326,0.002218,0.0026296,0.0030647,0.0035209,0.0039954,0.0044858,0.0049897,0.0055048,0.0060288,0.0065596,0.007095,0.0076331,0.0081717,0.008709,0.009243,0.009772,0.010294,0.010808,0.01131,0.011801,0.012278,0.012739,0.013183,0.013607,0.014011,0.014392,0.014749,0.01508,0.015384,0.015658,0.015903,0.016115,0.016294,0.016438,0.016546,0.016617,0.016651,0.016645,0.016601,0.016516,0.016391,0.016225,0.016019,0.015773,0.015488,0.015164,0.014803,0.014405,0.013973,0.013508,0.013013,0.01249,0.011942,0.011371,0.010781,0.010175,0.0095566,0.00893,0.0082987,0.0076668,0.0070383,0.0064171,0.0058074,0.0052129,0.0046376,0.004085,0.0035586,0.0030616,0.0025968,0.0021667,0.0017735,0.0014188,0.001104,0.00082978,0.00059639,0.00040357,0.00025051,0.00013584,5.7616e-05,1.3354e-05,0
0,2.8777e-05,0.00011227,0.0002478,0.00043254,0.00066354,0.00093778,0.0012522,0.0016037,0.0019892,0.0024057,0.0028503,0.00332,0.003812,0.0043236,0.004852,0.0053948,0.0059494,0.0065135,0.0070848,0.0076609,0.0082398,0.0088194,0.0093975,0.0099722,0.010542,0.011104,0.011656,0.012198,0.012727,0.013241,0.013738,0.014217,0.014675,0.015112,0.015524,0.015911,0.016271,0.016601,0.0169,0.017167,0.0174,0.017597,0.017757,0.017879,0.017962,0.018003,0.018003,0.017961,0.017876,0.017747,0.017575,0.01736,0.017101,0.0168,0.016456,0.016072,0.015649,0.015188,0.014691,0.014161,0.0136,0.013011,0.012397,0.011762,0.011108,0.010441,0.0097635,0.0090804,0.0083956,0.0077137,0.007039,0.0063759,0.0057286,0.0051014,0.0044982,0.0039228,0.0033789,0.0028694,0.0023974,0.0019651,0.0015746,0.0012273,0.00092414,0.00066558,0.00045144,0.00028097,0.00015283,6.5081e-05,1.5183e-05,0
0,3.1389e-05,0.00012221,0.00026939,0.00046971,0.00071984,0.0010164,0.0013561,0.0017354,0.0021511,0.0025999,0.0030785,0.0035838,0.0041129,0.0046626,0.0052303,0.0058132,0.0064086,0.0070141,0.0076271,0.0082453,0.0088664,0.0094881,0.010108,0.010725,0.011336,0.011939,0.012533,0.013115,0.013683,0.014236,0.014771,0.015286,0.015781,0.016251,0.016697,0.017115,0.017504,0.017863,0.018188,0.018479,0.018734,0.018951,0.019129,0.019266,0.01936,0.019412,0.019419,0.01938,0.019296,0.019165,0.018987,0.018763,0.018492,0.018175,0.017812,0.017406,0.016956,0.016466,0.015937,0.015371,0.014771,0.01414,0.013482,0.012799,0.012097,0.011378,0.010648,0.0099106,0.0091705,0.0084325,0.0077014,0.006982,0.0062789,0.0055967,0.0049399,0.0043125,0.0037186,0.0031616,0.0026447,0.0021707,0.0017418,0.0013597,0.0010256,0.00074001,0.00050296,0.00031376,0.00017113,7.3126e-05,1.7157e-05,0
0,3.4088e-05,0.00013249,0.0002917,0.0005081,0.00077799,0.0010976,0.0014634,0.0018714,0.0023182,0.0028002,0.0033139,0.003856,0.0044231,0.0050123,0.0056204,0.0062446,0.006882,0.0075301,0.0081861,0.0088476,0.0095122,0.010178,0.010841,0.011501,0.012155,0.012801,0.013437,0.014061,0.01467,0.015263,0.015837,0.016391,0.016922,0.017429,0.017909,0.01836,0.01878,0.019168,0.019522,0.019839,0.020117,0.020356,0.020552,0.020706,0.020814,0.020877,0.020892,0.020858,0.020776,0.020644,0.020461,0.020229,0.019946,0.019614,0.019233,0.018804,0.018329,0.017809,0.017247,0.016645,0.016005,0.015332,0.014628,0.013897,0.013143,0.012372,0.011586,0.010792,0.0099939,0.0091971,0.0084067,0.0076279,0.0068659,0.0061255,0.0054118,0.0047292,0.0040822,0.0034746,0.0029099,0.0023913,0.0019213,0.001502,0.0011346,0.00082006,0.00055839,0.00034907,0.00019085,8.1796e-05,1.9285e-05,0
0,3.6872e-05,0.00014308,0.0003147,0.00054767,0.00083791,0.0011813,0.0015739,0.0020115,0.0024903,0.0030065,0.0035563,0.0041362,0.0047426,0.0053722,0.0060219,0.0066886,0.0073692,0.0080611,0.0087613,0.0094674,0.010177,0.010887,0.011596,0.0123,0.012999,0.013689,0.014368,0.015035,0.015686,0.016321,0.016936,0.017529,0.018099,0.018643,0.019159,0.019645,0.020099,0.020518,0.020901,0.021245,0.021549,0.021811,0.022028,0.022199,0.022323,0.022398,0.022423,0.022396,0.022317,0.022185,0.021999,0.02176,0.021466,0.02112,0.020721,0.02027,0.019769,0.01922,0.018624,0.017985,0.017306,0.016588,0.015837,0.015057,0.01425,0.013423,0.012581,0.011727,0.010868,0.01001,0.0091572,0.0083159,0.0074917,0.0066899,0.0059159,0.0051747,0.0044712,0.0038097,0.0031941,0.0026279,0.002114,0.0016548,0.0012518,0.00090614,0.00061804,0.00038708,0.00021209,9.1144e-05,2.1581e-05,0
0,3.9737e-05,0.00015399,0.00033836,0.00058838,0.00089956,0.0012674,0.0016875,0.0021556,0.0026673,0.0032186,0.0038055,0.0044242,0.0050709,0.0057421,0.0064345,0.0071448,0.0078698,0.0086067,0.0093524,0.010104,0.01086,0.011616,0.012371,0.013121,0.013866,0.014601,0.015326,0.016037,0.016732,0.01741,0.018067,0.018702,0.019312,0.019895,0.020448,0.02097,0.021459,0.021911,0.022325,0.022699,0.023029,0.023316,0.023556,0.023747,0.023888,0.023977,0.024013,0.023994,0.02392,0.023789,0.023601,0.023356,0.023053,0.022693,0.022276,0.021804,0.021278,0.020699,0.020071,0.019395,0.018674,0.017912,0.017113,0.016281,0.01542,0.014536,0.013634,0.012719,0.011797,0.010873,0.0099554,0.0090484,0.0081586,0.0072918,0.0064541,0.0056508,0.0048873,0.0041684,0.0034985,0.0028815,0.0023208,0.0018188,0.0013777,0.00099871,0.00068223,0.00042802,0.00023498,0.00010122,2.4059e-05,0
0,4.2681e-05,0.00016519,0.00036267,0.0006302,0.00096286,0.0013558,0.0018042,0.0023035,0.002849,0.0034363,0.0040613,0.0047197,0.0054078,0.0061217,0.0068578,0.0076128,0.0083834,0.0091663,0.0099587,0.010758,0.01156,0.012364,0.013166,0.013964,0.014755,0.015538,0.016308,0.017065,0.017806,0.018528,0.019229,0.019907,0.020558,0.021182,0.021775,0.022335,0.02286,0.023347,0.023794,0.024198,0.024558,0.024871,0.025135,0.025348,0.025508,0.025613,0.025662,0.025653,0.025585,0.025457,0.025268,0.025018,0.024707,0.024334,0.023901,0.023408,0.022857,0.02225,0.021588,0.020874,0.020112,0.019305,0.018457,0.017572,0.016655,0.015712,0.014748,0.013769,0.012781,0.01179,0.010804,0.0098278,0.0088689,0.0079337,0.0070285,0.0061594,0.0053322,0.0045523,0.0038246,0.0031534,0.0025426,0.001995,0.0015131,0.0010983,0.00075131,0.0004721,0.00025965,0.00011209,2.6735e-05,0
0,4.5701e-05,0.00017668,0.00038759,0.00067307,0.0010278,0.0014464,0.0019239,0.0024551,0.0030351,0.0036594,0.0043233,0.0050225,0.0057529,0.0065105,0.0072915,0.0080923,0.0089094,0.0097396,0.01058,0.011427,0.012278,0.01313,0.013981,0.014827,0.015667,0.016497,0.017316,0.01812,0.018907,0.019675,0.020422,0.021143,0.021839,0.022504,0.023139,0.023738,0.024301,0.024825,0.025306,0.025744,0.026134,0.026476,0.026766,0.027002,0.027183,0.027306,0.027369,0.027372,0.027312,0.027189,0.027001,0.026748,0.026429,0.026045,0.025597,0.025084,0.024509,0.023873,0.023178,0.022427,0.021623,0.02077,0.019871,0.018933,0.017959,0.016955,0.015927,0.014881,0.013824,0.012763,0.011705,0.010657,0.0096251,0.0086176,0.0076412,0.0067024,0.0058077,0.004963,0.0041738,0.0034449,0.0027805,0.0021841,0.0016584,0.0012053,0.00082565,0.00051958,0.00028623,0.00012382,2.9625e-05,0
0,4.8793e-05,0.00018844,0.00041311,0.00071696,0.0010942,0.0015392,0.0020463,0.0026102,0.0032256,0.0038876,0.0045914,0.0053323,0.006106,0.0069082,0.007735,0.0085826,0.0094474,0.010326,0.011215,0.012111,0.013012,0.013914,0.014814,0.015711,0.0166,0.01748,0.018347,0.0192,0.020035,0.020851,0.021644,0.022411,0.023151,0.023861,0.024538,0.025179,0.025782,0.026343,0.026862,0.027334,0.027757,0.028129,0.028447,0.028709,0.028912,0.029055,0.029135,0.029151,0.029101,0.028984,0.028799,0.028544,0.02822,0.027826,0.027363,0.026832,0.026233,0.025569,0.024841,0.024053,0.023207,0.022308,0.021359,0.020365,0.019332,0.018266,0.017172,0.016057,0.014929,0.013795,0.012662,0.011537,0.01043,0.0093461,0.0082945,0.007282,0.0063158,0.0054023,0.0045476,0.0037572,0.0030357,0.0023872,0.0018147,0.0013204,0.00090565,0.00057072,0.00031489,0.00013648,3.2748e-05,0
0,5.1954e-05,0.00020047,0.00043919,0.00076181,0.0011621,0.0016339,0.0021714,0.0027687,0.0034203,0.0041208,0.0048653,0.0056487,0.0064666,0.0073144,0.008188,0.0090835,0.0099969,0.010925,0.011864,0.01281,0.013762,0.014714,0.015666,0.016613,0.017553,0.018483,0.019401,0.020304,0.021189,0.022053,0.022894,0.023709,0.024496,0.025251,0.025972,0.026656,0.0273,0.027902,0.028459,0.028967,0.029425,0.029829,0.030177,0.030466,0.030695,0.030859,0.030958,0.03099,0.030952,0.030843,0.030662,0.030407,0.030079,0.029677,0.029202,0.028653,0.028032,0.02734,0.026581,0.025755,0.024868,0.023921,0.022921,0.021871,0.020778,0.019648,0.018486,0.017301,0.016098,0.014888,0.013676,0.012473,0.011285,0.010121,0.0089906,0.0079003,0.0068583,0.0058719,0.0049476,0.0040917,0.0033093,0.002605,0.0019824,0.0014441,0.00099174,0.0006258,0.0003458,0.00015013,3.6124e-05,0
0,5.518e-05,0.00021274,0.00046581,0.00080759,0.0012314,0.0017306,0.002299,0.0029304,0.0036188,0.0043587,0.0051446,0.0059715,0.0068344,0.0077287,0.00865,0.0095942,0.010557,0.011536,0.012525,0.013523,0.014526,0.015531,0.016534,0.017534,0.018526,0.019508,0.020477,0.021431,0.022366,0.023281,0.024171,0.025035,0.02587,0.026672,0.027439,0.028167,0.028855,0.029499,0.030096,0.030643,0.031137,0.031575,0.031956,0.032274,0.032529,0.032718,0.032838,0.032887,0.032863,0.032764,0.032589,0.032337,0.032007,0.031598,0.031111,0.030546,0.029904,0.029187,0.028396,0.027534,0.026605,0.025612,0.02456,0.023453,0.022299,0.021103,0.019872,0.018613,0.017334,0.016044,0.014752,0.013465,0.012194,0.010946,0.0097319,0.0085595,0.0074374,0.0063736,0.0053755,0.0044498,0.0036026,0.0028388,0.0021626,0.0015772,0.0010844,0.00068512,0.00037911,0.00016488,3.9774e-05,0
0,5.8468e-05,0.00022524,0.00049293,0.00085423,0.001302,0.0018291,0.002429,0.0030951,0.0038211,0.004601,0.0054292,0.0063002,0.007209,0.0081506,0.0091205,0.010114,0.011128,0.012157,0.013199,0.014249,0.015305,0.016363,0.017419,0.018471,0.019516,0.020551,0.021573,0.02258,0.023567,0.024533,0.025474,0.026388,0.027272,0.028123,0.028937,0.029712,0.030445,0.031132,0.031771,0.032358,0.032891,0.033366,0.03378,0.034131,0.034415,0.034629,0.034772,0.034841,0.034833,0.034747,0.034581,0.034333,0.034002,0.033589,0.033092,0.032513,0.031851,0.031108,0.030287,0.02939,0.028419,0.02738,0.026276,0.025113,0.023896,0.022633,0.021331,0.019996,0.018639,0.017267,0.01589,0.014517,0.013158,0.011823,0.010521,0.0092618,0.0080551,0.0069094,0.0058329,0.0048332,0.0039168,0.0030895,0.0023561,0.0017201,0.001184,0.00074901,0.00041503,0.00018079,4.372e-05,0
0,6.1813e-05,0.00023797,0.00052053,0.00090169,0.0013738,0.0019294,0.0025613,0.0032627,0.0040269,0.0048475,0.0057187,0.0066346,0.00759,0.0085798,0.009599,0.010643,0.011708,0.01279,0.013884,0.014988,0.016097,0.017208,0.018319,0.019425,0.020524,0.021613,0.022689,0.023749,0.024789,0.025808,0.026801,0.027767,0.028701,0.029602,0.030465,0.031288,0.032068,0.0328,0.033483,0.034112,0.034685,0.035199,0.035649,0.036033,0.036348,0.036591,0.036759,0.03685,0.036861,0.036789,0.036633,0.036392,0.036064,0.035648,0.035143,0.034551,0.033871,0.033105,0.032255,0.031323,0.030312,0.029226,0.028071,0.02685,0.025571,0.02424,0.022865,0.021454,0.020015,0.018558,0.017094,0.015631,0.014181,0.012753,0.011359,0.010009,0.0087135,0.0074812,0.0063217,0.0052432,0.0042533,0.0033583,0.0025637,0.0018737,0.0012912,0.00081779,0.00045374,0.00019796,4.7986e-05,0
0,6.5212e-05,0.0002509,0.00054858,0.00094992,0.0014468,0.0020313,0.0026958,0.003433,0.0042359,0.0050979,0.0060127,0.0069743,0.0079771,0.0090156,0.010085,0.01118,0.012298,0.013432,0.01458,0.015738,0.016901,0.018067,0.019233,0.020394,0.021548,0.022692,0.023822,0.024936,0.026031,0.027103,0.02815,0.029169,0.030155,0.031107,0.032021,0.032893,0.033721,0.0345,0.035229,0.035902,0.036517,0.037071,0.037559,0.037979,0.038328,0.038601,0.038797,0.038912,0.038943,0.038889,0.038746,0.038513,0.038189,0.037773,0.037263,0.03666,0.035964,0.035176,0.034299,0.033333,0.032283,0.031152,0.029945,0.028667,0.027325,0.025925,0.024476,0.022986,0.021464,0.01992,0.018365,0.016809,0.015264,0.01374,0.01225,0.010804,0.0094146,0.0080909,0.0068435,0.0056815,0.0046134,0.0036463,0.0027865,0.0020387,0.0014064,0.00089183,0.00049546,0.00021649,5.2599e-05,0
0,6.8662e-05,0.00026402,0.00057704,0.00099886,0.0015208,0.0021346,0.0028322,0.0036058,0.004448,0.005352,0.0063111,0.0073189,0.0083696,0.0094577,0.010578,0.011725,0.012895,0.014083,0.015286,0.016498,0.017717,0.018938,0.020159,0.021376,0.022586,0.023786,0.024972,0.026141,0.027291,0.028418,0.02952,0.030592,0.031632,0.032636,0.033601,0.034524,0.035402,0.03623,0.037005,0.037725,0.038384,0.03898,0.039508,0.039966,0.04035,0.040656,0.040882,0.041023,0.041078,0.041043,0.040916,0.040694,0.040377,0.039962,0.039449,0.038838,0.038128,0.03732,0.036417,0.035419,0.034331,0.033156,0.031898,0.030563,0.029158,0.027689,0.026165,0.024595,0.022988,0.021354,0.019706,0.018053,0.016409,0.014786,0.013195,0.011649,0.010161,0.0087405,0.0074002,0.0061498,0.0049986,0.0039548,0.0030253,0.0022158,0.0015303,0.0009715,0.00054041,0.00023648,5.7585e-05,0
0,7.2156e-05,0.00027732,0.00060588,0.0010485,0.0015959,0.0022394,0.0029704,0.0037809,0.004663,0.0056095,0.0066133,0.007668,0.0087674,0.0099056,0.011077,0.012277,0.0135,0.014743,0.016,0.017268,0.018542,0.01982,0.021097,0.022371,0.023637,0.024893,0.026136,0.027361,0.028567,0.02975,0.030907,0.032034,0.033128,0.034186,0.035204,0.03618,0.037108,0.037986,0.038811,0.039577,0.040282,0.040922,0.041492,0.04199,0.042412,0.042753,0.043011,0.043181,0.043261,0.043248,0.043139,0.042931,0.042623,0.042213,0.041699,0.041082,0.04036,0.039535,0.038608,0.03758,0.036455,0.035237,0.033929,0.032538,0.03107,0.029532,0.027933,0.026281,0.024587,0.022862,0.021118,0.019366,0.01762,0.015892,0.014196,0.012546,0.010953,0.009432,0.0079936,0.0066495,0.0054102,0.0042848,0.0032812,0.0024057,0.0016633,0.0010572,0.00058881,0.00025804,6.2974e-05,0
0,7.5693e-05,0.00029077,0.00063507,0.0010987,0.0016719,0.0023454,0.0031104,0.0039581,0.0048806,0.00587,0.0069192,0.0080213,0.0091698,0.010359,0.011582,0.012835,0.014113,0.01541,0.016722,0.018046,0.019377,0.020711,0.022045,0.023376,0.024699,0.026013,0.027312,0.028595,0.029858,0.031097,0.03231,0.033493,0.034642,0.035755,0.036827,0.037856,0.038836,0.039766,0.04064,0.041456,0.042208,0.042894,0.043508,0.044048,0.044509,0.044887,0.045179,0.045381,0.045489,0.0455,0.045412,0.04522,0.044924,0.044521,0.044009,0.043388,0.042658,0.041817,0.040869,0.039813,0.038654,0.037394,0.036038,0.034592,0.033061,0.031454,0.029779,0.028045,0.026264,0.024445,0.022603,0.020749,0.018897,0.017061,0.015256,0.013496,0.011795,0.010167,0.0086254,0.0071824,0.0058498,0.0046378,0.0035552,0.0026094,0.0018061,0.0011493,0.00064091,0.00028129,6.8795e-05,0
0,7.9268e-05,0.00030438,0.00066459,0.0011494,0.0017487,0.0024526,0.0032518,0.0041373,0.0051005,0.0061334,0.0072284,0.0083783,0.0095764,0.010816,0.012092,0.013399,0.014731,0.016083,0.017452,0.018832,0.020219,0.021611,0.023002,0.02439,0.025772,0.027142,0.0285,0.02984,0.03116,0.032456,0.033726,0.034965,0.036171,0.037339,0.038466,0.039549,0.040583,0.041565,0.042491,0.043357,0.044158,0.044891,0.045551,0.046135,0.046637,0.047054,0.047383,0.047618,0.047757,0.047795,0.04773,0.047557,0.047276,0.046882,0.046376,0.045754,0.045017,0.044164,0.043196,0.042116,0.040924,0.039625,0.038222,0.036722,0.03513,0.033455,0.031704,0.029888,0.028017,0.026104,0.024161,0.022203,0.020242,0.018295,0.016377,0.014502,0.012688,0.010948,0.0092974,0.0077501,0.0063188,0.0050148,0.0038483,0.0028276,0.0019593,0.0012482,0.00069695,0.00030633,7.508e-05,0
0,8.2876e-05,0.00031811,0.0006944,0.0012007,0.0018263,0.0025609,0.0033947,0.0043183,0.0053226,0.0063994,0.0075406,0.0087387,0.0099868,0.011278,0.012607,0.013968,0.015354,0.016762,0.018187,0.019624,0.021069,0.022518,0.023967,0.025413,0.026852,0.028281,0.029696,0.031094,0.032472,0.033826,0.035153,0.036449,0.037711,0.038936,0.040119,0.041256,0.042345,0.043381,0.044359,0.045276,0.046127,0.046909,0.047616,0.048245,0.048791,0.04925,0.049617,0.049888,0.050059,0.050127,0.050087,0.049937,0.049672,0.049292,0.048793,0.048173,0.047433,0.04657,0.045587,0.044483,0.043262,0.041925,0.040478,0.038926,0.037274,0.035532,0.033706,0.031808,0.029848,0.027839,0.025794,0.023728,0.021656,0.019594,0.017558,0.015566,0.013633,0.011776,0.010011,0.0083542,0.0068186,0.0054173,0.0041616,0.0030612,0.0021236,0.0013544,0.00075721,0.00033329,8.1864e-05,0
0,8.6516e-05,0.00033197,0.00072447,0.0012524,0.0019046,0.0026702,0.0035389,0.0045008,0.0055467,0.0066676,0.0078554,0.0091021,0.010401,0.011744,0.013126,0.014541,0.015983,0.017446,0.018927,0.020421,0.021923,0.02343,0.024937,0.026441,0.027938,0.029425,0.030899,0.032355,0.033791,0.035202,0.036587,0.037941,0.03926,0.040541,0.04178,0.042974,0.044117,0.045207,0.046239,0.047209,0.048111,0.048943,0.049699,0.050375,0.050966,0.051467,0.051875,0.052184,0.05239,0.05249,0.052478,0.052352,0.052108,0.051743,0.051255,0.050641,0.0499,0.049031,0.048034,0.046911,0.045663,0.044292,0.042803,0.041201,0.039492,0.037683,0.035783,0.033803,0.031754,0.029649,0.027501,0.025326,0.02314,0.02096,0.018804,0.016688,0.014632,0.012653,0.010769,0.0089962,0.0073506,0.0058464,0.0044962,0.003311,0.0022995,0.0014683,0.00082194,0.00036231,8.9182e-05,0
0,9.0182e-05,0.00034593,0.00075478,0.0013046,0.0019835,0.0027804,0.0036842,0.0046849,0.0057725,0.006938,0.0081726,0.0094682,0.010817,0.012213,0.013648,0.015117,0.016614,0.018134,0.019672,0.021223,0.022782,0.024347,0.025912,0.027474,0.029029,0.030574,0.032106,0.03362,0.035114,0.036584,0.038026,0.039437,0.040814,0.042152,0.043448,0.044697,0.045896,0.047041,0.048127,0.04915,0.050105,0.050988,0.051794,0.052517,0.053155,0.053701,0.054151,0.0545,0.054744,0.054877,0.054896,0.054798,0.054577,0.05423,0.053755,0.05315,0.052412,0.05154,0.050534,0.049394,0.048122,0.04672,0.045192,0.043543,0.041778,0.039906,0.037934,0.035873,0.033735,0.031533,0.029282,0.026997,0.024695,0.022394,0.020113,0.017871,0.015687,0.013581,0.011572,0.0096776,0.0079163,0.0063034,0.0048531,0.0035779,0.0024877,0.0015904,0.00089142,0.00039351,9.707e-05,0
0,9.3873e-05,0.00036,0.00078531,0.0013571,0.002063,0.0028913,0.0038306,0.0048702,0.0059999,0.0072101,0.0084918,0.0098366,0.011237,0.012684,0.014173,0.015697,0.017249,0.018825,0.02042,0.022028,0.023644,0.025266,0.026889,0.028509,0.030122,0.031725,0.033315,0.034887,0.036439,0.037967,0.039466,0.040935,0.042369,0.043764,0.045116,0.046422,0.047677,0.048877,0.050018,0.051094,0.052102,0.053037,0.053894,0.054667,0.055352,0.055944,0.056438,0.056829,0.057112,0.057282,0.057334,0.057265,0.05707,0.056745,0.056287,0.055693,0.054962,0.05409,0.053078,0.051925,0.050633,0.049204,0.04764,0.045947,0.044129,0.042195,0.040153,0.038014,0.035788,0.033491,0.031135,0.028739,0.02632,0.023896,0.021487,0.019114,0.016798,0.01456,0.012421,0.0104,0.0085169,0.0067895,0.0052334,0.0038627,0.0026889,0.0017212,0.00096595,0.00042704,0.00010557,0
0,9.7586e-05,0.00037415,0.00081604,0.00141,0.0021431,0.003003,0.003978,0.0050568,0.0062288,0.007484,0.008813,0.010207,0.011658,0.013158,0.014701,0.016279,0.017887,0.019519,0.021169,0.022834,0.024508,0.026187,0.027868,0.029545,0.031216,0.032877,0.034524,0.036154,0.037763,0.039348,0.040905,0.042431,0.043922,0.045373,0.046782,0.048144,0.049455,0.05071,0.051906,0.053036,0.054098,0.055085,0.055993,0.056816,0.05755,0.05819,0.058729,0.059163,0.059487,0.059696,0.059784,0.059747,0.05958,0.059279,0.058842,0.058263,0.057541,0.056673,0.055659,0.054497,0.053189,0.051736,0.05014,0.048406,0.04654,0.044548,0.042438,0.040222,0.037911,0.035518,0.033059,0.030552,0.028014,0.025465,0.022926,0.020419,0.017967,0.015592,0.013317,0.011164,0.0091538,0.0073058,0.0056382,0.0041664,0.0029038,0.001861,0.0010458,0.00046303,0.00011471,0
0,0.00010132,0.00038839,0.00084697,0.0014632,0.0022236,0.0031154,0.0041263,0.0052445,0.0064589,0.0077593,0.0091357,0.010579,0.012081,0.013634,0.01523,0.016863,0.018526,0.020213,0.02192,0.023641,0.025372,0.027108,0.028846,0.03058,0.032308,0.034026,0.03573,0.037417,0.039083,0.040725,0.042339,0.043921,0.045468,0.046976,0.048441,0.049859,0.051225,0.052535,0.053785,0.05497,0.056085,0.057125,0.058085,0.058959,0.059743,0.06043,0.061016,0.061495,0.061862,0.06211,0.062236,0.062233,0.062098,0.061825,0.06141,0.06085,0.060141,0.059281,0.058268,0.057102,0.055781,0.054308,0.052685,0.050915,0.049003,0.046956,0.044783,0.042492,0.040098,0.037612,0.035051,0.032433,0.029775,0.0271,0.024429,0.021786,0.019194,0.016678,0.014263,0.011972,0.009828,0.0078536,0.0060683,0.0044897,0.003133,0.0020105,0.0011313,0.00050164,0.00012455,0
0,0.00010507,0.00040271,0.00087808,0.0015167,0.0023047,0.0032285,0.0042754,0.0054332,0.0066903,0.0080359,0.0094599,0.010953,0.012506,0.014111,0.01576,0.017447,0.019165,0.020908,0.022671,0.024448,0.026236,0.028028,0.029822,0.031613,0.033397,0.035171,0.036931,0.038674,0.040396,0.042094,0.043764,0.045402,0.047004,0.048568,0.050088,0.051561,0.052982,0.054347,0.055651,0.056889,0.058057,0.05915,0.060162,0.061087,0.061921,0.062657,0.063291,0.063816,0.064226,0.064517,0.064682,0.064716,0.064614,0.064371,0.063982,0.063444,0.062752,0.061904,0.060896,0.059729,0.058401,0.056913,0.055266,0.053464,0.051511,0.049414,0.04718,0.04482,0.042345,0.039769,0.037108,0.034379,0.031603,0.028801,0.025997,0.023214,0.020479,0.017818,0.015258,0.012823,0.010541,0.0084338,0.0065248,0.0048336,0.0033773,0.00217,0.0012227,0.00054301,0.00013512,0
0,0.00010885,0.00041712,0.00090938,0.0015706,0.0023862,0.0033423,0.0044254,0.0056229,0.0069228,0.0083138,0.0097854,0.011328,0.012932,0.014589,0.016292,0.018033,0.019805,0.021603,0.023421,0.025254,0.027097,0.028945,0.030794,0.03264,0.03448,0.036309,0.038125,0.039923,0.0417,0.043452,0.045177,0.046869,0.048526,0.050144,0.051718,0.053245,0.05472,0.056138,0.057496,0.058788,0.060009,0.061153,0.062217,0.063193,0.064077,0.064863,0.065545,0.066116,0.066572,0.066906,0.067112,0.067184,0.067118,0.066908,0.066548,0.066034,0.065363,0.06453,0.063533,0.062369,0.061038,0.059539,0.057874,0.056045,0.054056,0.051913,0.049624,0.047198,0.044646,0.041983,0.039224,0.036387,0.033494,0.030565,0.027627,0.024703,0.021823,0.019013,0.016302,0.01372,0.011293,0.0090473,0.0070086,0.0051987,0.0036371,0.0023401,0.0013204,0.00058729,0.00014646,0
0,0.00011265,0.00043162,0.00094089,0.0016248,0.0024683,0.0034568,0.0045763,0.0058137,0.0071565,0.008593,0.010112,0.011704,0.013359,0.015068,0.016824,0.018618,0.020445,0.022297,0.02417,0.026057,0.027955,0.029857,0.031761,0.033662,0.035555,0.037439,0.039308,0.04116,0.04299,0.044796,0.046574,0.048319,0.050029,0.0517,0.053327,0.054906,0.056434,0.057905,0.059315,0.060659,0.061931,0.063128,0.064242,0.065269,0.066203,0.067038,0.067768,0.068387,0.068888,0.069267,0.069515,0.069628,0.0696,0.069424,0.069096,0.068611,0.067963,0.067149,0.066166,0.06501,0.06368,0.062176,0.060498,0.058647,0.056627,0.054444,0.052105,0.049617,0.046994,0.044248,0.041395,0.038453,0.035444,0.03239,0.029317,0.026252,0.023223,0.020262,0.017398,0.014662,0.012085,0.009695,0.0075205,0.0055859,0.0039132,0.0025211,0.0014246,0.00063465,0.00015863,0
0,0.00011647,0.00044622,0.00097262,0.0016794,0.0025509,0.003572,0.0047281,0.0060056,0.0073914,0.0088735,0.01044,0.012081,0.013787,0.015548,0.017356,0.019204,0.021084,0.02299,0.024916,0.026857,0.028808,0.030764,0.032721,0.034675,0.036621,0.038557,0.040479,0.042382,0.044265,0.046122,0.047951,0.049748,0.051509,0.053231,0.054909,0.05654,0.058118,0.05964,0.061101,0.062495,0.063819,0.065065,0.06623,0.067307,0.068291,0.069174,0.069952,0.070619,0.071166,0.071589,0.071882,0.072036,0.072048,0.071909,0.071616,0.071161,0.070541,0.06975,0.068784,0.067641,0.066318,0.064813,0.063127,0.06126,0.059215,0.056998,0.054614,0.052071,0.049381,0.046556,0.043613,0.04057,0.037448,0.034271,0.031064,0.027857,0.024679,0.021564,0.018543,0.015649,0.012917,0.010377,0.0080612,0.0059958,0.0042062,0.0027137,0.0015356,0.00068522,0.00017166,0
0,0.00012032,0.00046094,0.0010046,0.0017345,0.0026342,0.0036881,0.004881,0.0061988,0.0076278,0.0091554,0.01077,0.01246,0.014216,0.016029,0.017889,0.019789,0.021721,0.02368,0.025659,0.027653,0.029656,0.031664,0.033673,0.035678,0.037676,0.039662,0.041634,0.043588,0.04552,0.047427,0.049305,0.051152,0.052962,0.054733,0.05646,0.05814,0.059767,0.061338,0.062848,0.064291,0.065663,0.066959,0.068173,0.069298,0.07033,0.071262,0.072088,0.072801,0.073395,0.073864,0.0742,0.074398,0.07445,0.074351,0.074093,0.073673,0.073082,0.072318,0.071374,0.070248,0.068936,0.067436,0.065748,0.063871,0.061808,0.059562,0.05714,0.054548,0.051797,0.0489,0.045873,0.042733,0.039501,0.036203,0.032865,0.029517,0.02619,0.022918,0.019737,0.016682,0.01379,0.011095,0.0086313,0.0064291,0.0045166,0.0029182,0.0016538,0.00073918,0.00018561,0
0,0.00012421,0.00047581,0.0010369,0.0017901,0.0027183,0.0038053,0.0050352,0.0063934,0.0078656,0.0094389,0.011101,0.01284,0.014646,0.01651,0.018421,0.020373,0.022358,0.024368,0.026399,0.028444,0.030498,0.032556,0.034615,0.03667,0.038716,0.040752,0.042772,0.044773,0.046753,0.048708,0.050633,0.052526,0.054383,0.056201,0.057975,0.059701,0.061375,0.062992,0.064549,0.066039,0.067458,0.068801,0.070062,0.071234,0.072313,0.073292,0.074165,0.074924,0.075565,0.076079,0.076459,0.076701,0.076795,0.076736,0.076518,0.076133,0.075576,0.074841,0.073924,0.072819,0.071523,0.070034,0.068349,0.066468,0.064393,0.062126,0.059672,0.057038,0.054233,0.05127,0.048164,0.044933,0.041597,0.038182,0.034715,0.031227,0.027751,0.024323,0.02098,0.017761,0.014704,0.011849,0.0092314,0.0068863,0.004845,0.003135,0.0017794,0.00079668,0.00020053,0
0,0.00012814,0.00049085,0.0010696,0.0018464,0.0028034,0.0039237,0.0051909,0.0065897,0.0081054,0.0097244,0.011434,0.013222,0.015078,0.016992,0.018954,0.020957,0.022992,0.025053,0.027134,0.029229,0.031332,0.033439,0.035546,0.037648,0.039742,0.041823,0.043889,0.045937,0.047961,0.04996,0.05193,0.053868,0.055769,0.05763,0.059448,0.061217,0.062935,0.064597,0.066197,0.067732,0.069196,0.070583,0.071889,0.073107,0.074231,0.075255,0.076173,0.076978,0.077664,0.078223,0.078648,0.078933,0.079071,0.079053,0.078875,0.078528,0.078007,0.077306,0.076418,0.075339,0.074064,0.072591,0.070915,0.069037,0.066956,0.064675,0.062197,0.059528,0.056677,0.053656,0.050478,0.047162,0.043728,0.040201,0.036609,0.032984,0.02936,0.025776,0.022269,0.018883,0.015659,0.012638,0.0098618,0.007368,0.0051919,0.0033646,0.0019127,0.00085786,0.00021645,0
0,0.00013213,0.00050612,0.0011028,0.0019034,0.0028896,0.0040436,0.0053485,0.0067882,0.0083475,0.010012,0.011769,0.013606,0.015511,0.017475,0.019487,0.02154,0.023625,0.025735,0.027865,0.030007,0.032158,0.034312,0.036464,0.038612,0.04075,0.042875,0.044985,0.047074,0.049141,0.051182,0.053193,0.055172,0.057114,0.059016,0.060874,0.062685,0.064443,0.066146,0.067788,0.069364,0.070869,0.072299,0.073646,0.074907,0.076074,0.077142,0.078104,0.078953,0.079683,0.080286,0.080755,0.081084,0.081264,0.08129,0.081153,0.080846,0.080364,0.079698,0.078843,0.077794,0.076545,0.075092,0.073432,0.071563,0.069484,0.067196,0.064701,0.062006,0.059117,0.056045,0.052804,0.049411,0.045885,0.042253,0.038541,0.034783,0.031014,0.027274,0.023604,0.020049,0.016653,0.013463,0.010523,0.0078744,0.0055575,0.0036073,0.0020541,0.0009229,0.00023344,0
0,0.0001362,0.00052167,0.0011366,0.0019615,0.0029772,0.0041653,0.0055083,0.0069893,0.0085924,0.010303,0.012107,0.013992,0.015946,0.017959,0.020021,0.022122,0.024256,0.026414,0.02859,0.030779,0.032975,0.035173,0.03737,0.03956,0.041739,0.043906,0.046055,0.048185,0.05029,0.05237,0.054419,0.056435,0.058414,0.060354,0.062249,0.064097,0.065893,0.067633,0.069312,0.070927,0.072471,0.073939,0.075326,0.076627,0.077835,0.078943,0.079947,0.080838,0.08161,0.082256,0.082768,0.08314,0.083364,0.083432,0.083338,0.083073,0.08263,0.082003,0.081185,0.08017,0.078951,0.077524,0.075886,0.074032,0.071961,0.069674,0.067171,0.064458,0.06154,0.058426,0.05513,0.051668,0.048059,0.044328,0.040503,0.036617,0.032707,0.028813,0.02498,0.021255,0.017686,0.014323,0.011214,0.0084058,0.0059425,0.0038635,0.0022037,0.00099193,0.00025154,0
0,0.00014035,0.00053756,0.0011711,0.0020207,0.0030665,0.0042894,0.0056709,0.0071935,0.0088408,0.010597,0.012449,0.014382,0.016385,0.018446,0.020556,0.022705,0.024885,0.027089,0.029311,0.031544,0.033783,0.036023,0.03826,0.04049,0.042708,0.044913,0.047099,0.049264,0.051406,0.05352,0.055603,0.057653,0.059666,0.061639,0.063568,0.065449,0.067279,0.069052,0.070766,0.072414,0.073993,0.075497,0.07692,0.078258,0.079503,0.08065,0.081692,0.082623,0.083436,0.084123,0.084677,0.085091,0.085358,0.085469,0.085417,0.085194,0.084794,0.084208,0.083429,0.08245,0.081266,0.079871,0.078259,0.076427,0.074372,0.072093,0.069591,0.066869,0.06393,0.060785,0.057444,0.053922,0.050239,0.046418,0.042487,0.038479,0.034433,0.03039,0.026396,0.022501,0.018757,0.015218,0.011936,0.0089624,0.0063468,0.0041335,0.0023618,0.0010651,0.0002708,0
0,0.00014462,0.00055389,0.0012065,0.0020815,0.0031581,0.0044163,0.005837,0.0074018,0.0090935,0.010896,0.012795,0.014776,0.016826,0.018935,0.021092,0.023288,0.025514,0.027762,0.030027,0.032302,0.034581,0.03686,0.039135,0.041401,0.043655,0.045894,0.048114,0.050312,0.052484,0.054629,0.056743,0.058823,0.060866,0.062868,0.064826,0.066736,0.068595,0.070398,0.072141,0.07382,0.07543,0.076965,0.078421,0.079791,0.081071,0.082252,0.083331,0.084298,0.085149,0.085875,0.086469,0.086925,0.087233,0.087386,0.087377,0.087198,0.08684,0.086296,0.085559,0.084621,0.083476,0.082116,0.080537,0.078733,0.076701,0.074439,0.071946,0.069223,0.066275,0.063108,0.059732,0.056161,0.052413,0.048512,0.044484,0.040363,0.036186,0.031998,0.027846,0.023783,0.019864,0.016146,0.012687,0.0095441,0.0067709,0.0044175,0.0025286,0.0011426,0.00029126,0
0,0.00014904,0.00057075,0.0012431,0.0021441,0.0032523,0.0045467,0.0060072,0.0076148,0.0093515,0.011201,0.013146,0.015175,0.017273,0.019429,0.021632,0.023872,0.026142,0.028432,0.030738,0.033052,0.035369,0.037684,0.039994,0.042293,0.044579,0.046848,0.049097,0.051323,0.053524,0.055695,0.057835,0.05994,0.062008,0.064035,0.066017,0.067952,0.069836,0.071664,0.073433,0.075137,0.076774,0.078336,0.07982,0.08122,0.082529,0.083742,0.084853,0.085855,0.08674,0.087503,0.088135,0.088629,0.088977,0.089172,0.089205,0.089069,0.088755,0.088256,0.087562,0.086667,0.085564,0.084245,0.082703,0.080934,0.078932,0.076694,0.074218,0.071505,0.068556,0.065378,0.061979,0.05837,0.054569,0.050598,0.046483,0.042257,0.037959,0.033632,0.029327,0.025098,0.021004,0.017106,0.013468,0.010151,0.0072148,0.0047159,0.0027044,0.0012245,0.00031299,0
0,0.00015363,0.00058827,0.001281,0.002209,0.0033497,0.0046812,0.0061826,0.0078337,0.009616,0.011512,0.013505,0.015581,0.017725,0.019927,0.022175,0.024459,0.02677,0.029101,0.031444,0.033795,0.036146,0.038495,0.040835,0.043164,0.045478,0.047773,0.050048,0.052298,0.054521,0.056715,0.058876,0.061002,0.06309,0.065136,0.067138,0.069093,0.070996,0.072845,0.074634,0.07636,0.078018,0.079603,0.08111,0.082535,0.08387,0.085111,0.08625,0.087282,0.088199,0.088995,0.089662,0.090193,0.09058,0.090815,0.090889,0.090796,0.090526,0.090071,0.089423,0.088574,0.087515,0.08624,0.084741,0.083012,0.081047,0.078841,0.076391,0.073697,0.070759,0.067581,0.064169,0.060535,0.056693,0.052664,0.048474,0.044154,0.039743,0.035285,0.030832,0.026442,0.022175,0.018097,0.014277,0.010782,0.0076785,0.0050286,0.0028894,0.0013109,0.00033603,0
0,0.00015843,0.00060659,0.0013206,0.0022766,0.0034511,0.0048209,0.0063641,0.0080598,0.0098882,0.011831,0.013872,0.015994,0.018185,0.020432,0.022723,0.025048,0.027399,0.029768,0.032147,0.03453,0.036913,0.039291,0.041659,0.044013,0.04635,0.048668,0.050963,0.053232,0.055474,0.057684,0.059862,0.062003,0.064106,0.066167,0.068184,0.070153,0.072071,0.073934,0.075739,0.077481,0.079155,0.080758,0.082285,0.083729,0.085085,0.086349,0.087513,0.088571,0.089516,0.090342,0.091041,0.091606,0.092029,0.092301,0.092416,0.092365,0.092138,0.091729,0.091127,0.090325,0.089315,0.088088,0.086636,0.084952,0.08303,0.080863,0.078449,0.075783,0.072866,0.069699,0.066288,0.06264,0.058771,0.054697,0.050444,0.046042,0.041529,0.03695,0.032357,0.02781,0.023373,0.019116,0.015113,0.011437,0.0081618,0.005356,0.0030837,0.0014021,0.00036044,0
0,0.00016351,0.00062589,0.0013623,0.0023476,0.0035572,0.0049668,0.0065532,0.0082945,0.01017,0.01216,0.014249,0.016418,0.018654,0.020945,0.023278,0.025643,0.028031,0.030434,0.032846,0.035259,0.03767,0.040073,0.042463,0.044839,0.047196,0.04953,0.051841,0.054125,0.056379,0.058602,0.06079,0.062942,0.065054,0.067124,0.06915,0.071128,0.073055,0.074927,0.076742,0.078494,0.08018,0.081795,0.083335,0.084794,0.086167,0.087448,0.088632,0.089712,0.090681,0.091533,0.092261,0.092856,0.093312,0.093621,0.093774,0.093763,0.09358,0.093215,0.092661,0.091908,0.090947,0.089771,0.08837,0.086737,0.084864,0.082744,0.080373,0.077745,0.074859,0.071716,0.068317,0.06467,0.060786,0.056682,0.05238,0.047909,0.043306,0.038617,0.033893,0.029196,0.024594,0.020161,0.015975,0.012116,0.0086647,0.005698,0.0032875,0.0014981,0.00038627,0
0,0.0001689,0.00064639,0.0014064,0.0024227,0.0036691,0.0051201,0.0067513,0.0085395,0.010463,0.012502,0.014637,0.016853,0.019135,0.021468,0.023841,0.026243,0.028666,0.031101,0.033542,0.035982,0.038416,0.04084,0.043249,0.045641,0.048012,0.050359,0.05268,0.054972,0.057234,0.059463,0.061656,0.063812,0.065929,0.068002,0.070031,0.072012,0.073942,0.075818,0.077636,0.079393,0.081085,0.082707,0.084254,0.085723,0.087107,0.088401,0.0896,0.090697,0.091686,0.09256,0.093312,0.093934,0.094421,0.094762,0.094951,0.094979,0.094837,0.094517,0.094009,0.093306,0.092397,0.091274,0.089928,0.08835,0.086531,0.084466,0.082145,0.079565,0.076721,0.073612,0.070239,0.066606,0.062723,0.058603,0.054267,0.049742,0.045064,0.040277,0.035434,0.030596,0.025835,0.021228,0.01686,0.012817,0.0091868,0.0060547,0.003501,0.0015991,0.00041357,0
0,0.0001747,0.00066834,0.0014536,0.0025026,0.0037878,0.0052823,0.0069601,0.0087967,0.010769,0.012857,0.015041,0.017303,0.019628,0.022002,0.024413,0.026851,0.029306,0.03177,0.034236,0.036698,0.039151,0.041592,0.044015,0.046418,0.048797,0.051151,0.053477,0.055773,0.058036,0.060265,0.062458,0.064612,0.066726,0.068797,0.070822,0.0728,0.074727,0.0766,0.078416,0.080172,0.081863,0.083486,0.085036,0.086508,0.087898,0.089199,0.090408,0.091517,0.09252,0.093411,0.094184,0.09483,0.095342,0.095713,0.095935,0.096,0.095898,0.095621,0.09516,0.094506,0.09365,0.092583,0.091294,0.089775,0.088017,0.086011,0.083749,0.081225,0.078434,0.075371,0.072037,0.068432,0.064564,0.060445,0.056091,0.051529,0.046791,0.04192,0.036969,0.032002,0.02709,0.022315,0.017767,0.01354,0.0097277,0.006426,0.0037243,0.0017052,0.0004424,0
0,0.00018098,0.00069204,0.0015043,0.0025884,0.0039148,0.0054551,0.0071816,0.0090686,0.011092,0.013229,0.015461,0.017769,0.020137,0.022551,0.024998,0.027468,0.029952,0.03244,0.034928,0.037408,0.039876,0.042328,0.044759,0.047168,0.049551,0.051906,0.05423,0.056523,0.058782,0.061004,0.06319,0.065336,0.067441,0.069502,0.071518,0.073486,0.075404,0.077268,0.079076,0.080824,0.082508,0.084125,0.085671,0.087141,0.08853,0.089834,0.091047,0.092162,0.093175,0.094079,0.094867,0.095532,0.096067,0.096464,0.096716,0.096814,0.09675,0.096514,0.096099,0.095495,0.094692,0.093681,0.092452,0.090996,0.089302,0.087362,0.085167,0.082708,0.079978,0.076974,0.07369,0.070128,0.066292,0.062189,0.057835,0.053252,0.048472,0.043534,0.038491,0.033406,0.028353,0.023418,0.018694,0.014282,0.010287,0.006812,0.0039576,0.0018166,0.00047284,0
0,0.00018784,0.00071785,0.0015594,0.0026811,0.0040517,0.0056405,0.0074183,0.0093577,0.011433,0.013621,0.015901,0.018255,0.020664,0.023116,0.025597,0.028096,0.030605,0.033115,0.035619,0.038112,0.04059,0.043047,0.045482,0.04789,0.05027,0.052619,0.054936,0.057219,0.059467,0.061677,0.063849,0.06598,0.068069,0.070114,0.072114,0.074065,0.075967,0.077815,0.079607,0.081341,0.083012,0.084618,0.086153,0.087615,0.088998,0.090297,0.091508,0.092625,0.093641,0.094552,0.095351,0.09603,0.096583,0.097003,0.097281,0.097409,0.09738,0.097185,0.096814,0.096258,0.095509,0.094555,0.093388,0.091997,0.090372,0.088502,0.086379,0.083994,0.081336,0.078401,0.075182,0.071677,0.067887,0.063818,0.059482,0.054898,0.050093,0.045106,0.039988,0.0348,0.029618,0.02453,0.019636,0.015043,0.010864,0.0072126,0.004201,0.0019334,0.00050495,0
0,0.00019541,0.00074619,0.0016197,0.0027822,0.0042002,0.0058408,0.0076728,0.0096669,0.011796,0.014036,0.016365,0.018763,0.021213,0.0237,0.026212,0.028737,0.031267,0.033793,0.03631,0.038811,0.041292,0.043749,0.04618,0.048582,0.050952,0.053289,0.055592,0.057858,0.060088,0.062278,0.064429,0.066538,0.068604,0.070626,0.072602,0.074531,0.076408,0.078234,0.080004,0.081717,0.083368,0.084955,0.086474,0.08792,0.08929,0.090579,0.091782,0.092894,0.093909,0.094822,0.095626,0.096315,0.096881,0.097319,0.097619,0.097775,0.097778,0.097619,0.097291,0.096783,0.096086,0.09519,0.094085,0.092762,0.091208,0.089415,0.08737,0.085065,0.082489,0.079633,0.076491,0.073058,0.069331,0.065314,0.061014,0.056448,0.05164,0.046624,0.041448,0.036174,0.030878,0.025649,0.020592,0.01582,0.011457,0.0076276,0.0044546,0.0020558,0.00053882,0
0,0.00020383,0.00077759,0.0016862,0.0028932,0.0043625,0.0060587,0.0079481,0.0099997,0.012185,0.014477,0.016855,0.019296,0.021785,0.024306,0.026845,0.029392,0.031939,0.034476,0.036999,0.039502,0.04198,0.044431,0.046852,0.04924,0.051594,0.053912,0.056192,0.058435,0.060639,0.062802,0.064924,0.067004,0.06904,0.071032,0.072977,0.074874,0.076722,0.078517,0.080258,0.081942,0.083567,0.085128,0.086623,0.088048,0.089399,0.090671,0.091861,0.092962,0.093969,0.094878,0.095682,0.096375,0.09695,0.0974,0.097719,0.097898,0.097929,0.097805,0.097516,0.097054,0.096409,0.095571,0.094529,0.093275,0.091796,0.090082,0.088121,0.085903,0.083417,0.080651,0.077598,0.074251,0.070603,0.066656,0.062413,0.057885,0.053094,0.048071,0.042859,0.037519,0.032124,0.026767,0.021557,0.016613,0.012067,0.0080569,0.0047188,0.0021841,0.00057455,0
0,0.00021328,0.00081266,0.0017601,0.0030161,0.0045412,0.0062972,0.0082479,0.01036,0.012602,0.014949,0.017374,0.019859,0.022384,0.024935,0.027498,0.030063,0.032621,0.035164,0.037687,0.040185,0.042654,0.045091,0.047494,0.049861,0.052191,0.054481,0.056733,0.058944,0.061114,0.063242,0.065328,0.067371,0.069369,0.071323,0.073229,0.075088,0.076898,0.078656,0.08036,0.082009,0.083599,0.085128,0.086593,0.087989,0.089314,0.090563,0.091732,0.092816,0.09381,0.094709,0.095508,0.096199,0.096778,0.097236,0.097568,0.097767,0.097823,0.09773,0.097478,0.097059,0.096464,0.095682,0.094705,0.09352,0.092118,0.090487,0.088615,0.08649,0.084101,0.081436,0.078484,0.075235,0.071683,0.067824,0.063657,0.05919,0.05444,0.049432,0.044207,0.038821,0.033348,0.027879,0.022526,0.017417,0.012692,0.0085005,0.0049937,0.0023185,0.00061226,0
0,0.00022399,0.00085215,0.0018429,0.003153,0.0047392,0.0065599,0.0085759,0.010751,0.013054,0.015454,0.017928,0.020454,0.023013,0.02559,0.028173,0.03075,0.033313,0.035855,0.038372,0.040857,0.043309,0.045725,0.048102,0.05044,0.052737,0.054992,0.057206,0.059377,0.061506,0.063591,0.065632,0.06763,0.069582,0.071489,0.07335,0.075163,0.076926,0.078639,0.0803,0.081906,0.083455,0.084944,0.086371,0.087732,0.089024,0.090244,0.091386,0.092446,0.093421,0.094304,0.095091,0.095775,0.096352,0.096814,0.097155,0.097368,0.097445,0.097379,0.097161,0.096783,0.096236,0.09551,0.094596,0.093482,0.092158,0.090612,0.088833,0.086807,0.084522,0.081966,0.079126,0.075991,0.07255,0.068796,0.064726,0.060343,0.055657,0.05069,0.045477,0.04007,0.034539,0.028977,0.023496,0.018231,0.013331,0.0089583,0.0052798,0.0024594,0.00065211,0
0,0.00023622,0.00089695,0.0019363,0.0033065,0.0049599,0.0068509,0.0089369,0.011179,0.013543,0.015999,0.01852,0.021085,0.023674,0.026273,0.028869,0.031452,0.034014,0.036548,0.039049,0.041515,0.043941,0.046327,0.04867,0.050969,0.053225,0.055436,0.057603,0.059726,0.061804,0.063837,0.065826,0.06777,0.069668,0.071521,0.073327,0.075086,0.076796,0.078456,0.080065,0.081621,0.083121,0.084564,0.085946,0.087265,0.088517,0.0897,0.090808,0.091839,0.092788,0.093649,0.094419,0.095091,0.09566,0.09612,0.096465,0.096688,0.096782,0.09674,0.096552,0.096213,0.095711,0.095039,0.094187,0.093143,0.091898,0.09044,0.088756,0.086834,0.084661,0.082222,0.079505,0.076495,0.07318,0.06955,0.065598,0.06132,0.056724,0.051824,0.046651,0.041249,0.035686,0.030052,0.024461,0.019051,0.013983,0.0094302,0.0055774,0.0026071,0.00069427,0
0,0.00025029,0.00094816,0.0020424,0.0034798,0.0052073,0.0071748,0.0093356,0.011648,0.014076,0.016586,0.019153,0.021753,0.024369,0.026984,0.029587,0.032168,0.034721,0.037238,0.039716,0.042152,0.044543,0.046889,0.049188,0.05144,0.053645,0.055803,0.057914,0.059978,0.061997,0.06397,0.065897,0.067778,0.069614,0.071404,0.073147,0.074844,0.076492,0.078092,0.079642,0.081139,0.082584,0.083972,0.085302,0.086572,0.087778,0.088917,0.089986,0.09098,0.091897,0.09273,0.093477,0.094131,0.094687,0.095141,0.095485,0.095713,0.095819,0.095796,0.095636,0.095331,0.094873,0.094253,0.093461,0.092488,0.091322,0.089953,0.088368,0.086553,0.084497,0.082183,0.079598,0.076726,0.073552,0.070063,0.066249,0.062101,0.05762,0.052816,0.04771,0.042343,0.036776,0.031095,0.025414,0.019875,0.014646,0.0099164,0.0058872,0.0027624,0.000739,0
0,0.00026663,0.0010071,0.0021638,0.0036765,0.0054861,0.0075368,0.0097778,0.012164,0.014656,0.01722,0.01983,0.022462,0.025097,0.027722,0.030324,0.032895,0.035429,0.037919,0.040363,0.042759,0.045105,0.047401,0.049646,0.05184,0.053983,0.056078,0.058123,0.06012,0.06207,0.063972,0.065828,0.067638,0.069402,0.071121,0.072793,0.074419,0.075999,0.07753,0.079013,0.080445,0.081826,0.083153,0.084424,0.085637,0.08679,0.087879,0.088901,0.089853,0.090731,0.091531,0.092249,0.092879,0.093417,0.093858,0.094197,0.094426,0.09454,0.094532,0.094396,0.094123,0.093705,0.093134,0.092402,0.091498,0.090411,0.089132,0.087647,0.085944,0.084009,0.081827,0.079383,0.07666,0.073641,0.070311,0.066654,0.062659,0.05832,0.053641,0.048635,0.043334,0.037794,0.032095,0.026348,0.020697,0.01532,0.010417,0.0062101,0.0029259,0.0007866,0
0,0.00028573,0.0010755,0.0023034,0.003901,0.0058016,0.007943,0.010269,0.012732,0.015289,0.017905,0.020554,0.023211,0.025859,0.028484,0.031076,0.033626,0.03613,0.038582,0.040981,0.043326,0.045615,0.047849,0.050028,0.052153,0.054224,0.056244,0.058213,0.060132,0.062003,0.063826,0.065601,0.067331,0.069015,0.070653,0.072246,0.073793,0.075295,0.07675,0.078158,0.079517,0.080827,0.082086,0.083291,0.084441,0.085534,0.086567,0.087536,0.088439,0.089273,0.090033,0.090716,0.091317,0.091832,0.092256,0.092583,0.092809,0.092927,0.092931,0.092814,0.092569,0.092189,0.091666,0.090991,0.090154,0.089147,0.087958,0.086575,0.084986,0.083177,0.081133,0.078837,0.076273,0.073422,0.070266,0.066787,0.062968,0.058799,0.054274,0.049401,0.044202,0.038723,0.033038,0.027253,0.021514,0.016001,0.010932,0.0065471,0.0030987,0.00083749,0
0,0.00030826,0.0011553,0.0024649,0.0041584,0.0061599,0.0083998,0.010816,0.013357,0.015978,0.018643,0.021324,0.023999,0.02665,0.029265,0.031834,0.034351,0.036812,0.039213,0.041554,0.043834,0.046054,0.048213,0.050314,0.052358,0.054346,0.05628,0.058162,0.059992,0.061774,0.063507,0.065192,0.066832,0.068426,0.069976,0.071481,0.072941,0.074357,0.075728,0.077054,0.078333,0.079565,0.080748,0.081881,0.082961,0.083988,0.084958,0.085868,0.086717,0.087501,0.088216,0.088858,0.089425,0.089912,0.090313,0.090625,0.090843,0.09096,0.090971,0.09087,0.090651,0.090306,0.089827,0.089208,0.088438,0.087509,0.08641,0.085131,0.083658,0.081978,0.080076,0.077937,0.075541,0.07287,0.069903,0.06662,0.063,0.059027,0.054688,0.049982,0.044922,0.039543,0.033909,0.02812,0.022318,0.016689,0.011463,0.0068998,0.003282,0.00089222,0
0,0.00033506,0.0012492,0.002653,0.004455,0.0065682,0.0089143,0.011425,0.014045,0.016727,0.019434,0.022139,0.02482,0.027462,0.030053,0.032586,0.035055,0.037458,0.039793,0.042061,0.044262,0.046398,0.048469,0.050479,0.052429,0.054321,0.056157,0.05794,0.059671,0.061353,0.062986,0.064572,0.066112,0.067608,0.06906,0.070468,0.071834,0.073157,0.074436,0.075672,0.076864,0.078011,0.079112,0.080166,0.081171,0.082125,0.083026,0.083873,0.084661,0.085389,0.086054,0.086652,0.087179,0.087633,0.088008,0.0883,0.088505,0.088618,0.088633,0.088545,0.088348,0.088034,0.087598,0.087032,0.086328,0.085476,0.084467,0.083291,0.081936,0.080388,0.078634,0.076656,0.074437,0.071956,0.069193,0.066123,0.062724,0.058973,0.054852,0.050349,0.045467,0.04023,0.034689,0.028935,0.023102,0.01738,0.012008,0.0072699,0.0034775,0.00095152,0
0,0.00036721,0.0013604,0.0028732,0.004798,0.0070344,0.0094941,0.012102,0.014799,0.017535,0.020275,0.022992,0.025666,0.028282,0.030832,0.033311,0.035715,0.038043,0.040296,0.042475,0.044581,0.046617,0.048585,0.05049,0.052332,0.054115,0.055841,0.057514,0.059134,0.060705,0.062228,0.063705,0.065137,0.066525,0.067871,0.069175,0.070438,0.07166,0.072841,0.07398,0.075079,0.076135,0.077148,0.078117,0.07904,0.079916,0.080744,0.081521,0.082244,0.082912,0.083522,0.08407,0.084554,0.08497,0.085314,0.085583,0.085772,0.085877,0.085892,0.085814,0.085636,0.085352,0.084956,0.084441,0.0838,0.083025,0.082106,0.081034,0.079797,0.078384,0.076779,0.074968,0.072933,0.070652,0.068104,0.065265,0.062107,0.058603,0.05473,0.050468,0.045806,0.040756,0.035355,0.02968,0.023856,0.01807,0.012569,0.0076598,0.0036877,0.0010164,0
0,0.00040619,0.0014932,0.0031323,0.0051958,0.0075671,0.010146,0.012852,0.015619,0.0184,0.021159,0.02387,0.026517,0.029089,0.031578,0.033983,0.036301,0.038535,0.040686,0.042756,0.04475,0.04667,0.04852,0.050304,0.052024,0.053685,0.055289,0.056839,0.058338,0.059787,0.06119,0.062548,0.063863,0.065136,0.066368,0.06756,0.068713,0.069827,0.070903,0.07194,0.072939,0.073898,0.074818,0.075697,0.076534,0.077328,0.078077,0.078779,0.079434,0.080037,0.080588,0.081083,0.081519,0.081894,0.082205,0.082447,0.082616,0.08271,0.082724,0.082652,0.08249,0.082234,0.081876,0.081411,0.080832,0.080132,0.079302,0.078333,0.077216,0.075938,0.074486,0.072846,0.070999,0.068927,0.066606,0.06401,0.061111,0.05788,0.054285,0.050299,0.045901,0.041088,0.035879,0.030334,0.024566,0.018752,0.013146,0.0080725,0.0039154,0.0010882,0
0,0.00045399,0.001653,0.003439,0.0056584,0.0081753,0.010877,0.013675,0.016502,0.019312,0.022069,0.024753,0.027349,0.029851,0.032255,0.034561,0.03677,0.038887,0.040914,0.042857,0.044719,0.046506,0.048221,0.049868,0.051453,0.052978,0.054447,0.055863,0.057229,0.058548,0.059822,0.061052,0.062241,0.063391,0.064502,0.065575,0.066612,0.067613,0.068578,0.069508,0.070402,0.07126,0.072082,0.072866,0.073613,0.07432,0.074987,0.075613,0.076194,0.07673,0.077219,0.077657,0.078044,0.078375,0.078649,0.078861,0.079009,0.07909,0.079099,0.079032,0.078885,0.078653,0.078331,0.077915,0.077396,0.07677,0.076028,0.075163,0.074165,0.073023,0.071726,0.070259,0.068606,0.066747,0.064661,0.062322,0.059699,0.056761,0.053473,0.049799,0.045708,0.041182,0.036222,0.030868,0.025212,0.019417,0.013736,0.0085112,0.0041648,0.001169,0
0,0.00051339,0.0018471,0.0038037,0.0061968,0.0088674,0.011689,0.014568,0.017437,0.02025,0.022978,0.025604,0.02812,0.030521,0.03281,0.03499,0.037064,0.039039,0.04092,0.042713,0.044425,0.046059,0.047622,0.049119,0.050554,0.05193,0.053253,0.054524,0.055748,0.056926,0.058062,0.059157,0.060214,0.061233,0.062217,0.063167,0.064082,0.064965,0.065815,0.066633,0.067419,0.068172,0.068893,0.06958,0.070233,0.070852,0.071434,0.07198,0.072486,0.072953,0.073377,0.073758,0.074092,0.074378,0.074613,0.074794,0.074919,0.074985,0.074987,0.074924,0.07479,0.074582,0.074295,0.073925,0.073466,0.072912,0.072258,0.071495,0.070616,0.069611,0.068468,0.067176,0.065718,0.064078,0.062233,0.060159,0.057826,0.0552,0.052244,0.048916,0.045175,0.040989,0.036341,0.031245,0.025767,0.020051,0.014337,0.0089796,0.0044413,0.0012614,0
0,0.0005884,0.0020853,0.0042393,0.0068225,0.0096493,0.012581,0.015518,0.018398,0.02118,0.023841,0.026371,0.028768,0.031034,0.033174,0.035195,0.037105,0.038912,0.040623,0.042245,0.043785,0.04525,0.046646,0.047977,0.049248,0.050464,0.051629,0.052747,0.053819,0.05485,0.055841,0.056795,0.057713,0.058598,0.05945,0.060272,0.061063,0.061824,0.062557,0.06326,0.063936,0.064582,0.0652,0.065788,0.066347,0.066875,0.067372,0.067837,0.068268,0.068664,0.069023,0.069345,0.069626,0.069866,0.070062,0.070212,0.070313,0.070362,0.070358,0.070297,0.070175,0.069989,0.069737,0.069412,0.069011,0.06853,0.067961,0.0673,0.066538,0.065668,0.06468,0.063562,0.062301,0.060881,0.059281,0.057478,0.055445,0.053146,0.050543,0.04759,0.04424,0.040447,0.036175,0.031411,0.026192,0.020628,0.01494,0.0094808,0.0047518,0.0013696,0
0,0.00068499,0.0023805,0.0047609,0.0075456,0.01052,0.013536,0.016495,0.01934,0.022042,0.024587,0.026974,0.029208,0.031296,0.03325,0.035079,0.036794,0.038405,0.039922,0.041351,0.042702,0.043981,0.045194,0.046346,0.047444,0.04849,0.049489,0.050444,0.051359,0.052237,0.053078,0.053887,0.054664,0.055411,0.05613,0.056821,0.057486,0.058125,0.058739,0.059328,0.059893,0.060433,0.060948,0.061438,0.061902,0.062341,0.062753,0.063137,0.063493,0.063819,0.064114,0.064378,0.064607,0.064801,0.064958,0.065077,0.065154,0.065188,0.065177,0.065118,0.065008,0.064845,0.064625,0.064346,0.064002,0.063591,0.063107,0.062545,0.061899,0.061163,0.060327,0.059382,0.058316,0.057114,0.05576,0.054232,0.052502,0.05054,0.048305,0.045753,0.04283,0.039479,0.035649,0.031299,0.026431,0.021113,0.015528,0.010016,0.0051054,0.0014996,0
0,0.00081232,0.0027504,0.0053846,0.0083704,0.011466,0.014518,0.017439,0.020186,0.022744,0.025111,0.027298,0.029317,0.031183,0.03291,0.034512,0.036002,0.037392,0.038692,0.03991,0.041055,0.042133,0.043152,0.044117,0.045032,0.045901,0.046729,0.047519,0.048273,0.048994,0.049685,0.050347,0.050983,0.051592,0.052178,0.05274,0.05328,0.053798,0.054295,0.054771,0.055227,0.055662,0.056077,0.056471,0.056844,0.057195,0.057524,0.057831,0.058114,0.058373,0.058606,0.058813,0.058993,0.059143,0.059264,0.059352,0.059407,0.059427,0.05941,0.059354,0.059257,0.059116,0.058929,0.058694,0.058407,0.058064,0.057663,0.057199,0.056666,0.05606,0.055372,0.054596,0.053721,0.052735,0.051623,0.050365,0.04894,0.047317,0.04546,0.043324,0.040856,0.037992,0.034665,0.030814,0.0264,0.021442,0.016068,0.010579,0.0055126,0.0016607,0
0,0.0009848,0.0032175,0.006123,0.0092843,0.012441,0.01545,0.018246,0.020808,0.02314,0.025258,0.02718,0.02893,0.030526,0.031988,0.033331,0.03457,0.035716,0.036781,0.037773,0.038701,0.039571,0.040389,0.041161,0.04189,0.042581,0.043236,0.04386,0.044455,0.045022,0.045564,0.046082,0.046579,0.047054,0.04751,0.047948,0.048367,0.048769,0.049153,0.049521,0.049873,0.050208,0.050527,0.05083,0.051116,0.051384,0.051636,0.051869,0.052084,0.052279,0.052455,0.05261,0.052743,0.052853,0.05294,0.053001,0.053037,0.053045,0.053023,0.052972,0.052888,0.05277,0.052616,0.052424,0.052192,0.051917,0.051596,0.051226,0.050802,0.050321,0.049777,0.049163,0.048472,0.047694,0.046816,0.045822,0.044694,0.043406,0.041926,0.040213,0.038215,0.035869,0.033101,0.02983,0.025981,0.021519,0.016499,0.01115,0.0059831,0.0018668,0
0,0.0012252,0.0038066,0.0069718,0.010236,0.013343,0.016186,0.018736,0.021004,0.023016,0.024804,0.026398,0.027826,0.029112,0.030275,0.031334,0.032302,0.033191,0.034011,0.034771,0.035478,0.036138,0.036755,0.037336,0.037882,0.038398,0.038887,0.039351,0.039791,0.040211,0.040611,0.040993,0.041358,0.041707,0.042042,0.042362,0.042668,0.042961,0.043241,0.043509,0.043764,0.044007,0.044238,0.044457,0.044663,0.044856,0.045036,0.045202,0.045355,0.045494,0.045617,0.045726,0.045817,0.045892,0.04595,0.045988,0.046008,0.046006,0.045984,0.045938,0.045869,0.045775,0.045654,0.045505,0.045326,0.045115,0.044871,0.04459,0.04427,0.043908,0.043499,0.043039,0.042521,0.041938,0.041281,0.040538,0.039693,0.038726,0.037611,0.036313,0.034787,0.032974,0.030801,0.028177,0.025003,0.021189,0.016706,0.011674,0.0065171,0.0021383,0
0,0.0015673,0.0045306,0.0078738,0.011084,0.013961,0.016463,0.018616,0.020466,0.022061,0.023445,0.024656,0.025723,0.02667,0.027517,0.02828,0.028972,0.029603,0.030181,0.030713,0.031206,0.031663,0.03209,0.03249,0.032865,0.033218,0.033552,0.033867,0.034167,0.034451,0.034722,0.03498,0.035226,0.035461,0.035686,0.035901,0.036106,0.036302,0.036489,0.036668,0.036838,0.036999,0.037152,0.037297,0.037433,0.03756,0.037678,0.037787,0.037886,0.037975,0.038054,0.038123,0.03818,0.038226,0.038259,0.03828,0.038287,0.038281,0.038259,0.038222,0.038169,0.038098,0.03801,0.037902,0.037774,0.037624,0.037452,0.037254,0.03703,0.036777,0.036492,0.036172,0.035813,0.035409,0.034954,0.03444,0.033855,0.033184,0.032409,0.031503,0.030429,0.029141,0.027572,0.025637,0.023226,0.020212,0.016482,0.012019,0.0070809,0.0024989,0
0,0.0020487,0.0053357,0.0086283,0.011501,0.013884,0.015833,0.01743,0.018749,0.019852,0.020785,0.021584,0.022277,0.022883,0.023419,0.023897,0.024327,0.024716,0.025071,0.025395,0.025694,0.025971,0.026228,0.026468,0.026693,0.026904,0.027102,0.02729,0.027467,0.027636,0.027796,0.027948,0.028093,0.028231,0.028363,0.028489,0.028609,0.028724,0.028833,0.028937,0.029036,0.02913,0.029219,0.029302,0.02938,0.029453,0.02952,0.029582,0.029638,0.029688,0.029732,0.029769,0.029799,0.029823,0.029839,0.029847,0.029847,0.029839,0.029822,0.029795,0.029759,0.029712,0.029654,0.029584,0.029503,0.029408,0.0293,0.029177,0.029037,0.02888,0.028704,0.028507,0.028287,0.028039,0.027761,0.027446,0.027088,0.026678,0.026202,0.025644,0.024979,0.024174,0.02318,0.021928,0.020321,0.018224,0.015469,0.011904,0.0075397,0.002955,0
0,0.002641,0.0059193,0.0086797,0.010793,0.012382,0.013586,0.014518,0.015253,0.015847,0.016337,0.016747,0.017097,0.017399,0.017663,0.017896,0.018105,0.018292,0.018462,0.018616,0.018758,0.018889,0.01901,0.019123,0.019228,0.019327,0.01942,0.019507,0.01959,0.019668,0.019742,0.019813,0.01988,0.019944,0.020005,0.020063,0.020118,0.020171,0.020221,0.020268,0.020313,0.020356,0.020396,0.020434,0.020469,0.020502,0.020532,0.020559,0.020584,0.020605,0.020624,0.020639,0.020651,0.02066,0.020665,0.020666,0.020664,0.020657,0.020646,0.020631,0.020611,0.020585,0.020555,0.020519,0.020477,0.020429,0.020374,0.020312,0.020242,0.020164,0.020077,0.01998,0.019871,0.01975,0.019613,0.019459,0.019284,0.019083,0.01885,0.018576,0.018248,0.017847,0.017347,0.016706,0.015857,0.014698,0.01307,0.010744,0.0074878,0.0033999,0
0,0.0028674,0.0051906,0.0066951,0.0076521,0.0082795,0.0087092,0.0090173,0.0092475,0.009426,0.0095686,0.0096856,0.0097835,0.009867,0.0099393,0.010003,0.010059,0.010109,0.010154,0.010195,0.010233,0.010267,0.010299,0.010329,0.010357,0.010383,0.010407,0.01043,0.010451,0.010472,0.010491,0.010509,0.010527,0.010543,0.010559,0.010574,0.010588,0.010602,0.010615,0.010627,0.010638,0.010649,0.010659,0.010669,0.010678,0.010686,0.010693,0.0107,0.010705,0.01071,0.010714,0.010718,0.01072,0.010721,0.010722,0.010721,0.010719,0.010716,0.010712,0.010706,0.0107,0.010691,0.010682,0.01067,0.010658,0.010643,0.010627,0.010608,0.010588,0.010565,0.010539,0.010511,0.010479,0.010444,0.010405,0.010361,0.01031,0.010253,0.010186,0.010107,0.010012,0.0098955,0.0097486,0.0095567,0.0092954,0.0089209,0.0083504,0.0074228,0.0058459,0.0032464,0
0,0,0,0,0,0,0,0,0,0,0,0,0,0,0,0,0,0,0,0,0,0,0,0,0,0,0,0,0,0,0,0,0,0,0,0,0,0,0,0,0,0,0,0,0,0,0,0,0,0,0,0,0,0,0,0,0,0,0,0,0,0,0,0,0,0,0,0,0,0,0,0,0,0,0,0,0,0,0,0,0,0,0,0,0,0,0,0,0,0,0
