0,0,0,0,0,0,0,0,0,0,0,0,0,0,0,0,0,0,0,0,0,0,0,0,0,0,0,0,0,0,0,0,0,0,0,0,0,0,0,0,0,0,0,0,0,0,0,0,0,0,0,0,0,0,0,0,0,0,0,0,0,0,0,0,0,0,0,0,0,0,0,0,0,0,0,0,0,0,0,0,0,0,0,0,0,0,0,0,0,0,0
0,-1.4325e-07,-4.0497e-07,-6.4408e-07,-7.7661e-07,-7.6023e-07,-5.7763e-07,-2.2579e-07,2.9023e-07,9.6093e-07,1.7744e-06,2.7177e-06,3.7775e-06,4.9405e-06,6.194e-06,7.5258e-06,8.9244e-06,1.0379e-05,1.1879e-05,1.3416e-05,1.4981e-05,1.6565e-05,1.8161e-05,1.9762e-05,2.136e-05,2.2949e-05,2.4523e-05,2.6075e-05,2.7599e-05,2.9088e-05,3.0538e-05,3.194e-05,3.329e-05,3.4581e-05,3.5807e-05,3.6961e-05,3.8037e-05,3.9029e-05,3.993e-05,4.0735e-05,4.1437e-05,4.203e-05,4.251e-05,4.2871e-05,4.3109e-05,4.3219e-05,4.3198e-05,4.3043e-05,4.2753e-05,4.2325e-05,4.176e-05,4.1059e-05,4.0223e-05,3.9254e-05,3.8158e-05,3.6939e-05,3.5603e-05,3.4158e-05,3.2612e-05,3.0975e-05,2.9258e-05,2.7471e-05,2.5628e-05,2.3742e-05,2.1826e-05,1.9896e-05,1.7965e-05,1.605e-05,1.4166e-05,1.2327e-05,1.0548e-05,8.8449e-06,7.2309e-06,5.7193e-06,4.3226e-06,3.052e-06,1.9178e-06,9.2849e-07,9.1307e-08,-5.8851e-07,-1.1078e-06,-1.4659e-06,-1.6651e-06,-1.7116e-06,-1.6164e-06,-1.3974e-06,-1.082e-06,-7.1196e-07,-3.4895e-07,-7.9431e-08,0
0,-4.0595e-07,-1.0331e-06,-1.5168e-06,-1.626e-06,-1.23e-06,-2.6629e-07,1.2841e-06,3.4121e-06,6.0918e-06,9.2867e-06,1.2955e-05,1.7052e-05,2.1532e-05,2.635e-05,3.1462e-05,3.6827e-05,4.2405e-05,4.8158e-05,5.4051e-05,6.0051e-05,6.6127e-05,7.2247e-05,7.8385e-05,8.4513e-05,9.0605e-05,9.6635e-05,0.00010258,0.00010841,0.00011411,0.00011965,0.00012501,0.00013017,0.00013509,0.00013975,0.00014414,0.00014823,0.00015199,0.0001554,0.00015843,0.00016108,0.0001633,0.00016509,0.00016643,0.00016729,0.00016767,0.00016756,0.00016693,0.00016579,0.00016413,0.00016196,0.00015927,0.00015607,0.00015238,0.00014821,0.00014357,0.0001385,0.00013302,0.00012716,0.00012096,0.00011446,0.0001077,0.00010073,9.3595e-05,8.635e-05,7.9049e-05,7.1745e-05,6.4495e-05,5.7355e-05,5.0382e-05,4.3629e-05,3.7151e-05,3.1e-05,2.5223e-05,1.9867e-05,1.4972e-05,1.0575e-05,6.7066e-06,3.3926e-06,6.5039e-07,-1.5105e-06,-3.09e-06,-4.0994e-06,-4.5642e-06,-4.5274e-06,-4.0544e-06,-3.2407e-06,-2.2206e-06,-1.1774e-06,-3.4804e-07,0
0,-6.4818e-07,-1.5222e-06,-2.0006e-06,-1.6821e-06,-3.2807e-07,2.1842e-06,5.898e-06,1.0803e-05,1.6852e-05,2.3979e-05,3.2101e-05,4.113e-05,5.0973e-05,6.1539e-05,7.2735e-05,8.4476e-05,9.6676e-05,0.00010926,0.00012214,0.00013525,0.00014853,0.00016191,0.00017532,0.00018871,0.00020201,0.00021518,0.00022816,0.00024089,0.00025333,0.00026541,0.00027708,0.0002883,0.00029901,0.00030916,0.00031869,0.00032756,0.00033571,0.00034309,0.00034965,0.00035535,0.00036014,0.00036398,0.00036683,0.00036866,0.00036943,0.00036912,0.00036771,0.00036519,0.00036154,0.00035678,0.00035091,0.00034394,0.00033591,0.00032684,0.00031677,0.00030577,0.00029389,0.00028119,0.00026776,0.00025369,0.00023905,0.00022396,0.00020852,0.00019284,0.00017703,0.00016122,0.00014551,0.00013003,0.0001149,0.00010023,8.6146e-05,7.2747e-05,6.0139e-05,4.8418e-05,3.767e-05,2.7973e-05,1.9391e-05,1.1975e-05,5.7606e-06,7.6683e-07,-3.0092e-06,-5.5943e-06,-7.0441e-06,-7.4498e-06,-6.9461e-06,-5.7224e-06,-4.0355e-06,-2.2231e-06,-7.1044e-07,0
0,-7.8579e-07,-1.6387e-06,-1.687e-06,-3.5906e-07,2.694e-06,7.6582e-06,1.4603e-05,2.3517e-05,3.4332e-05,4.6942e-05,6.1218e-05,7.7019e-05,9.4194e-05,0.00011259,0.00013206,0.00015246,0.00017364,0.00019547,0.00021782,0.00024057,0.00026359,0.00028678,0.00031003,0.00033323,0.00035629,0.00037911,0.00040158,0.00042362,0.00044514,0.00046604,0.00048622,0.00050561,0.0005241,0.00054162,0.00055806,0.00057333,0.00058736,0.00060005,0.00061133,0.0006211,0.0006293,0.00063585,0.0006407,0.00064377,0.00064503,0.00064442,0.00064192,0.00063751,0.00063117,0.00062291,0.00061274,0.0006007,0.00058683,0.00057119,0.00055385,0.0005349,0.00051444,0.0004926,0.0004695,0.00044529,0.00042013,0.00039419,0.00036764,0.00034067,0.00031348,0.00028626,0.00025922,0.00023255,0.00020647,0.00018116,0.00015682,0.00013364,0.00011178,9.1418e-05,7.2687e-05,5.5719e-05,4.0623e-05,2.7483e-05,1.6358e-05,7.2761e-06,2.3134e-07,-4.8232e-06,-7.9817e-06,-9.3943e-06,-9.2791e-06,-7.9352e-06,-5.7594e-06,-3.2625e-06,-1.084e-06,0
0,-7.7431e-07,-1.2433e-06,-3.1753e-07,2.7275e-06,8.3408e-06,1.6766e-05,2.8096e-05,4.2312e-05,5.9322e-05,7.8977e-05,0.00010109,0.00012547,0.00015189,0.00018013,0.00020997,0.0002412,0.00027361,0.00030699,0.00034115,0.00037591,0.00041108,0.00044649,0.00048199,0.00051741,0.0005526,0.00058741,0.00062169,0.0006553,0.00068809,0.00071993,0.00075068,0.00078019,0.00080833,0.00083496,0.00085994,0.00088314,0.00090442,0.00092367,0.00094074,0.00095552,0.0009679,0.00097778,0.00098505,0.00098963,0.00099145,0.00099044,0.00098655,0.00097977,0.00097008,0.00095747,0.00094199,0.00092367,0.00090259,0.00087883,0.00085251,0.00082375,0.00079273,0.00075961,0.00072459,0.0006879,0.00064976,0.00061044,0.00057019,0.0005293,0.00048807,0.00044677,0.00040572,0.00036523,0.00032558,0.00028707,0.00025,0.00021463,0.00018123,0.00015003,0.00012126,9.5096e-05,7.1707e-05,5.1217e-05,3.371e-05,1.9227e-05,7.7586e-06,-7.6569e-07,-6.4826e-06,-9.6085e-06,-1.0452e-05,-9.4318e-06,-7.0933e-06,-4.1315e-06,-1.4127e-06,0
0,-5.9244e-07,-2.5844e-07,2.2627e-06,7.819e-06,1.6941e-05,2.9916e-05,4.685e-05,6.7714e-05,9.2382e-05,0.00012066,0.0001523,0.00018703,0.00022456,0.0002646,0.00030684,0.000351,0.00039678,0.00044391,0.00049211,0.00054113,0.00059073,0.00064065,0.00069067,0.00074058,0.00079014,0.00083916,0.00088742,0.00093472,0.00098086,0.0010256,0.0010689,0.0011103,0.0011499,0.0011873,0.0012223,0.0012548,0.0012847,0.0013116,0.0013355,0.0013562,0.0013734,0.0013872,0.0013973,0.0014036,0.0014061,0.0014046,0.001399,0.0013894,0.0013758,0.001358,0.0013363,0.0013106,0.001281,0.0012477,0.0012108,0.0011706,0.0011271,0.0010808,0.0010317,0.00098038,0.000927,0.00087195,0.0008156,0.00075835,0.00070058,0.0006427,0.00058515,0.00052832,0.00047264,0.00041852,0.00036635,0.0003165,0.00026934,0.0002252,0.00018437,0.00014713,0.00011368,8.4198e-05,5.8806e-05,3.7557e-05,2.0437e-05,7.3549e-06,-1.8724e-06,-7.5298e-06,-1.0021e-05,-9.886e-06,-7.8244e-06,-4.7181e-06,-1.6618e-06,0
0,-2.3158e-07,1.3549e-06,6.1396e-06,1.5058e-05,2.8695e-05,4.7365e-05,7.1174e-05,0.00010007,0.00013388,0.00017237,0.00021521,0.00026205,0.00031254,0.00036629,0.0004229,0.00048201,0.00054324,0.00060622,0.00067061,0.00073605,0.00080224,0.00086884,0.00093557,0.0010021,0.0010682,0.0011335,0.0011978,0.0012608,0.0013222,0.0013819,0.0014394,0.0014945,0.0015471,0.0015968,0.0016433,0.0016865,0.0017261,0.0017618,0.0017935,0.0018209,0.0018437,0.0018619,0.0018752,0.0018835,0.0018867,0.0018846,0.0018771,0.0018643,0.0018461,0.0018226,0.0017937,0.0017595,0.0017203,0.0016761,0.0016272,0.0015739,0.0015163,0.0014549,0.0013899,0.0013218,0.0012511,0.0011781,0.0011034,0.0010275,0.00095087,0.00087406,0.00079763,0.00072211,0.00064805,0.00057599,0.00050645,0.00043991,0.00037685,0.00031769,0.00026284,0.00021263,0.00016735,0.00012723,9.2415e-05,6.2985e-05,3.8925e-05,2.0123e-05,6.3504e-06,-2.7459e-06,-7.6643e-06,-9.0678e-06,-7.8073e-06,-4.9496e-06,-1.8109e-06,0
0,3.1003e-07,3.6122e-06,1.1354e-05,2.4518e-05,4.3716e-05,6.9265e-05,0.00010125,0.00013959,0.00018406,0.00023435,0.00029006,0.00035078,0.00041604,0.00048536,0.00055828,0.00063431,0.00071299,0.00079386,0.00087648,0.00096043,0.0010453,0.0011307,0.0012161,0.0013014,0.001386,0.0014696,0.0015519,0.0016325,0.0017111,0.0017873,0.0018609,0.0019314,0.0019985,0.002062,0.0021214,0.0021765,0.002227,0.0022726,0.0023129,0.0023478,0.0023769,0.0024,0.0024169,0.0024274,0.0024313,0.0024286,0.002419,0.0024027,0.0023794,0.0023494,0.0023125,0.002269,0.0022191,0.0021628,0.0021005,0.0020326,0.0019593,0.001881,0.0017983,0.0017117,0.0016216,0.0015286,0.0014335,0.0013367,0.0012389,0.0011409,0.0010434,0.00094687,0.00085218,0.00075994,0.00067082,0.00058543,0.00050436,0.00042816,0.00035732,0.00029228,0.00023339,0.00018094,0.00013513,9.6064e-05,6.3721e-05,3.7974e-05,1.8553e-05,5.0395e-06,-3.1577e-06,-6.8204e-06,-6.947e-06,-4.7813e-06,-1.8487e-06,0
0,1.0306e-06,6.5149e-06,1.7917e-05,3.6228e-05,6.2053e-05,9.5687e-05,0.00013718,0.00018639,0.00024304,0.00030673,0.000377,0.00045332,0.00053514,0.00062188,0.00071298,0.00080786,0.00090594,0.0010067,0.0011095,0.001214,0.0013195,0.0014257,0.0015319,0.0016378,0.0017429,0.0018467,0.0019489,0.002049,0.0021465,0.002241,0.0023322,0.0024196,0.0025029,0.0025815,0.0026551,0.0027234,0.0027859,0.0028423,0.0028922,0.0029352,0.0029712,0.0029998,0.0030206,0.0030336,0.0030384,0.003035,0.0030232,0.003003,0.0029742,0.0029371,0.0028916,0.0028378,0.0027761,0.0027066,0.0026297,0.0025458,0.0024553,0.0023587,0.0022565,0.0021494,0.0020381,0.0019232,0.0018055,0.0016858,0.0015648,0.0014435,0.0013226,0.0012029,0.0010854,0.00097082,0.00085995,0.00075359,0.00065243,0.00055716,0.00046838,0.00038662,0.00031232,0.00024585,0.00018744,0.00013722,9.5203e-05,6.1231e-05,3.5003e-05,1.6036e-05,3.6529e-06,-3.0411e-06,-5.1845e-06,-4.1878e-06,-1.7698e-06,0
0,1.9264e-06,1.0056e-05,2.5824e-05,5.0187e-05,8.3713e-05,0.00012665,0.00017898,0.00024051,0.00031086,0.00038956,0.00047604,0.00056969,0.00066984,0.00077583,0.00088697,0.0010026,0.001122,0.0012445,0.0013695,0.0014964,0.0016246,0.0017534,0.0018823,0.0020108,0.0021382,0.0022641,0.002388,0.0025092,0.0026274,0.0027419,0.0028524,0.0029582,0.0030589,0.0031541,0.0032432,0.0033257,0.0034013,0.0034695,0.0035299,0.003582,0.0036254,0.0036599,0.0036852,0.0037008,0.0037067,0.0037026,0.0036884,0.0036641,0.0036295,0.0035847,0.0035298,0.0034651,0.0033907,0.0033069,0.0032142,0.003113,0.0030039,0.0028874,0.0027642,0.002635,0.0025006,0.0023619,0.0022197,0.0020751,0.0019288,0.001782,0.0016357,0.0014907,0.0013482,0.0012091,0.0010743,0.00094488,0.00082157,0.00070521,0.00059651,0.00049613,0.00040461,0.00032236,0.0002497,0.0001868,0.00013366,9.0136e-05,5.5892e-05,3.0389e-05,1.2871e-05,2.3352e-06,-2.4852e-06,-3.1558e-06,-1.5723e-06,0
0,2.9929e-06,1.4224e-05,3.5055e-05,6.6374e-05,0.00010867,0.00016213,0.00022664,0.00030192,0.00038749,0.0004828,0.00058716,0.00069984,0.00082009,0.00094711,0.0010801,0.0012183,0.0013609,0.0015071,0.0016561,0.0018074,0.00196,0.0021134,0.0022669,0.0024197,0.0025714,0.0027211,0.0028684,0.0030125,0.003153,0.0032891,0.0034203,0.003546,0.0036657,0.0037787,0.0038845,0.0039825,0.0040723,0.0041532,0.0042249,0.0042867,0.0043383,0.0043794,0.0044094,0.0044281,0.0044352,0.0044305,0.0044138,0.0043851,0.0043442,0.0042914,0.0042266,0.0041501,0.0040622,0.0039632,0.0038536,0.003734,0.0036049,0.003467,0.0033212,0.0031683,0.0030092,0.0028448,0.0026763,0.0025048,0.0023313,0.0021569,0.001983,0.0018106,0.001641,0.0014752,0.0013145,0.0011598,0.0010123,0.00087278,0.00074218,0.00062125,0.00051064,0.00041085,0.00032225,0.00024506,0.00017932,0.00012488,8.1364e-05,4.8203e-05,2.4564e-05,9.3486e-06,1.1695e-06,-1.6801e-06,-1.2564e-06,0
0,4.2253e-06,1.9006e-05,4.5588e-05,8.4754e-05,0.00013689,0.00020207,0.0002801,0.00037055,0.00047288,0.00058637,0.00071026,0.00084368,0.00098576,0.0011356,0.0012922,0.0014548,0.0016224,0.0017941,0.0019691,0.0021465,0.0023255,0.0025053,0.0026851,0.0028641,0.0030417,0.003217,0.0033894,0.0035581,0.0037224,0.0038817,0.0040352,0.0041823,0.0043222,0.0044544,0.0045781,0.0046927,0.0047977,0.0048924,0.0049762,0.0050486,0.005109,0.0051571,0.0051923,0.0052144,0.0052229,0.0052177,0.0051986,0.0051653,0.005118,0.0050567,0.0049815,0.0048926,0.0047905,0.0046754,0.0045479,0.0044086,0.0042583,0.0040978,0.0039279,0.0037497,0.0035641,0.0033724,0.0031757,0.0029754,0.0027726,0.0025687,0.0023652,0.0021633,0.0019644,0.0017699,0.001581,0.001399,0.0012251,0.0010604,0.00090585,0.00076241,0.0006308,0.00051164,0.00040537,0.00031226,0.00023239,0.0001656,0.00011153,6.9555e-05,3.878e-05,1.8023e-05,5.7885e-06,2.4009e-07,-8.2344e-07,0
0,5.6186e-06,2.4385e-05,5.7394e-05,0.00010529,0.00016832,0.00024642,0.00033927,0.00044634,0.00056691,0.00070017,0.00084521,0.001001,0.0011667,0.001341,0.0015231,0.0017119,0.0019063,0.0021053,0.002308,0.0025134,0.0027205,0.0029285,0.0031364,0.0033434,0.0035486,0.0037512,0.0039504,0.0041452,0.004335,0.004519,0.0046962,0.004866,0.0050276,0.0051802,0.0053231,0.0054555,0.0055768,0.0056861,0.005783,0.0058667,0.0059367,0.0059924,0.0060334,0.0060592,0.0060694,0.0060639,0.0060423,0.0060045,0.0059505,0.0058804,0.0057943,0.0056925,0.0055754,0.0054433,0.005297,0.0051371,0.0049645,0.00478,0.0045846,0.0043795,0.004166,0.0039452,0.0037185,0.0034875,0.0032535,0.0030181,0.0027829,0.0025493,0.0023191,0.0020936,0.0018744,0.0016629,0.0014605,0.0012685,0.001088,0.00092001,0.00076546,0.00062506,0.00049933,0.00038862,0.00029303,0.00021245,0.00014649,9.4506e-05,5.5555e-05,2.8376e-05,1.1376e-05,2.6038e-06,-2.7494e-07,0
0,7.168e-06,3.0346e-05,7.0444e-05,0.00012793,0.00020288,0.00029509,0.00040408,0.00052914,0.00066946,0.00082404,0.00099185,0.0011718,0.0013626,0.0015633,0.0017725,0.0019892,0.0022122,0.0024403,0.0026725,0.0029076,0.0031446,0.0033825,0.0036203,0.003857,0.0040915,0.0043231,0.0045506,0.0047733,0.0049901,0.0052002,0.0054027,0.0055966,0.0057812,0.0059556,0.0061188,0.0062701,0.0064087,0.0065338,0.0066446,0.0067405,0.0068207,0.0068848,0.006932,0.006962,0.0069743,0.0069686,0.0069447,0.0069024,0.0068416,0.0067625,0.0066651,0.0065499,0.0064172,0.0062675,0.0061015,0.0059199,0.0057238,0.0055141,0.0052919,0.0050586,0.0048154,0.0045639,0.0043055,0.0040419,0.0037748,0.0035058,0.0032369,0.0029696,0.0027058,0.0024472,0.0021955,0.0019523,0.0017192,0.0014977,0.0012891,0.0010945,0.00091503,0.00075145,0.00060442,0.00047436,0.00036143,0.00026554,0.00018633,0.00012312,7.4922e-05,4.0422e-05,1.7937e-05,5.4094e-06,3.8746e-07,0
0,8.8689e-06,3.6874e-05,8.4705e-05,0.00015262,0.00024052,0.000348,0.00047439,0.00061885,0.00078037,0.00095782,0.00115,0.0013556,0.0015734,0.001802,0.0020401,0.0022865,0.0025398,0.0027987,0.0030621,0.0033287,0.0035974,0.003867,0.0041363,0.0044043,0.0046699,0.004932,0.0051895,0.0054415,0.0056869,0.0059247,0.0061538,0.0063734,0.0065823,0.0067796,0.0069645,0.0071359,0.0072929,0.0074347,0.0075605,0.0076694,0.0077607,0.0078337,0.0078878,0.0079225,0.0079373,0.0079317,0.0079057,0.0078589,0.0077913,0.007703,0.0075941,0.0074651,0.0073162,0.0071482,0.0069617,0.0067577,0.006537,0.0063009,0.0060506,0.0057876,0.0055133,0.0052294,0.0049375,0.0046396,0.0043374,0.0040329,0.0037281,0.0034249,0.0031254,0.0028314,0.002545,0.0022679,0.0020019,0.0017487,0.0015098,0.0012864,0.0010799,0.00089118,0.00072095,0.00056973,0.00043778,0.00032503,0.00023115,0.00015545,9.6918e-05,5.4178e-05,2.5474e-05,8.6568e-06,1.1626e-06,0
0,1.0717e-05,4.3953e-05,0.00010015,0.00017933,0.00028116,0.00040504,0.00055011,0.00071533,0.00089949,0.0011013,0.0013194,0.0015524,0.0017987,0.0020569,0.0023257,0.0026034,0.0028887,0.0031802,0.0034765,0.0037764,0.0040783,0.0043813,0.0046838,0.0049848,0.005283,0.0055773,0.0058665,0.0061494,0.0064248,0.0066918,0.006949,0.0071955,0.0074302,0.0076519,0.0078596,0.0080522,0.0082289,0.0083885,0.0085301,0.008653,0.0087562,0.0088389,0.0089006,0.0089405,0.0089582,0.0089533,0.0089253,0.0088742,0.0087999,0.0087023,0.0085817,0.0084385,0.0082731,0.0080862,0.0078785,0.0076511,0.0074049,0.0071414,0.0068617,0.0065676,0.0062607,0.0059428,0.0056157,0.0052816,0.0049424,0.0046003,0.0042576,0.0039163,0.0035789,0.0032473,0.0029238,0.0026105,0.0023093,0.0020221,0.0017506,0.0014963,0.0012606,0.0010447,0.00084924,0.00067501,0.00052229,0.00039108,0.00028107,0.00019158,0.00012159,6.9667e-05,3.3998e-05,1.2348e-05,2.05e-06,0
0,1.2707e-05,5.1567e-05,0.00011674,0.00020798,0.00032473,0.00046613,0.00063111,0.00081841,0.0010266,0.0012543,0.0014999,0.0017617,0.0020382,0.0023278,0.0026287,0.0029395,0.0032586,0.0035843,0.0039153,0.00425,0.004587,0.0049249,0.0052623,0.005598,0.0059305,0.0062585,0.0065809,0.0068962,0.0072033,0.0075009,0.0077877,0.0080626,0.0083243,0.0085717,0.0088035,0.0090186,0.009216,0.0093945,0.0095532,0.009691,0.0098069,0.0099003,0.0099702,0.010016,0.010037,0.010033,0.010004,0.0099487,0.0098677,0.0097609,0.0096285,0.0094709,0.0092886,0.0090823,0.0088528,0.0086012,0.0083286,0.0080365,0.0077264,0.0073999,0.0070589,0.0067054,0.0063414,0.0059692,0.0055911,0.0052094,0.0048266,0.0044451,0.0040674,0.0036959,0.003333,0.0029811,0.0026423,0.0023187,0.0020123,0.0017248,0.0014577,0.0012123,0.0009897,0.00079051,0.00061521,0.00046387,0.00033622,0.0002316,0.00014899,8.6921e-05,4.3524e-05,1.6486e-05,3.05e-06,0
0,1.4836e-05,5.9702e-05,0.00013445,0.00023855,0.00037115,0.00053116,0.00071725,0.00092795,0.0011616,0.0014166,0.0016912,0.0019835,0.0022918,0.0026142,0.0029491,0.0032945,0.0036489,0.0040106,0.0043778,0.0047491,0.0051228,0.0054973,0.0058713,0.0062432,0.0066116,0.006975,0.0073321,0.0076814,0.0080216,0.0083513,0.0086692,0.0089739,0.0092641,0.0095384,0.0097957,0.010035,0.010254,0.010453,0.010629,0.010783,0.010913,0.011018,0.011097,0.011149,0.011174,0.011172,0.011142,0.011083,0.010995,0.010879,0.010735,0.010563,0.010363,0.010137,0.0098855,0.009609,0.0093093,0.0089876,0.0086458,0.0082857,0.0079092,0.0075185,0.0071159,0.0067039,0.0062849,0.0058615,0.0054365,0.0050125,0.0045922,0.0041784,0.0037737,0.0033807,0.0030018,0.0026394,0.0022957,0.0019726,0.0016718,0.0013948,0.0011428,0.00091659,0.00071683,0.00054362,0.00039676,0.00027563,0.0001792,0.00010598,5.4071e-05,2.1081e-05,4.1638e-06,0
0,1.7099e-05,6.8341e-05,0.00015324,0.00027096,0.00042035,0.00060002,0.00080841,0.0010438,0.0013043,0.001588,0.001893,0.0022173,0.0025589,0.0029159,0.0032862,0.003668,0.0040594,0.0044586,0.0048638,0.0052732,0.0056851,0.006098,0.0065101,0.0069199,0.0073257,0.0077261,0.0081195,0.0085043,0.0088792,0.0092425,0.0095929,0.0099289,0.010249,0.010552,0.010836,0.0111,0.011342,0.011562,0.011758,0.011929,0.012073,0.012191,0.01228,0.01234,0.01237,0.01237,0.012339,0.012277,0.012183,0.012058,0.011902,0.011716,0.011499,0.011253,0.010978,0.010676,0.010348,0.0099961,0.0096216,0.0092265,0.0088132,0.0083838,0.0079409,0.0074872,0.0070253,0.0065582,0.0060887,0.0056199,0.0051547,0.0046962,0.0042471,0.0038105,0.003389,0.0029853,0.0026017,0.0022404,0.0019035,0.0015925,0.0013089,0.0010537,0.00082748,0.0006306,0.00046289,0.0003238,0.0002123,0.00012691,6.5668e-05,2.6142e-05,5.3938e-06,0
0,1.9493e-05,7.7471e-05,0.00017309,0.00030516,0.00047223,0.00067261,0.00090444,0.0011657,0.0014544,0.0017683,0.0021052,0.002463,0.0028394,0.0032324,0.0036398,0.0040595,0.0044895,0.0049278,0.0053725,0.0058217,0.0062736,0.0067263,0.0071781,0.0076274,0.0080722,0.0085111,0.0089424,0.0093643,0.0097754,0.010174,0.010558,0.010927,0.011278,0.011611,0.011923,0.012214,0.012481,0.012723,0.012939,0.013129,0.013289,0.01342,0.01352,0.013588,0.013624,0.013627,0.013596,0.013531,0.013432,0.013298,0.013131,0.01293,0.012696,0.012429,0.012131,0.011803,0.011447,0.011063,0.010655,0.010224,0.0097724,0.0093028,0.008818,0.0083207,0.007814,0.0073011,0.006785,0.006269,0.0057565,0.0052506,0.0047547,0.0042718,0.003805,0.0033573,0.0029312,0.0025292,0.0021536,0.0018063,0.0014887,0.0012022,0.00094754,0.0007251,0.00053484,0.00037627,0.00024841,0.00014976,7.8353e-05,3.1685e-05,6.7433e-06,0
0,2.2012e-05,8.7075e-05,0.00019396,0.00034111,0.00052674,0.00074882,0.0010052,0.0012936,0.0016117,0.0019571,0.0023273,0.00272,0.0031328,0.0035634,0.0040094,0.0044685,0.0049387,0.0054177,0.0059036,0.0063941,0.0068875,0.0073817,0.0078748,0.008365,0.0088505,0.0093295,0.0098001,0.010261,0.010709,0.011145,0.011565,0.011967,0.012352,0.012715,0.013057,0.013376,0.013669,0.013935,0.014173,0.014382,0.014559,0.014705,0.014817,0.014894,0.014937,0.014944,0.014914,0.014847,0.014742,0.014601,0.014422,0.014207,0.013955,0.013668,0.013347,0.012992,0.012607,0.012191,0.011748,0.01128,0.010789,0.010277,0.009749,0.0092064,0.0086529,0.008092,0.007527,0.0069615,0.0063991,0.0058433,0.0052978,0.004766,0.0042512,0.0037567,0.0032854,0.00284,0.0024231,0.0020368,0.0016829,0.0013628,0.0010775,0.00082746,0.00061287,0.00043324,0.00028765,0.00017463,9.217e-05,3.7729e-05,8.2169e-06,0
0,2.4654e-05,9.7139e-05,0.00021582,0.00037875,0.00058377,0.00082854,0.0011106,0.0014273,0.0017761,0.0021542,0.0025592,0.0029882,0.0034388,0.0039084,0.0043945,0.0048947,0.0054065,0.0059278,0.0064563,0.0069898,0.0075262,0.0080634,0.0085994,0.0091322,0.0096599,0.01018,0.010692,0.011193,0.011681,0.012154,0.012611,0.01305,0.013468,0.013865,0.014238,0.014585,0.014906,0.015197,0.015458,0.015688,0.015884,0.016045,0.01617,0.016259,0.016309,0.01632,0.016292,0.016224,0.016115,0.015966,0.015776,0.015547,0.015278,0.014971,0.014626,0.014245,0.013829,0.013381,0.012902,0.012396,0.011864,0.01131,0.010736,0.010146,0.0095439,0.0089328,0.0083166,0.0076991,0.0070843,0.006476,0.0058782,0.0052946,0.004729,0.0041848,0.0036654,0.0031738,0.0027129,0.0022849,0.0018921,0.0015359,0.0012177,0.00093809,0.00069727,0.00049493,0.00033019,0.00020161,0.00010717,4.4298e-05,9.8203e-06,0
0,2.7413e-05,0.00010765,0.00023863,0.00041801,0.00064325,0.00091164,0.0012204,0.0015665,0.0019472,0.0023595,0.0028004,0.0032672,0.003757,0.0042671,0.0047948,0.0053374,0.0058924,0.0064575,0.0070301,0.0076081,0.008189,0.0087708,0.0093512,0.0099281,0.010499,0.011063,0.011617,0.01216,0.012689,0.013202,0.013697,0.014173,0.014627,0.015058,0.015464,0.015842,0.016191,0.016509,0.016795,0.017047,0.017262,0.017441,0.017581,0.017681,0.01774,0.017757,0.017732,0.017663,0.017551,0.017395,0.017195,0.016952,0.016666,0.016338,0.01597,0.015562,0.015116,0.014634,0.01412,0.013574,0.013,0.012401,0.011781,0.011142,0.010489,0.0098256,0.0091559,0.008484,0.0078141,0.0071506,0.0064976,0.0058594,0.0052399,0.0046431,0.0040726,0.0035318,0.0030239,0.0025516,0.0021171,0.0017224,0.0013689,0.0010574,0.00078841,0.0005616,0.0003762,0.00023081,0.00012343,5.1421e-05,1.156e-05,0
0,3.0286e-05,0.00011858,0.00026236,0.00045884,0.00070509,0.000998,0.0013344,0.0017111,0.0021249,0.0025725,0.0030508,0.0035566,0.004087,0.004639,0.0052096,0.0057961,0.0063959,0.0070061,0.0076244,0.0082483,0.0088753,0.0095031,0.010129,0.010752,0.011369,0.011977,0.012575,0.013161,0.013732,0.014286,0.014822,0.015337,0.015828,0.016295,0.016734,0.017145,0.017525,0.017871,0.018183,0.018458,0.018695,0.018892,0.019048,0.019161,0.01923,0.019254,0.019233,0.019165,0.01905,0.018888,0.018678,0.018422,0.01812,0.017772,0.01738,0.016945,0.016469,0.015953,0.015402,0.014816,0.014199,0.013554,0.012885,0.012196,0.01149,0.010772,0.010047,0.009318,0.0085905,0.0078689,0.0071579,0.0064619,0.0057856,0.005133,0.0045084,0.0039154,0.0033575,0.0028377,0.0023588,0.0019229,0.0015315,0.001186,0.00088664,0.00063352,0.00042587,0.00026236,0.000141,5.9129e-05,1.3445e-05,0
0,3.3267e-05,0.00012992,0.00028697,0.00050118,0.00076919,0.0010875,0.0014526,0.0018609,0.0023088,0.002793,0.0033098,0.003856,0.0044283,0.0050235,0.0056385,0.0062704,0.0069162,0.0075731,0.0082385,0.0089097,0.0095843,0.01026,0.010933,0.011603,0.012266,0.012921,0.013565,0.014195,0.01481,0.015407,0.015984,0.016539,0.01707,0.017574,0.018049,0.018494,0.018905,0.019282,0.019621,0.019922,0.020181,0.020398,0.020572,0.020699,0.02078,0.020812,0.020796,0.02073,0.020613,0.020446,0.020228,0.019959,0.019641,0.019273,0.018858,0.018396,0.017889,0.017339,0.01675,0.016123,0.015462,0.01477,0.014052,0.01331,0.01255,0.011776,0.010992,0.010203,0.0094155,0.008633,0.0078609,0.0071042,0.0063678,0.0056563,0.0049742,0.0043258,0.0037147,0.0031445,0.0026182,0.0021382,0.0017064,0.0013242,0.00099241,0.00071101,0.00047944,0.00029642,0.00015998,6.746e-05,1.5485e-05,0
0,3.6353e-05,0.00014166,0.00031243,0.00054496,0.00083545,0.00118,0.0015747,0.0020156,0.0024989,0.0030207,0.0035773,0.0041651,0.0047806,0.0054203,0.006081,0.0067595,0.0074527,0.0081577,0.0088716,0.0095916,0.010315,0.011039,0.011762,0.01248,0.013192,0.013894,0.014585,0.015261,0.015922,0.016563,0.017184,0.017781,0.018352,0.018895,0.019408,0.019888,0.020333,0.02074,0.021109,0.021436,0.02172,0.021959,0.022151,0.022295,0.022388,0.022431,0.022421,0.022357,0.02224,0.022069,0.021843,0.021563,0.021229,0.020843,0.020404,0.019915,0.019378,0.018794,0.018167,0.017498,0.016792,0.016052,0.015283,0.014487,0.01367,0.012837,0.011993,0.011143,0.010291,0.0094451,0.0086089,0.0077882,0.0069884,0.0062147,0.0054718,0.0047645,0.004097,0.0034731,0.0028962,0.0023692,0.0018942,0.0014728,0.0011062,0.00079443,0.00053714,0.00033313,0.00018046,7.6455e-05,1.7689e-05,0
0,3.9539e-05,0.00015377,0.00033869,0.00059011,0.00090378,0.0012754,0.0017005,0.002175,0.0026946,0.0032552,0.0038527,0.0044833,0.0051432,0.0058287,0.0065364,0.0072628,0.0080048,0.0087592,0.0095229,0.010293,0.011067,0.011842,0.012614,0.013383,0.014144,0.014895,0.015634,0.016359,0.017066,0.017754,0.018419,0.019059,0.019673,0.020256,0.020808,0.021325,0.021805,0.022246,0.022646,0.023002,0.023312,0.023574,0.023786,0.023947,0.024056,0.024109,0.024107,0.024048,0.023932,0.023758,0.023525,0.023235,0.022887,0.022482,0.022021,0.021505,0.020937,0.020319,0.019653,0.018943,0.018191,0.017402,0.016579,0.015728,0.014853,0.013959,0.013052,0.012137,0.01122,0.010307,0.0094038,0.0085159,0.0076494,0.0068099,0.0060028,0.0052332,0.0045057,0.0038248,0.0031941,0.0026168,0.0020956,0.0016324,0.0012285,0.00088416,0.00059926,0.00037268,0.00020254,8.6161e-05,2.007e-05,0
0,4.2818e-05,0.00016624,0.00036571,0.00063657,0.00097406,0.0013734,0.00183,0.002339,0.0028959,0.0034963,0.0041358,0.0048103,0.0055157,0.0062482,0.0070041,0.0077798,0.0085718,0.0093768,0.010192,0.011013,0.011839,0.012665,0.01349,0.014309,0.015121,0.015923,0.016713,0.017486,0.018242,0.018977,0.019689,0.020374,0.021031,0.021657,0.022249,0.022805,0.023322,0.023798,0.02423,0.024616,0.024954,0.025241,0.025476,0.025657,0.025781,0.025847,0.025855,0.025802,0.025688,0.025513,0.025275,0.024975,0.024613,0.024191,0.023708,0.023166,0.022568,0.021916,0.021211,0.020458,0.01966,0.018821,0.017945,0.017036,0.016101,0.015145,0.014172,0.01319,0.012205,0.011222,0.010248,0.0092895,0.0083529,0.0074441,0.006569,0.0057334,0.0049424,0.0042008,0.0035129,0.0028822,0.0023117,0.0018037,0.0013598,0.00098062,0.00066609,0.00041526,0.00022633,9.6629e-05,2.2641e-05,0
0,4.6186e-05,0.00017904,0.00039345,0.00068425,0.0010462,0.0014741,0.0019627,0.0025071,0.0031023,0.0037435,0.004426,0.0051455,0.0058976,0.0066783,0.0074835,0.0083096,0.0091528,0.01001,0.010877,0.011751,0.01263,0.013509,0.014387,0.015259,0.016124,0.016978,0.017818,0.018643,0.019448,0.020232,0.020991,0.021724,0.022426,0.023096,0.02373,0.024327,0.024882,0.025395,0.025861,0.026279,0.026647,0.026961,0.02722,0.027421,0.027564,0.027645,0.027664,0.027618,0.027508,0.027333,0.027091,0.026783,0.026409,0.02597,0.025466,0.0249,0.024272,0.023585,0.022842,0.022046,0.021201,0.020311,0.01938,0.018413,0.017416,0.016395,0.015355,0.014304,0.013247,0.012191,0.011144,0.010111,0.0091008,0.008119,0.0071723,0.006267,0.0054087,0.0046027,0.0038539,0.0031662,0.0025432,0.0019874,0.0015008,0.0010843,0.00073796,0.00046109,0.00025195,0.00010791,2.5417e-05,0
0,4.9637e-05,0.00019215,0.00042187,0.00073309,0.0011201,0.0015771,0.0020987,0.0026792,0.0033136,0.0039965,0.0047231,0.0054885,0.0062884,0.0071183,0.007974,0.0088515,0.0097471,0.010657,0.011578,0.012506,0.013439,0.014373,0.015304,0.01623,0.017149,0.018056,0.018949,0.019826,0.020683,0.021517,0.022326,0.023106,0.023856,0.024571,0.025249,0.025888,0.026484,0.027035,0.027537,0.027989,0.028388,0.028731,0.029016,0.02924,0.029403,0.0295,0.029532,0.029496,0.029392,0.029218,0.028974,0.028659,0.028275,0.02782,0.027296,0.026705,0.026048,0.025328,0.024547,0.023708,0.022815,0.021874,0.020887,0.019861,0.018801,0.017713,0.016604,0.01548,0.014349,0.013217,0.012093,0.010983,0.0098953,0.0088368,0.0078147,0.0068357,0.0059061,0.005032,0.0042185,0.0034702,0.0027912,0.0021844,0.0016521,0.0011956,0.0008152,0.00051039,0.00027955,0.00012008,2.8413e-05,0
0,5.3166e-05,0.00020555,0.00045092,0.00078299,0.0011955,0.0016824,0.0022375,0.0028551,0.0035294,0.0042549,0.0050264,0.0058388,0.0066874,0.0075675,0.0084747,0.0094048,0.010354,0.011318,0.012294,0.013277,0.014265,0.015254,0.016241,0.017223,0.018196,0.019158,0.020105,0.021035,0.021945,0.022831,0.02369,0.024521,0.025318,0.026081,0.026804,0.027487,0.028125,0.028716,0.029257,0.029744,0.030176,0.03055,0.030863,0.031112,0.031296,0.031413,0.031459,0.031435,0.031338,0.031168,0.030923,0.030603,0.030209,0.02974,0.029198,0.028584,0.027898,0.027145,0.026326,0.025444,0.024504,0.023511,0.022467,0.021381,0.020256,0.0191,0.017919,0.016721,0.015513,0.014303,0.013098,0.011907,0.010739,0.0095996,0.008498,0.0074413,0.0064365,0.00549,0.0046079,0.0037953,0.0030566,0.0023954,0.0018143,0.001315,0.00089819,0.00056341,0.00030925,0.00013319,3.1646e-05,0
0,5.6765e-05,0.00021922,0.00048054,0.00083389,0.0012725,0.0017897,0.0023791,0.0030343,0.0037493,0.0045183,0.0053356,0.0061958,0.007094,0.0080253,0.0089849,0.0099686,0.010972,0.011991,0.013023,0.014062,0.015107,0.016152,0.017196,0.018234,0.019263,0.020281,0.021284,0.022268,0.023232,0.024171,0.025083,0.025964,0.026812,0.027623,0.028394,0.029122,0.029804,0.030437,0.031017,0.031543,0.03201,0.032416,0.032759,0.033035,0.033243,0.03338,0.033444,0.033433,0.033345,0.03318,0.032937,0.032614,0.032212,0.031731,0.031171,0.030535,0.029822,0.029036,0.02818,0.027256,0.026269,0.025223,0.024123,0.022974,0.021784,0.020558,0.019304,0.018029,0.016741,0.015449,0.014162,0.012887,0.011633,0.010409,0.0092244,0.0080858,0.0070015,0.0059786,0.0050238,0.0041428,0.0033406,0.0026214,0.0019882,0.0014432,0.00098732,0.00062041,0.00034121,0.00014731,3.5135e-05,0
0,6.0428e-05,0.00023313,0.00051068,0.00088568,0.0013508,0.001899,0.0025232,0.0032167,0.0039732,0.0047863,0.0056501,0.006559,0.0075077,0.0084909,0.009504,0.010542,0.011601,0.012677,0.013765,0.014861,0.015963,0.017066,0.018167,0.019263,0.020349,0.021424,0.022483,0.023524,0.024543,0.025537,0.026502,0.027436,0.028335,0.029196,0.030016,0.030791,0.031519,0.032195,0.032817,0.033382,0.033886,0.034327,0.034702,0.035007,0.035241,0.0354,0.035483,0.035488,0.035412,0.035254,0.035014,0.03469,0.034282,0.03379,0.033215,0.032558,0.031819,0.031002,0.03011,0.029144,0.02811,0.027011,0.025854,0.024643,0.023386,0.022089,0.020759,0.019405,0.018036,0.01666,0.015285,0.013923,0.012581,0.011269,0.0099958,0.0087711,0.007603,0.0064993,0.0054674,0.0045139,0.0036442,0.0028633,0.0021746,0.0015807,0.001083,0.00068166,0.0003756,0.00016252,3.8899e-05,0
0,6.415e-05,0.00024726,0.0005413,0.00093829,0.0014304,0.0020099,0.0026695,0.003402,0.0042005,0.0050584,0.0059695,0.0069278,0.0079277,0.0089638,0.010031,0.011124,0.01224,0.013372,0.014518,0.015672,0.016832,0.017994,0.019154,0.020308,0.021453,0.022585,0.023702,0.0248,0.025875,0.026925,0.027945,0.028933,0.029885,0.030798,0.031668,0.032492,0.033266,0.033988,0.034654,0.03526,0.035803,0.03628,0.036689,0.037025,0.037287,0.037471,0.037575,0.037597,0.037535,0.037388,0.037153,0.03683,0.036418,0.035917,0.035328,0.034652,0.033889,0.033042,0.032114,0.031108,0.030027,0.028876,0.027661,0.026388,0.025063,0.023693,0.022287,0.020853,0.019399,0.017935,0.016472,0.015018,0.013583,0.012179,0.010814,0.0094992,0.0082427,0.0070538,0.0059405,0.00491,0.0039687,0.003122,0.0023741,0.0017281,0.0011857,0.00074747,0.00041258,0.0001789,4.296e-05,0
0,6.7922e-05,0.00026159,0.00057234,0.00099161,0.001511,0.0021224,0.0028178,0.0035897,0.0044308,0.0053342,0.0062932,0.0073016,0.0083534,0.009443,0.010565,0.011715,0.012887,0.014077,0.015281,0.016494,0.017714,0.018935,0.020154,0.021367,0.022571,0.023763,0.024938,0.026094,0.027227,0.028334,0.02941,0.030453,0.031459,0.032425,0.033346,0.034221,0.035044,0.035813,0.036523,0.037173,0.037757,0.038273,0.038717,0.039087,0.039379,0.03959,0.039718,0.03976,0.039714,0.039578,0.03935,0.03903,0.038617,0.03811,0.037509,0.036815,0.03603,0.035155,0.034193,0.033146,0.03202,0.030818,0.029546,0.02821,0.026816,0.025373,0.023889,0.022372,0.020832,0.019279,0.017722,0.016174,0.014643,0.013143,0.011682,0.010272,0.0089227,0.0076439,0.0064444,0.0053325,0.0043152,0.0033986,0.0025877,0.001886,0.0012959,0.00081814,0.00045235,0.00019653,4.734e-05,0
0,7.1738e-05,0.00027608,0.00060374,0.0010456,0.0015926,0.0022362,0.0029679,0.0037797,0.0046639,0.0056133,0.0066207,0.0076797,0.008784,0.0099278,0.011105,0.012312,0.013541,0.01479,0.016053,0.017326,0.018605,0.019886,0.021166,0.022439,0.023704,0.024955,0.02619,0.027405,0.028596,0.02976,0.030894,0.031993,0.033055,0.034075,0.035049,0.035975,0.036849,0.037666,0.038424,0.039118,0.039745,0.040301,0.040784,0.041188,0.041512,0.041753,0.041906,0.041971,0.041943,0.041821,0.041604,0.04129,0.040877,0.040365,0.039755,0.039046,0.03824,0.037339,0.036344,0.035259,0.034088,0.032836,0.031507,0.030108,0.028646,0.027129,0.025566,0.023965,0.022336,0.020691,0.019039,0.017393,0.015763,0.014162,0.012601,0.011091,0.0096446,0.0082712,0.0069809,0.0057828,0.004685,0.0036942,0.0028162,0.0020551,0.001414,0.00089399,0.00049508,0.00021551,5.2063e-05,0
0,7.559e-05,0.00029071,0.00063545,0.0011,0.001675,0.0023511,0.0031194,0.0039715,0.0048993,0.0058951,0.0069515,0.0080616,0.009219,0.010417,0.011651,0.012914,0.014202,0.01551,0.016833,0.018166,0.019506,0.020847,0.022188,0.023522,0.024847,0.026159,0.027454,0.028729,0.02998,0.031203,0.032395,0.033551,0.034669,0.035744,0.036773,0.037752,0.038677,0.039545,0.040351,0.041091,0.041763,0.042362,0.042884,0.043326,0.043685,0.043956,0.044138,0.044227,0.04422,0.044115,0.04391,0.043604,0.043194,0.042681,0.042063,0.041342,0.040517,0.039591,0.038566,0.037445,0.03623,0.034928,0.033544,0.032083,0.030553,0.028961,0.027318,0.025631,0.023913,0.022173,0.020423,0.018676,0.016943,0.015238,0.013572,0.011959,0.01041,0.0089374,0.0075515,0.0062624,0.0050792,0.0040097,0.0030604,0.0022361,0.0015405,0.00097537,0.00054098,0.00023592,5.7154e-05,0
0,7.9472e-05,0.00030546,0.0006674,0.0011549,0.001758,0.0024669,0.0032722,0.0041649,0.0051367,0.0061792,0.007285,0.0084466,0.0096575,0.010911,0.012201,0.013522,0.014869,0.016236,0.017619,0.019013,0.020413,0.021816,0.023218,0.024614,0.026,0.027373,0.028729,0.030065,0.031376,0.032658,0.033909,0.035124,0.036299,0.037431,0.038515,0.039548,0.040526,0.041445,0.042301,0.04309,0.043807,0.04445,0.045014,0.045495,0.045891,0.046196,0.046408,0.046524,0.04654,0.046455,0.046265,0.045969,0.045565,0.045053,0.04443,0.043699,0.042858,0.04191,0.040857,0.0397,0.038445,0.037095,0.035655,0.034133,0.032535,0.030869,0.029145,0.027373,0.025563,0.023726,0.021876,0.020025,0.018186,0.016373,0.014599,0.012877,0.011222,0.0096444,0.0081577,0.0067727,0.0054993,0.0043464,0.0033212,0.0024297,0.001676,0.0010626,0.00059026,0.00025787,6.2639e-05,0
0,8.3376e-05,0.00032029,0.00069955,0.0012102,0.0018416,0.0025834,0.0034259,0.0043596,0.0053755,0.0064652,0.0076206,0.0088342,0.010099,0.011408,0.012755,0.014134,0.01554,0.016967,0.01841,0.019865,0.021327,0.022791,0.024255,0.025712,0.02716,0.028595,0.030013,0.031409,0.032781,0.034123,0.035434,0.036707,0.037941,0.03913,0.040271,0.041359,0.042391,0.043363,0.04427,0.045108,0.045874,0.046562,0.04717,0.047692,0.048126,0.048467,0.048711,0.048857,0.048899,0.048835,0.048663,0.04838,0.047985,0.047476,0.046852,0.046113,0.045259,0.044291,0.043212,0.042023,0.040728,0.039332,0.037839,0.036257,0.034592,0.032852,0.031048,0.029188,0.027286,0.025352,0.023399,0.021442,0.019493,0.017568,0.015682,0.013847,0.01208,0.010394,0.0088012,0.0073151,0.0059464,0.0047052,0.0035996,0.0026366,0.001821,0.0011561,0.00064314,0.00028146,6.8547e-05,0
0,8.7294e-05,0.00033519,0.00073184,0.0012657,0.0019255,0.0027005,0.0035804,0.0045552,0.0056155,0.0067525,0.0079578,0.0092235,0.010542,0.011907,0.013311,0.014748,0.016213,0.0177,0.019204,0.020721,0.022244,0.023771,0.025296,0.026816,0.028326,0.029822,0.031302,0.03276,0.034192,0.035596,0.036966,0.038299,0.039591,0.040839,0.042036,0.043181,0.044268,0.045294,0.046253,0.047142,0.047957,0.048692,0.049345,0.049911,0.050385,0.050764,0.051043,0.05122,0.05129,0.051251,0.051099,0.050833,0.050449,0.049946,0.049323,0.048579,0.047715,0.046731,0.045628,0.044409,0.043077,0.041637,0.040093,0.038452,0.036721,0.034909,0.033024,0.031078,0.029082,0.027049,0.024992,0.022926,0.020866,0.018826,0.016822,0.014871,0.012987,0.011187,0.0094834,0.007891,0.0064219,0.0050873,0.0038966,0.0028575,0.0019761,0.0012562,0.00069985,0.0003068,7.4906e-05,0
0,9.1221e-05,0.00035012,0.00076421,0.0013213,0.0020097,0.002818,0.0037353,0.0047513,0.0058562,0.0070407,0.0082961,0.009614,0.010987,0.012407,0.013869,0.015365,0.016889,0.018436,0.020001,0.021578,0.023164,0.024752,0.02634,0.027921,0.029494,0.031053,0.032594,0.034113,0.035607,0.037071,0.038502,0.039895,0.041247,0.042553,0.043808,0.04501,0.046153,0.047233,0.048245,0.049187,0.050052,0.050836,0.051535,0.052146,0.052662,0.053081,0.053397,0.053608,0.053709,0.053696,0.053568,0.05332,0.05295,0.052456,0.051838,0.051093,0.050221,0.049223,0.0481,0.046854,0.045489,0.044007,0.042414,0.040716,0.038921,0.037037,0.035073,0.033041,0.030951,0.028818,0.026656,0.024479,0.022304,0.020145,0.018022,0.015949,0.013945,0.012025,0.010206,0.0085018,0.006927,0.0054938,0.0042129,0.0030933,0.0021418,0.0013634,0.00076062,0.00033399,8.1748e-05,0
0,9.5148e-05,0.00036505,0.0007966,0.001377,0.002094,0.0029356,0.0038905,0.0049478,0.0060973,0.0073294,0.0086349,0.010005,0.011432,0.012909,0.014427,0.015981,0.017565,0.019173,0.020798,0.022437,0.024084,0.025734,0.027384,0.029028,0.030662,0.032283,0.033886,0.035467,0.037022,0.038548,0.040039,0.041492,0.042903,0.044268,0.045582,0.04684,0.04804,0.049175,0.050242,0.051236,0.052153,0.052987,0.053735,0.054391,0.054951,0.055411,0.055767,0.056013,0.056147,0.056164,0.056061,0.055835,0.055482,0.055001,0.05439,0.053646,0.052771,0.051762,0.050623,0.049353,0.047956,0.046436,0.044797,0.043046,0.041188,0.039234,0.037192,0.035074,0.032892,0.030659,0.02839,0.026101,0.023808,0.021529,0.019281,0.017084,0.014954,0.01291,0.01097,0.0091489,0.007463,0.0059258,0.0045496,0.0033446,0.0023187,0.0014779,0.00082569,0.00036316,8.9104e-05,0
0,9.907e-05,0.00037998,0.00082898,0.0014327,0.0021782,0.0030532,0.0040456,0.0051443,0.0063384,0.0076181,0.0089736,0.010396,0.011878,0.01341,0.014985,0.016598,0.018241,0.019909,0.021595,0.023295,0.025003,0.026715,0.028426,0.030132,0.031829,0.033511,0.035176,0.036818,0.038435,0.040021,0.041573,0.043086,0.044557,0.04598,0.047352,0.048669,0.049925,0.051116,0.052238,0.053285,0.054254,0.055139,0.055936,0.05664,0.057246,0.057749,0.058145,0.05843,0.058599,0.058648,0.058573,0.058371,0.058039,0.057573,0.056972,0.056234,0.055357,0.054342,0.053189,0.0519,0.050475,0.04892,0.047238,0.045435,0.043519,0.041496,0.039378,0.037176,0.034901,0.032568,0.030192,0.02779,0.025378,0.022976,0.020602,0.018275,0.016016,0.013844,0.011777,0.0098335,0.0080309,0.0063844,0.0049077,0.0036122,0.0025074,0.0016003,0.00089532,0.00039442,9.7007e-05,0
0,0.00010298,0.00039487,0.00086129,0.0014883,0.0022624,0.0031706,0.0042005,0.0053404,0.0065792,0.0079063,0.0093119,0.010787,0.012322,0.01391,0.015543,0.017213,0.018915,0.020643,0.022389,0.02415,0.025919,0.027692,0.029465,0.031233,0.03299,0.034734,0.03646,0.038164,0.039841,0.041488,0.0431,0.044673,0.046203,0.047685,0.049115,0.050489,0.051802,0.05305,0.054226,0.055328,0.05635,0.057287,0.058134,0.058886,0.059539,0.060087,0.060525,0.06085,0.061056,0.061139,0.061095,0.06092,0.060611,0.060164,0.059577,0.058847,0.057973,0.056955,0.055793,0.054486,0.053038,0.051452,0.04973,0.04788,0.045907,0.04382,0.041628,0.039343,0.036978,0.034546,0.032063,0.029546,0.027015,0.024487,0.021983,0.019524,0.017131,0.014826,0.012627,0.010557,0.0086321,0.0068707,0.0052879,0.0038969,0.0027085,0.0017309,0.00096975,0.00042791,0.00010549,0
0,0.00010687,0.0004097,0.00089349,0.0015437,0.0023462,0.0032876,0.004355,0.0055361,0.0068193,0.0081938,0.0096492,0.011176,0.012765,0.014408,0.016098,0.017826,0.019587,0.021373,0.02318,0.025001,0.026831,0.028665,0.030498,0.032327,0.034145,0.03595,0.037736,0.0395,0.041238,0.042944,0.044616,0.046248,0.047837,0.049378,0.050866,0.052297,0.053667,0.05497,0.056202,0.057358,0.058434,0.059423,0.06032,0.061122,0.061823,0.062417,0.062899,0.063266,0.063511,0.06363,0.063619,0.063474,0.06319,0.062765,0.062195,0.061477,0.06061,0.059593,0.058425,0.057106,0.055638,0.054024,0.052267,0.050373,0.048347,0.046199,0.043936,0.041572,0.039117,0.036587,0.033998,0.031368,0.028715,0.026061,0.023425,0.020831,0.018301,0.015858,0.013523,0.01132,0.0092675,0.0073856,0.0056913,0.0041994,0.0029225,0.0018701,0.0010493,0.00046374,0.0001146,0
0,0.00011075,0.00042446,0.00092554,0.0015989,0.0024298,0.0034042,0.0045089,0.005731,0.0070585,0.00848,0.009985,0.011564,0.013206,0.014904,0.01665,0.018436,0.020255,0.0221,0.023966,0.025846,0.027736,0.02963,0.031523,0.033412,0.03529,0.037155,0.039001,0.040825,0.042621,0.044387,0.046118,0.047808,0.049455,0.051054,0.052599,0.054087,0.055513,0.056872,0.05816,0.05937,0.060498,0.06154,0.062489,0.063341,0.06409,0.064731,0.065259,0.065668,0.065954,0.066112,0.066136,0.066023,0.065768,0.065367,0.064818,0.064116,0.063259,0.062246,0.061077,0.05975,0.058267,0.05663,0.054842,0.052908,0.050834,0.048627,0.046298,0.043856,0.041315,0.03869,0.035996,0.033253,0.030479,0.027697,0.024928,0.022196,0.019525,0.01694,0.014465,0.012123,0.009938,0.0079301,0.0061186,0.0045205,0.00315,0.0020185,0.0011341,0.00050204,0.00012435,0
0,0.00011459,0.00043913,0.00095742,0.0016537,0.0025129,0.0035203,0.004662,0.0059249,0.0072964,0.0087649,0.010319,0.011949,0.013645,0.015397,0.017199,0.019041,0.020918,0.022821,0.024745,0.026684,0.028633,0.030586,0.032539,0.034486,0.036424,0.038347,0.040252,0.042134,0.043989,0.045813,0.047601,0.049349,0.051053,0.052708,0.05431,0.055854,0.057336,0.05875,0.060091,0.061356,0.062537,0.063631,0.064632,0.065534,0.066332,0.067021,0.067595,0.068049,0.068377,0.068575,0.068637,0.068558,0.068334,0.067961,0.067435,0.066752,0.06591,0.064906,0.063739,0.062408,0.060915,0.059259,0.057445,0.055476,0.053358,0.051099,0.048706,0.046191,0.043568,0.040849,0.038053,0.035198,0.032304,0.029393,0.026489,0.023617,0.020803,0.018073,0.015453,0.012968,0.010645,0.008505,0.0065708,0.0048609,0.0033917,0.0021763,0.0012245,0.00054295,0.00013481,0
0,0.00011841,0.00045371,0.00098911,0.0017083,0.0025955,0.0036357,0.0048143,0.0061178,0.007533,0.009048,0.010651,0.012332,0.01408,0.015887,0.017743,0.019642,0.021575,0.023535,0.025517,0.027514,0.02952,0.031532,0.033542,0.035547,0.037543,0.039523,0.041486,0.043425,0.045336,0.047217,0.049061,0.050865,0.052625,0.054336,0.055993,0.057592,0.059128,0.060597,0.061992,0.063309,0.064544,0.065689,0.066741,0.067694,0.068541,0.069278,0.069899,0.070398,0.07077,0.071009,0.071111,0.071069,0.070879,0.070536,0.070036,0.069376,0.068552,0.067561,0.066401,0.065071,0.063571,0.061903,0.060068,0.058069,0.055912,0.053604,0.051154,0.048571,0.045868,0.04306,0.040164,0.037199,0.034186,0.031148,0.028109,0.025096,0.022135,0.019257,0.016487,0.013855,0.011388,0.0091111,0.0070485,0.0052213,0.0036481,0.002344,0.0013208,0.00058661,0.00014599,0
0,0.0001222,0.00046819,0.0010206,0.0017625,0.0026777,0.0037504,0.0049657,0.0063094,0.0077681,0.0093292,0.010981,0.012712,0.014512,0.016372,0.018283,0.020237,0.022225,0.024242,0.02628,0.028333,0.030397,0.032464,0.034531,0.036593,0.038644,0.040681,0.042699,0.044694,0.046661,0.048596,0.050495,0.052354,0.054168,0.055933,0.057644,0.059296,0.060885,0.062407,0.063854,0.065224,0.06651,0.067707,0.068809,0.069812,0.070709,0.071494,0.072162,0.072707,0.073124,0.073406,0.073548,0.073545,0.073391,0.073081,0.072611,0.071977,0.071174,0.0702,0.069051,0.067727,0.066227,0.06455,0.062699,0.060676,0.058487,0.056136,0.053632,0.050986,0.048209,0.045316,0.042324,0.039253,0.036122,0.032957,0.029784,0.026628,0.023521,0.020491,0.017568,0.014785,0.012169,0.0097492,0.0075524,0.0056022,0.0039196,0.002522,0.0014232,0.00063314,0.00015794,0
0,0.00012596,0.00048256,0.0010519,0.0018164,0.0027593,0.0038644,0.0051161,0.0064998,0.0080015,0.0096083,0.011308,0.013089,0.01494,0.016853,0.018817,0.020825,0.022868,0.02494,0.027033,0.029142,0.03126,0.033383,0.035505,0.037621,0.039727,0.041818,0.04389,0.045938,0.047958,0.049947,0.051899,0.05381,0.055676,0.057493,0.059256,0.06096,0.062601,0.064173,0.065672,0.067093,0.068429,0.069677,0.070829,0.071881,0.072826,0.07366,0.074375,0.074967,0.075428,0.075754,0.075938,0.075975,0.075859,0.075585,0.075148,0.074542,0.073765,0.072812,0.071679,0.070366,0.068869,0.06719,0.065329,0.063288,0.061071,0.058683,0.056133,0.053429,0.050584,0.047611,0.044527,0.041352,0.038108,0.034819,0.031511,0.028214,0.024958,0.021774,0.018696,0.015756,0.012987,0.01042,0.0080832,0.0060044,0.0042069,0.0027107,0.001532,0.00068268,0.00017071,0
0,0.0001297,0.00049685,0.0010829,0.00187,0.0028405,0.0039777,0.0052656,0.0066889,0.0082334,0.0098854,0.011632,0.013462,0.015365,0.017329,0.019346,0.021406,0.023503,0.025628,0.027775,0.029938,0.03211,0.034286,0.036461,0.03863,0.040789,0.042932,0.045055,0.047155,0.049226,0.051265,0.053268,0.05523,0.057146,0.059013,0.060825,0.062579,0.064269,0.065891,0.067439,0.068909,0.070294,0.07159,0.072791,0.073891,0.074885,0.075766,0.076528,0.077166,0.077673,0.078044,0.078271,0.07835,0.078273,0.078037,0.077635,0.077061,0.076313,0.075384,0.074272,0.072973,0.071487,0.06981,0.067945,0.065892,0.063654,0.061236,0.058645,0.05589,0.052982,0.049935,0.046766,0.043493,0.040138,0.036728,0.033288,0.029849,0.026444,0.023106,0.019869,0.01677,0.013843,0.011123,0.0086413,0.0064283,0.0045104,0.0029106,0.0016474,0.00073537,0.00018433,0
0,0.0001334,0.00051105,0.0011139,0.0019233,0.0029212,0.0040904,0.0054142,0.0068769,0.0084636,0.01016,0.011954,0.013833,0.015785,0.0178,0.019868,0.02198,0.024129,0.026307,0.028506,0.030721,0.032944,0.035172,0.037398,0.039618,0.041826,0.044019,0.046192,0.048341,0.050461,0.052548,0.054599,0.056608,0.058572,0.060486,0.062346,0.064147,0.065885,0.067554,0.069149,0.070665,0.072098,0.073441,0.074689,0.075836,0.076876,0.077804,0.078613,0.079297,0.079849,0.080264,0.080535,0.080656,0.080621,0.080424,0.080059,0.079521,0.078804,0.077904,0.076817,0.075538,0.074066,0.072398,0.070535,0.068476,0.066224,0.063783,0.061159,0.058359,0.055396,0.052281,0.049032,0.045666,0.042206,0.038678,0.03511,0.031532,0.027978,0.024484,0.021087,0.017826,0.014737,0.011859,0.0092273,0.0068744,0.0048306,0.0031219,0.0017698,0.00079135,0.00019884,0
0,0.0001371,0.0005252,0.0011447,0.0019764,0.0030016,0.0042026,0.0055621,0.0070639,0.0086925,0.010434,0.012274,0.0142,0.016201,0.018265,0.020384,0.022547,0.024747,0.026975,0.029224,0.031489,0.033763,0.036039,0.038314,0.040582,0.042838,0.045078,0.047298,0.049493,0.051659,0.053792,0.055888,0.057942,0.059951,0.06191,0.063814,0.065659,0.067441,0.069155,0.070794,0.072356,0.073833,0.075221,0.076514,0.077706,0.078792,0.079765,0.080619,0.081348,0.081945,0.082405,0.08272,0.082885,0.082892,0.082736,0.08241,0.081909,0.081228,0.08036,0.079301,0.078047,0.076594,0.074941,0.073085,0.071027,0.068768,0.066311,0.063661,0.060825,0.057814,0.054639,0.051316,0.047864,0.044305,0.040665,0.036971,0.033256,0.029556,0.025907,0.022349,0.018922,0.015669,0.012629,0.0098412,0.0073431,0.0051679,0.003345,0.0018993,0.00085075,0.0002143,0
0,0.00014078,0.00053932,0.0011754,0.0020294,0.0030819,0.0043146,0.0057096,0.0072502,0.0089204,0.010705,0.012591,0.014564,0.016613,0.018726,0.020893,0.023106,0.025354,0.027631,0.02993,0.032242,0.034563,0.036887,0.039208,0.041522,0.043823,0.046107,0.048371,0.050609,0.052818,0.054993,0.057131,0.059227,0.061278,0.063278,0.065224,0.06711,0.068933,0.070688,0.07237,0.073973,0.075492,0.076923,0.078258,0.079494,0.080623,0.081639,0.082537,0.08331,0.083952,0.084455,0.084815,0.085023,0.085073,0.084959,0.084675,0.084214,0.08357,0.082737,0.08171,0.080485,0.079058,0.077424,0.075583,0.073532,0.071273,0.068808,0.06614,0.063276,0.060225,0.056998,0.05361,0.050079,0.046428,0.04268,0.038867,0.035019,0.031174,0.027371,0.023651,0.020059,0.016637,0.013431,0.010483,0.0078347,0.0055226,0.0035802,0.0020362,0.00091371,0.00023073,0
0,0.00014446,0.00055346,0.0012062,0.0020824,0.0031622,0.0044265,0.005857,0.0074361,0.0091475,0.010976,0.012906,0.014925,0.017021,0.019182,0.021397,0.023657,0.025953,0.028277,0.030621,0.03298,0.035346,0.037714,0.040078,0.042435,0.044778,0.047104,0.049408,0.051686,0.053934,0.056149,0.058325,0.06046,0.062548,0.064586,0.06657,0.068495,0.070356,0.072149,0.073869,0.07551,0.077069,0.078539,0.079915,0.081191,0.082361,0.083419,0.084359,0.085174,0.085859,0.086406,0.086809,0.08706,0.087154,0.087083,0.086841,0.086422,0.085818,0.085023,0.084033,0.082841,0.081443,0.079835,0.078014,0.075977,0.073726,0.07126,0.068582,0.065698,0.062616,0.059346,0.055901,0.0523,0.048564,0.044717,0.04079,0.036814,0.032829,0.028874,0.024993,0.021233,0.017642,0.014266,0.011154,0.0083494,0.005895,0.0038279,0.0021807,0.00098034,0.00024819,0
0,0.00014817,0.00056768,0.0012372,0.0021358,0.0032429,0.0045389,0.0060046,0.0076222,0.0093745,0.011245,0.01322,0.015285,0.017426,0.019633,0.021895,0.024201,0.026542,0.028911,0.031299,0.033701,0.036109,0.038519,0.040924,0.04332,0.045702,0.048066,0.050407,0.052722,0.055006,0.057256,0.059467,0.061636,0.063759,0.065831,0.067849,0.069808,0.071703,0.07353,0.075285,0.076962,0.078557,0.080063,0.081476,0.082789,0.083998,0.085095,0.086075,0.086931,0.087657,0.088246,0.088691,0.088986,0.089123,0.089096,0.088897,0.08852,0.087958,0.087205,0.086254,0.085099,0.083735,0.082158,0.080363,0.078348,0.076111,0.073652,0.070973,0.068079,0.064975,0.061671,0.058179,0.054517,0.050705,0.046767,0.042733,0.038636,0.034514,0.03041,0.026371,0.022444,0.018681,0.015133,0.011852,0.0088873,0.0062854,0.0040883,0.002333,0.0010508,0.00026671,0
0,0.00015191,0.00058204,0.0012685,0.0021896,0.0033242,0.004652,0.0061532,0.0078091,0.009602,0.011515,0.013534,0.015643,0.01783,0.020081,0.022387,0.024737,0.027122,0.029534,0.031964,0.034406,0.036854,0.039302,0.041744,0.044177,0.046594,0.048992,0.051367,0.053714,0.05603,0.058311,0.060553,0.062753,0.064906,0.067008,0.069056,0.071044,0.07297,0.074828,0.076614,0.078322,0.079949,0.081488,0.082934,0.084282,0.085525,0.086659,0.087676,0.088571,0.089336,0.089965,0.090452,0.090789,0.090969,0.090985,0.09083,0.090497,0.089979,0.089269,0.08836,0.087246,0.085921,0.08438,0.082617,0.080629,0.078414,0.075971,0.0733,0.070403,0.067287,0.063959,0.060431,0.056718,0.05284,0.04882,0.044687,0.040476,0.036224,0.031977,0.027781,0.023688,0.019753,0.016031,0.012578,0.0094483,0.0066938,0.0043616,0.0024934,0.0011252,0.00028634,0
0,0.00015571,0.00059663,0.0013002,0.0022442,0.0034067,0.0047665,0.0063032,0.0079975,0.009831,0.011787,0.013848,0.016001,0.018231,0.020526,0.022875,0.025268,0.027694,0.030145,0.032615,0.035095,0.037579,0.040062,0.042538,0.045003,0.047452,0.04988,0.052284,0.05466,0.057004,0.059312,0.061581,0.063806,0.065985,0.068113,0.070186,0.0722,0.074152,0.076036,0.077848,0.079584,0.081239,0.082806,0.084282,0.085661,0.086937,0.088103,0.089155,0.090085,0.090887,0.091555,0.092081,0.092458,0.09268,0.09274,0.092629,0.092341,0.091868,0.091203,0.090339,0.089269,0.087986,0.086485,0.08476,0.082806,0.080621,0.078201,0.075546,0.072657,0.069539,0.066198,0.062644,0.058891,0.054957,0.050866,0.046644,0.042327,0.037953,0.033567,0.029219,0.024963,0.020856,0.016958,0.013331,0.010032,0.0071206,0.004648,0.002662,0.0012036,0.00030713,0
0,0.0001596,0.00061157,0.0013327,0.0023,0.0034907,0.004883,0.0064556,0.0081884,0.010062,0.01206,0.014164,0.01636,0.018633,0.02097,0.02336,0.025793,0.028258,0.030747,0.033252,0.035767,0.038284,0.040799,0.043305,0.045799,0.048275,0.05073,0.053159,0.055559,0.057926,0.060256,0.062547,0.064793,0.066993,0.069142,0.071236,0.073271,0.075244,0.077149,0.078984,0.080743,0.082421,0.084013,0.085515,0.08692,0.088224,0.08942,0.090502,0.091465,0.092301,0.093005,0.093568,0.093985,0.094248,0.094349,0.094282,0.094039,0.093611,0.092993,0.092176,0.091152,0.089916,0.08846,0.086778,0.084864,0.082715,0.080326,0.077696,0.074825,0.071716,0.068372,0.064804,0.061023,0.057045,0.052893,0.048594,0.044181,0.039693,0.035176,0.030681,0.026265,0.021988,0.017914,0.01411,0.010639,0.0075655,0.0049476,0.002839,0.0012863,0.00032912,0
0,0.00016361,0.00062697,0.0013662,0.0023573,0.003577,0.0050023,0.0066113,0.0083829,0.010298,0.012337,0.014483,0.016721,0.019035,0.021413,0.023843,0.026314,0.028815,0.031339,0.033878,0.036423,0.03897,0.041513,0.044045,0.046563,0.049062,0.051539,0.053988,0.056407,0.058793,0.061141,0.063448,0.065711,0.067927,0.070091,0.072201,0.074252,0.076241,0.078163,0.080015,0.081792,0.083489,0.085101,0.086624,0.088052,0.089379,0.090601,0.091711,0.092703,0.09357,0.094306,0.094905,0.095358,0.09566,0.095803,0.095778,0.095579,0.095198,0.094627,0.093858,0.092884,0.091697,0.09029,0.088656,0.086788,0.084682,0.082332,0.079736,0.076892,0.073801,0.070467,0.066896,0.063099,0.05909,0.05489,0.050525,0.046028,0.041436,0.036796,0.032161,0.02759,0.023145,0.018897,0.014914,0.011268,0.0080286,0.0052607,0.0030245,0.0013732,0.00035235,0
0,0.0001678,0.000643,0.0014009,0.0024168,0.0036662,0.0051254,0.0067715,0.0085825,0.010538,0.012619,0.014807,0.017085,0.01944,0.021858,0.024325,0.026831,0.029367,0.031923,0.034491,0.037065,0.039637,0.042203,0.044758,0.047296,0.049813,0.052306,0.054771,0.057205,0.059603,0.061963,0.064282,0.066556,0.068783,0.070957,0.073078,0.075139,0.077139,0.079073,0.080937,0.082726,0.084437,0.086064,0.087604,0.08905,0.090397,0.09164,0.092773,0.09379,0.094685,0.095451,0.096081,0.096569,0.096908,0.097089,0.097106,0.096951,0.096616,0.096093,0.095374,0.094451,0.093316,0.091961,0.090379,0.088563,0.086506,0.084203,0.081649,0.078842,0.07578,0.072466,0.068905,0.065104,0.061078,0.056844,0.052426,0.047856,0.043173,0.038421,0.033654,0.028933,0.024326,0.019903,0.015742,0.011919,0.0085097,0.0055873,0.0032188,0.0014646,0.00037687,0
0,0.00017221,0.00065984,0.0014373,0.002479,0.0037593,0.0052535,0.0069375,0.0087886,0.010785,0.012908,0.015137,0.017456,0.019851,0.022305,0.024808,0.027348,0.029915,0.032499,0.035094,0.037691,0.040285,0.042871,0.045442,0.047995,0.050526,0.053031,0.055506,0.057949,0.060355,0.062722,0.065047,0.067326,0.069557,0.071737,0.073862,0.075929,0.077934,0.079873,0.081744,0.083541,0.08526,0.086898,0.088448,0.089907,0.091269,0.092529,0.093681,0.094719,0.095638,0.09643,0.097089,0.097608,0.097981,0.0982,0.098257,0.098144,0.097854,0.097379,0.09671,0.09584,0.094759,0.093459,0.091934,0.090174,0.088172,0.085922,0.083419,0.080658,0.077636,0.074355,0.070815,0.067025,0.062994,0.05874,0.054284,0.049656,0.044893,0.04004,0.035152,0.03029,0.025525,0.020932,0.016593,0.012591,0.0090086,0.0059273,0.0034219,0.0015605,0.00040274,0
0,0.00017689,0.00067771,0.0014759,0.0025447,0.0038573,0.0053878,0.0071111,0.0090032,0.011042,0.013206,0.015476,0.017836,0.020268,0.022758,0.025294,0.027865,0.03046,0.033069,0.035686,0.038304,0.040915,0.043515,0.046099,0.048662,0.051201,0.053712,0.056192,0.058638,0.061046,0.063414,0.065739,0.068018,0.070248,0.072427,0.074551,0.076616,0.078621,0.08056,0.082432,0.084231,0.085953,0.087595,0.089152,0.090618,0.09199,0.093262,0.094428,0.095483,0.09642,0.097235,0.097919,0.098466,0.09887,0.099123,0.099218,0.099147,0.098901,0.098473,0.097855,0.097037,0.096012,0.094771,0.093305,0.091605,0.089665,0.087475,0.08503,0.082324,0.079353,0.076115,0.07261,0.068844,0.064824,0.060565,0.056086,0.051415,0.046587,0.041647,0.036648,0.031654,0.026738,0.021979,0.017464,0.013282,0.0095249,0.0062809,0.003634,0.001661,0.00043,0
0,0.00018194,0.00069689,0.0015172,0.0026147,0.0039615,0.00553,0.007294,0.0092284,0.01131,0.013516,0.015827,0.018226,0.020694,0.023219,0.025786,0.028385,0.031004,0.033635,0.036271,0.038903,0.041527,0.044137,0.046728,0.049296,0.051837,0.054349,0.056827,0.05927,0.061674,0.064037,0.066356,0.068628,0.070851,0.073023,0.075139,0.077198,0.079195,0.081129,0.082995,0.08479,0.08651,0.08815,0.089707,0.091176,0.092553,0.093831,0.095006,0.096073,0.097026,0.097858,0.098563,0.099135,0.099567,0.099851,0.099981,0.099948,0.099746,0.099364,0.098796,0.098032,0.097064,0.095882,0.094479,0.092844,0.090969,0.088846,0.086467,0.083824,0.080914,0.077731,0.074274,0.070545,0.066551,0.062303,0.057817,0.053119,0.048242,0.043229,0.038134,0.033019,0.027961,0.023042,0.018354,0.013993,0.010058,0.0066479,0.0038552,0.0017664,0.0004587,0
0,0.00018743,0.00071769,0.0015618,0.0026902,0.0040732,0.0056819,0.0074885,0.0094666,0.011592,0.01384,0.016193,0.018629,0.021133,0.02369,0.026286,0.028909,0.03155,0.034198,0.036848,0.039491,0.042122,0.044736,0.047328,0.049895,0.052433,0.054939,0.05741,0.059844,0.062237,0.064588,0.066895,0.069154,0.071363,0.073521,0.075623,0.077669,0.079653,0.081575,0.083429,0.085214,0.086925,0.088558,0.09011,0.091575,0.09295,0.09423,0.09541,0.096483,0.097446,0.098291,0.099013,0.099605,0.10006,0.10037,0.10054,0.10054,0.10038,0.10004,0.099521,0.098811,0.0979,0.09678,0.095441,0.093874,0.09207,0.090019,0.087712,0.085142,0.082301,0.079185,0.075788,0.072112,0.068159,0.063937,0.059462,0.054755,0.049846,0.044777,0.0396,0.034378,0.029188,0.024116,0.019259,0.014721,0.010608,0.0070284,0.0040857,0.0018766,0.00048892,0
0,0.00019347,0.00074049,0.0016105,0.0027722,0.0041942,0.0058456,0.0076971,0.0097208,0.011891,0.014183,0.016576,0.01905,0.021588,0.024174,0.026796,0.029441,0.032098,0.03476,0.037419,0.040067,0.0427,0.045312,0.0479,0.05046,0.052988,0.055482,0.057939,0.060356,0.062733,0.065065,0.067352,0.069592,0.071781,0.073917,0.075999,0.078024,0.079989,0.081892,0.083728,0.085496,0.087192,0.088812,0.090352,0.091808,0.093176,0.094452,0.09563,0.096705,0.097672,0.098526,0.09926,0.099868,0.10034,0.10068,0.10087,0.10091,0.10079,0.10049,0.10002,0.099363,0.098509,0.097451,0.096179,0.094682,0.092952,0.090978,0.08875,0.08626,0.083499,0.08046,0.077136,0.073526,0.06963,0.065452,0.061005,0.056307,0.051385,0.046278,0.041036,0.035722,0.030413,0.025198,0.020179,0.015465,0.011174,0.0074223,0.0043255,0.001992,0.00052073,0
0,0.0002002,0.00076574,0.0016642,0.0028623,0.0043263,0.0060236,0.0079227,0.0099941,0.01221,0.014547,0.01698,0.019491,0.022061,0.024675,0.027319,0.029982,0.032652,0.035322,0.037985,0.040633,0.043261,0.045866,0.048443,0.050988,0.0535,0.055975,0.05841,0.060805,0.063157,0.065464,0.067725,0.069937,0.072098,0.074208,0.076262,0.07826,0.080198,0.082075,0.083887,0.085632,0.087305,0.088905,0.090428,0.091868,0.093223,0.094489,0.095659,0.096731,0.097698,0.098554,0.099296,0.099916,0.10041,0.10076,0.10098,0.10105,0.10096,0.10071,0.10028,0.099675,0.098878,0.097882,0.096678,0.095254,0.093601,0.091708,0.089566,0.087163,0.08449,0.081538,0.078299,0.074769,0.070946,0.06683,0.06243,0.05776,0.052846,0.047721,0.042432,0.037043,0.031629,0.026282,0.021108,0.016224,0.011755,0.0078295,0.004575,0.0021127,0.00055421,0
0,0.00020776,0.00079398,0.0017241,0.0029621,0.0044721,0.0062188,0.0081687,0.01029,0.012555,0.014936,0.01741,0.019956,0.022557,0.025196,0.027859,0.030535,0.033213,0.035886,0.038547,0.041188,0.043806,0.046396,0.048955,0.051479,0.053967,0.056415,0.058822,0.061187,0.063507,0.065781,0.068008,0.070185,0.072312,0.074386,0.076406,0.078369,0.080274,0.082117,0.083898,0.085612,0.087258,0.088831,0.090329,0.091748,0.093084,0.094333,0.09549,0.096552,0.097513,0.098368,0.099111,0.099737,0.10024,0.10061,0.10085,0.10094,0.10089,0.10067,0.10029,0.099735,0.098994,0.098061,0.096924,0.095575,0.094002,0.092194,0.090141,0.087832,0.085256,0.082401,0.07926,0.075824,0.072088,0.068052,0.063718,0.059098,0.054211,0.049089,0.043776,0.03833,0.032829,0.027364,0.022045,0.016996,0.012351,0.00825,0.0048344,0.0022389,0.00058945,0
0,0.00021634,0.00082586,0.0017912,0.0030736,0.004634,0.0064344,0.0084387,0.010613,0.012928,0.015355,0.017869,0.02045,0.023078,0.025738,0.028417,0.031101,0.033783,0.036453,0.039105,0.041733,0.044333,0.046901,0.049434,0.05193,0.054386,0.0568,0.059171,0.061497,0.063777,0.066011,0.068195,0.070331,0.072415,0.074446,0.076423,0.078345,0.080208,0.082012,0.083754,0.085431,0.087041,0.088581,0.090048,0.091439,0.092749,0.093975,0.095114,0.09616,0.097109,0.097956,0.098696,0.099324,0.099833,0.10022,0.10047,0.10059,0.10056,0.10038,0.10004,0.099531,0.098845,0.097973,0.096905,0.09563,0.094139,0.09242,0.090461,0.088252,0.085779,0.083032,0.079999,0.07667,0.073038,0.069098,0.06485,0.060301,0.055465,0.050369,0.045054,0.039573,0.034003,0.028436,0.022984,0.017777,0.01296,0.0086838,0.0051039,0.0023709,0.0006266,0
0,0.00022618,0.00086216,0.0018673,0.0031992,0.0048152,0.0066742,0.0087371,0.010968,0.013335,0.015808,0.018362,0.020975,0.023629,0.026307,0.028995,0.031683,0.034361,0.037021,0.039658,0.042265,0.04484,0.047378,0.049878,0.052336,0.054752,0.057123,0.059449,0.061729,0.063962,0.066146,0.068281,0.070365,0.072399,0.07438,0.076307,0.078179,0.079994,0.08175,0.083446,0.085079,0.086647,0.088147,0.089576,0.090931,0.092209,0.093406,0.094519,0.095543,0.096475,0.097309,0.09804,0.098664,0.099174,0.099566,0.099833,0.099968,0.099965,0.099816,0.099514,0.09905,0.098417,0.097605,0.096604,0.095405,0.093997,0.092369,0.090509,0.088404,0.086042,0.083411,0.080497,0.077288,0.073775,0.06995,0.065807,0.061351,0.056589,0.051545,0.046251,0.04076,0.035143,0.029492,0.023922,0.018567,0.013582,0.0091309,0.0053839,0.0025092,0.00066579,0
0,0.00023754,0.00090382,0.0019541,0.0033416,0.0050195,0.0069426,0.0090688,0.011359,0.01378,0.0163,0.018893,0.021537,0.024212,0.026903,0.029596,0.032281,0.034949,0.037592,0.040205,0.042783,0.045324,0.047823,0.05028,0.052693,0.055059,0.057379,0.059652,0.061876,0.064052,0.066179,0.068255,0.070281,0.072256,0.074178,0.076047,0.077862,0.07962,0.081322,0.082964,0.084545,0.086063,0.087516,0.0889,0.090213,0.091452,0.092614,0.093695,0.094692,0.0956,0.096414,0.097131,0.097746,0.098253,0.098646,0.098921,0.09907,0.099087,0.098966,0.098699,0.098278,0.097696,0.096942,0.096009,0.094885,0.093561,0.092026,0.090267,0.088271,0.086027,0.083519,0.080734,0.077658,0.074279,0.070585,0.066568,0.062226,0.057564,0.052596,0.047352,0.041877,0.036237,0.030524,0.024853,0.019363,0.014216,0.0095914,0.005675,0.0026541,0.00070723,0
0,0.00025078,0.00095198,0.0020538,0.0035041,0.0052508,0.0072445,0.009439,0.011793,0.014269,0.016836,0.019467,0.022138,0.02483,0.027529,0.03022,0.032894,0.035543,0.038161,0.040741,0.043281,0.045778,0.04823,0.050635,0.052991,0.0553,0.057559,0.059768,0.061928,0.064038,0.066098,0.068107,0.070066,0.071973,0.073828,0.075631,0.07738,0.079075,0.080713,0.082295,0.083817,0.085278,0.086676,0.088008,0.089273,0.090467,0.091587,0.092629,0.093592,0.09447,0.09526,0.095956,0.096556,0.097054,0.097444,0.097722,0.097881,0.097915,0.097818,0.097583,0.097202,0.096667,0.09597,0.095102,0.094054,0.092814,0.091373,0.089718,0.087836,0.085713,0.083336,0.08069,0.077758,0.074527,0.070981,0.06711,0.062906,0.058368,0.053505,0.048338,0.042908,0.037274,0.031523,0.025771,0.02016,0.014861,0.010065,0.005978,0.0028062,0.00075116,0
0,0.00026632,0.001008,0.002169,0.0036904,0.0055143,0.0075855,0.0098538,0.012274,0.014808,0.017421,0.020087,0.022781,0.025485,0.028184,0.030866,0.033521,0.036142,0.038723,0.041261,0.043753,0.046196,0.048589,0.050931,0.053222,0.055462,0.05765,0.059787,0.061872,0.063907,0.06589,0.067823,0.069706,0.071537,0.073317,0.075045,0.07672,0.078342,0.07991,0.081423,0.082878,0.084275,0.085611,0.086885,0.088094,0.089236,0.090307,0.091306,0.092228,0.09307,0.093829,0.0945,0.09508,0.095563,0.095946,0.096222,0.096386,0.096433,0.096356,0.096148,0.095804,0.095315,0.094672,0.093869,0.092895,0.09174,0.090393,0.088843,0.087078,0.085083,0.082843,0.080343,0.077566,0.074496,0.071116,0.06741,0.063367,0.058979,0.054249,0.049191,0.043836,0.038238,0.032479,0.026669,0.020956,0.015515,0.010553,0.0062936,0.0029664,0.00079791,0
0,0.00028468,0.0010737,0.0023029,0.0039053,0.0058154,0.0079719,0.010319,0.01281,0.015401,0.018059,0.020756,0.023467,0.026176,0.028867,0.031529,0.034155,0.036737,0.039272,0.041756,0.044188,0.046565,0.048888,0.051157,0.05337,0.05553,0.057637,0.05969,0.061691,0.06364,0.065539,0.067386,0.069182,0.070928,0.072624,0.074269,0.075863,0.077405,0.078894,0.08033,0.081712,0.083037,0.084305,0.085513,0.086659,0.087742,0.088759,0.089707,0.090583,0.091383,0.092106,0.092746,0.0933,0.093764,0.094133,0.094402,0.094567,0.094623,0.094562,0.094379,0.094068,0.093622,0.093032,0.092291,0.091389,0.090318,0.089067,0.087625,0.085978,0.084114,0.082017,0.079672,0.07706,0.074164,0.070964,0.067442,0.063582,0.059371,0.054804,0.049886,0.044642,0.039114,0.033378,0.02754,0.021745,0.016178,0.011056,0.0066231,0.0031357,0.0008479,0
0,0.00030654,0.0011511,0.0024592,0.004154,0.0061607,0.0084106,0.010843,0.013405,0.016054,0.018753,0.021475,0.024196,0.0269,0.029572,0.032204,0.034788,0.037319,0.039794,0.042211,0.04457,0.046869,0.04911,0.051292,0.053417,0.055486,0.057499,0.059458,0.061364,0.063218,0.06502,0.066772,0.068474,0.070126,0.071729,0.073282,0.074786,0.076239,0.077643,0.078995,0.080295,0.081541,0.082733,0.083869,0.084947,0.085965,0.086921,0.087811,0.088635,0.089389,0.090069,0.090673,0.091196,0.091635,0.091987,0.092245,0.092407,0.092466,0.092418,0.092257,0.091976,0.091569,0.091029,0.090349,0.089519,0.088532,0.087376,0.086042,0.084516,0.082786,0.080837,0.078653,0.076215,0.073504,0.070499,0.06718,0.063525,0.059516,0.055142,0.0504,0.045302,0.039883,0.034206,0.028371,0.022522,0.016846,0.011573,0.0069681,0.0033155,0.00090169,0
0,0.00033275,0.0012428,0.0026428,0.0044428,0.0065574,0.008909,0.011431,0.014066,0.01677,0.019505,0.022243,0.024964,0.02765,0.030291,0.032878,0.035405,0.037871,0.040272,0.042608,0.044879,0.047086,0.049231,0.051314,0.053337,0.055302,0.057211,0.059064,0.060864,0.062612,0.064309,0.065955,0.067553,0.069102,0.070603,0.072056,0.073462,0.074819,0.076129,0.07739,0.078601,0.079763,0.080872,0.081929,0.082932,0.083879,0.084768,0.085596,0.086362,0.087063,0.087696,0.088258,0.088746,0.089157,0.089486,0.089729,0.089883,0.089943,0.089904,0.08976,0.089506,0.089137,0.088644,0.088023,0.087263,0.086358,0.085298,0.084072,0.08267,0.081077,0.07928,0.077262,0.075005,0.07249,0.069694,0.066593,0.063165,0.059385,0.055235,0.050702,0.04579,0.04052,0.034944,0.029152,0.02328,0.017517,0.012106,0.0073305,0.0035074,0.00096003,0
0,0.00036444,0.0013523,0.0028592,0.0047793,0.0070137,0.0094749,0.012089,0.014796,0.017549,0.020311,0.023054,0.02576,0.028414,0.031007,0.033532,0.035987,0.03837,0.04068,0.042918,0.045087,0.047187,0.04922,0.05119,0.053099,0.054947,0.056739,0.058475,0.060158,0.061789,0.06337,0.064902,0.066386,0.067823,0.069214,0.070559,0.071858,0.073113,0.074321,0.075484,0.076601,0.07767,0.078691,0.079664,0.080586,0.081456,0.082272,0.083033,0.083736,0.08438,0.084961,0.085477,0.085925,0.086303,0.086605,0.08683,0.086973,0.087029,0.086996,0.086867,0.086637,0.086302,0.085855,0.08529,0.0846,0.083776,0.082811,0.081694,0.080415,0.078961,0.077319,0.075473,0.073404,0.071094,0.068518,0.065652,0.062469,0.058943,0.055047,0.050761,0.046075,0.040999,0.03557,0.029864,0.024008,0.018188,0.012654,0.0077127,0.0037139,0.0010239,0
0,0.00040308,0.0014838,0.0031155,0.0051722,0.0075386,0.010116,0.012823,0.015597,0.018389,0.021164,0.023897,0.02657,0.029172,0.031697,0.034141,0.036503,0.038783,0.040984,0.043107,0.045155,0.047131,0.049039,0.050881,0.05266,0.054379,0.056041,0.057649,0.059203,0.060707,0.062162,0.06357,0.064932,0.066248,0.067521,0.068751,0.069937,0.071081,0.072182,0.073241,0.074256,0.075228,0.076156,0.077038,0.077874,0.078662,0.079402,0.080091,0.080727,0.081309,0.081834,0.082301,0.082705,0.083045,0.083318,0.083521,0.083649,0.0837,0.083669,0.083552,0.083344,0.083042,0.082638,0.082128,0.081505,0.080762,0.07989,0.078882,0.077727,0.076414,0.074929,0.073258,0.071383,0.069284,0.06694,0.064322,0.061404,0.058154,0.054541,0.050537,0.04612,0.041287,0.036056,0.030487,0.024693,0.018852,0.013218,0.0081179,0.0039381,0.0010948,0
0,0.00045069,0.0016428,0.0034203,0.0056313,0.0081412,0.010838,0.013635,0.016465,0.019281,0.02205,0.02475,0.027366,0.029893,0.032326,0.034665,0.036911,0.039067,0.041137,0.043125,0.045034,0.04687,0.048635,0.050334,0.05197,0.053547,0.055067,0.056534,0.05795,0.059316,0.060636,0.061911,0.063142,0.064331,0.065479,0.066585,0.067652,0.06868,0.069668,0.070617,0.071526,0.072396,0.073225,0.074013,0.074759,0.075462,0.076121,0.076734,0.0773,0.077817,0.078283,0.078696,0.079054,0.079355,0.079595,0.079773,0.079884,0.079926,0.079896,0.079789,0.079601,0.079329,0.078967,0.07851,0.077953,0.077288,0.07651,0.07561,0.074579,0.073407,0.072081,0.070587,0.06891,0.06703,0.064924,0.062567,0.059929,0.056976,0.053674,0.049986,0.045882,0.041341,0.036365,0.030993,0.025316,0.0195,0.013796,0.0085494,0.0041841,0.0011746,0
0,0.00051006,0.0018366,0.0037842,0.0061679,0.0088301,0.011646,0.014521,0.017389,0.020205,0.022941,0.025578,0.028109,0.03053,0.032842,0.035049,0.037153,0.039161,0.041078,0.04291,0.044662,0.046338,0.047945,0.049486,0.050965,0.052386,0.053753,0.055069,0.056336,0.057557,0.058733,0.059867,0.060961,0.062015,0.063031,0.06401,0.064952,0.065858,0.066729,0.067564,0.068363,0.069126,0.069854,0.070544,0.071197,0.071812,0.072387,0.072922,0.073415,0.073865,0.07427,0.074628,0.074938,0.075197,0.075403,0.075554,0.075647,0.075679,0.075647,0.075548,0.075379,0.075135,0.074813,0.074409,0.073916,0.07333,0.072644,0.071851,0.070943,0.069912,0.068745,0.06743,0.065953,0.064294,0.062434,0.060346,0.058,0.055364,0.052397,0.049059,0.045309,0.041113,0.036453,0.031343,0.02585,0.020117,0.014386,0.009011,0.0044573,0.0012661,0
0,0.00058521,0.0020751,0.0042201,0.0067935,0.0096112,0.012535,0.015467,0.018344,0.021126,0.023791,0.026329,0.028737,0.031018,0.033176,0.035219,0.037154,0.038988,0.040728,0.042382,0.043957,0.045457,0.046889,0.048258,0.049567,0.050822,0.052025,0.05318,0.05429,0.055356,0.056383,0.05737,0.05832,0.059235,0.060115,0.060962,0.061776,0.062558,0.063308,0.064026,0.064713,0.065369,0.065992,0.066584,0.067142,0.067667,0.068158,0.068614,0.069033,0.069415,0.069757,0.07006,0.07032,0.070537,0.070708,0.070831,0.070904,0.070925,0.070891,0.0708,0.070648,0.070432,0.070149,0.069795,0.069366,0.068856,0.068261,0.067574,0.066789,0.065897,0.064889,0.063752,0.062475,0.06104,0.059428,0.057615,0.055572,0.053265,0.050654,0.047695,0.044339,0.040539,0.036259,0.031486,0.026257,0.020681,0.014978,0.009506,0.0047647,0.0013734,0
0,0.00068211,0.0023712,0.004743,0.0075182,0.010484,0.013491,0.016443,0.019285,0.021985,0.024532,0.026923,0.029164,0.031264,0.033231,0.035077,0.036812,0.038445,0.039985,0.041441,0.04282,0.044128,0.045371,0.046555,0.047684,0.048762,0.049793,0.050781,0.051727,0.052634,0.053506,0.054342,0.055146,0.055919,0.056661,0.057373,0.058058,0.058714,0.059343,0.059944,0.060518,0.061066,0.061586,0.062078,0.062542,0.062978,0.063385,0.063761,0.064107,0.064421,0.064703,0.06495,0.065161,0.065336,0.065472,0.065568,0.065622,0.065632,0.065596,0.065512,0.065377,0.065189,0.064944,0.06464,0.064272,0.063838,0.063332,0.06275,0.062084,0.06133,0.060478,0.059518,0.058439,0.057226,0.055862,0.054326,0.05259,0.050622,0.048383,0.045826,0.042899,0.039545,0.035709,0.031354,0.026479,0.021152,0.015557,0.010035,0.0051156,0.0015026,0
0,0.00080988,0.0027424,0.0053689,0.0083459,0.011432,0.014476,0.017391,0.020133,0.022688,0.025055,0.027244,0.029268,0.031141,0.032879,0.034494,0.035999,0.037406,0.038724,0.039963,0.041131,0.042233,0.043276,0.044266,0.045207,0.046102,0.046956,0.047772,0.048552,0.049298,0.050013,0.050698,0.051355,0.051985,0.052589,0.053169,0.053725,0.054257,0.054766,0.055252,0.055716,0.056157,0.056575,0.056971,0.057343,0.057692,0.058017,0.058317,0.058592,0.058841,0.059063,0.059256,0.059421,0.059556,0.059659,0.059729,0.059765,0.059765,0.059728,0.059652,0.059534,0.059373,0.059166,0.05891,0.058604,0.058243,0.057825,0.057344,0.056796,0.056175,0.055475,0.054688,0.053803,0.052808,0.051689,0.050426,0.048996,0.04737,0.04551,0.043372,0.040901,0.038035,0.034706,0.030852,0.026434,0.02147,0.01609,0.010594,0.0055203,0.001663,0
0,0.00098292,0.003211,0.0061102,0.0092639,0.012413,0.015414,0.018204,0.020761,0.023089,0.025205,0.027129,0.028881,0.030483,0.031952,0.033304,0.034554,0.035713,0.036793,0.037801,0.038746,0.039634,0.040472,0.041263,0.042012,0.042724,0.0434,0.044044,0.044658,0.045245,0.045806,0.046342,0.046856,0.047347,0.047818,0.048269,0.0487,0.049113,0.049507,0.049882,0.05024,0.05058,0.050902,0.051205,0.05149,0.051757,0.052004,0.052233,0.052441,0.052628,0.052794,0.052939,0.05306,0.053158,0.053231,0.053278,0.053298,0.05329,0.053253,0.053186,0.053086,0.052952,0.052783,0.052575,0.052329,0.052039,0.051705,0.051322,0.050887,0.050396,0.049842,0.04922,0.048522,0.047737,0.046854,0.045857,0.044726,0.043436,0.041955,0.040241,0.038243,0.035896,0.033127,0.029854,0.026003,0.021538,0.016514,0.011161,0.0059886,0.0018685,0
0,0.0012239,0.0038019,0.0069622,0.01022,0.013321,0.016158,0.018702,0.020965,0.022973,0.024759,0.026353,0.027783,0.029072,0.03024,0.031305,0.032281,0.03318,0.034011,0.034783,0.035502,0.036175,0.036807,0.037402,0.037964,0.038495,0.038999,0.039477,0.039933,0.040367,0.040781,0.041176,0.041554,0.041915,0.04226,0.04259,0.042905,0.043206,0.043493,0.043766,0.044026,0.044272,0.044504,0.044723,0.044929,0.04512,0.045297,0.045459,0.045607,0.045739,0.045856,0.045956,0.046039,0.046104,0.046151,0.046179,0.046187,0.046174,0.04614,0.046082,0.046001,0.045895,0.045763,0.045603,0.045413,0.045192,0.044938,0.044649,0.044321,0.043951,0.043535,0.043069,0.042547,0.04196,0.0413,0.040555,0.039708,0.03874,0.037625,0.036327,0.034801,0.032989,0.030816,0.028192,0.025017,0.021201,0.016715,0.01168,0.0065208,0.0021394,0
0,0.0015666,0.0045277,0.0078674,0.011073,0.013945,0.016443,0.018591,0.020437,0.022029,0.023411,0.024621,0.025688,0.026638,0.027488,0.028255,0.028953,0.02959,0.030175,0.030715,0.031217,0.031684,0.03212,0.03253,0.032915,0.033279,0.033623,0.033949,0.034259,0.034553,0.034833,0.0351,0.035355,0.035598,0.03583,0.036051,0.036262,0.036464,0.036655,0.036837,0.03701,0.037173,0.037327,0.037472,0.037607,0.037732,0.037848,0.037954,0.038049,0.038134,0.038208,0.038271,0.038322,0.038361,0.038387,0.0384,0.0384,0.038385,0.038356,0.03831,0.038249,0.038171,0.038074,0.037959,0.037824,0.037667,0.037488,0.037285,0.037056,0.036798,0.036509,0.036185,0.035823,0.035417,0.034961,0.034445,0.03386,0.033189,0.032414,0.031508,0.030435,0.029147,0.027579,0.025644,0.023233,0.020219,0.016488,0.012023,0.0070832,0.0024996,0
0,0.0020484,0.0053343,0.0086248,0.011494,0.013874,0.01582,0.017414,0.01873,0.019831,0.020762,0.021561,0.022253,0.022861,0.023399,0.02388,0.024313,0.024705,0.025064,0.025394,0.025698,0.025981,0.026244,0.02649,0.026721,0.026938,0.027143,0.027337,0.02752,0.027695,0.02786,0.028018,0.028168,0.028311,0.028447,0.028577,0.028701,0.028818,0.02893,0.029036,0.029136,0.029231,0.02932,0.029403,0.029481,0.029552,0.029618,0.029678,0.029731,0.029778,0.029819,0.029852,0.029879,0.029898,0.02991,0.029913,0.029909,0.029895,0.029873,0.029842,0.0298,0.029749,0.029686,0.029613,0.029527,0.029428,0.029316,0.029189,0.029047,0.028888,0.02871,0.028511,0.028289,0.02804,0.027761,0.027446,0.027088,0.026677,0.026202,0.025645,0.024981,0.024176,0.023183,0.021931,0.020324,0.018227,0.015472,0.011906,0.0075409,0.0029554,0
0,0.002641,0.0059189,0.0086782,0.01079,0.012377,0.01358,0.014509,0.015243,0.015836,0.016325,0.016735,0.017084,0.017387,0.017652,0.017887,0.018096,0.018286,0.018457,0.018615,0.018759,0.018893,0.019017,0.019133,0.019241,0.019343,0.019439,0.019529,0.019615,0.019696,0.019773,0.019846,0.019915,0.019981,0.020044,0.020104,0.020161,0.020215,0.020266,0.020314,0.02036,0.020403,0.020443,0.02048,0.020515,0.020547,0.020576,0.020602,0.020625,0.020645,0.020662,0.020676,0.020686,0.020693,0.020696,0.020695,0.02069,0.020681,0.020667,0.02065,0.020627,0.0206,0.020567,0.020529,0.020485,0.020435,0.020379,0.020315,0.020244,0.020165,0.020077,0.019979,0.01987,0.019748,0.019611,0.019457,0.019282,0.019081,0.018849,0.018575,0.018247,0.017848,0.017348,0.016706,0.015858,0.014699,0.013071,0.010745,0.0074883,0.0034001,0
0,0.0028675,0.0051906,0.0066948,0.0076513,0.0082781,0.0087072,0.0090146,0.0092444,0.0094224,0.0095648,0.0096816,0.0097796,0.0098633,0.0099358,0.0099995,0.010056,0.010107,0.010153,0.010195,0.010233,0.010268,0.010301,0.010332,0.01036,0.010387,0.010412,0.010436,0.010458,0.010479,0.010499,0.010518,0.010536,0.010553,0.01057,0.010585,0.0106,0.010614,0.010627,0.010639,0.010651,0.010662,0.010672,0.010681,0.01069,0.010697,0.010704,0.01071,0.010716,0.01072,0.010724,0.010727,0.010728,0.010729,0.010729,0.010727,0.010725,0.010721,0.010716,0.01071,0.010703,0.010694,0.010684,0.010672,0.010659,0.010644,0.010627,0.010608,0.010587,0.010564,0.010538,0.01051,0.010478,0.010443,0.010404,0.010359,0.010309,0.010252,0.010185,0.010106,0.010012,0.0098953,0.0097485,0.0095567,0.0092955,0.0089211,0.0083505,0.007423,0.005846,0.0032464,0
0,0,0,0,0,0,0,0,0,0,0,0,0,0,0,0,0,0,0,0,0,0,0,0,0,0,0,0,0,0,0,0,0,0,0,0,0,0,0,0,0,0,0,0,0,0,0,0,0,0,0,0,0,0,0,0,0,0,0,0,0,0,0,0,0,0,0,0,0,0,0,0,0,0,0,0,0,0,0,0,0,0,0,0,0,0,0,0,0,0,0
