0,0,0,0,0,0,0,0,0,0,0,0,0,0,0,0,0,0,0,0,0,0,0,0,0,0,0,0,0,0,0,0,0,0,0,0,0,0,0,0,0,0,0,0,0,0,0,0,0,0,0,0,0,0,0,0,0,0,0,0,0,0,0,0,0,0,0,0,0,0,0,0,0,0,0,0,0,0,0,0,0,0,0,0,0,0,0,0,0,0,0
0,-1.4526e-07,-4.1236e-07,-6.5794e-07,-7.9634e-07,-7.8418e-07,-6.0355e-07,-2.5118e-07,2.6799e-07,9.444e-07,1.766e-06,2.7198e-06,3.792e-06,4.9695e-06,6.2391e-06,7.5884e-06,9.0059e-06,1.048e-05,1.2002e-05,1.3561e-05,1.5148e-05,1.6755e-05,1.8375e-05,1.9999e-05,2.1621e-05,2.3235e-05,2.4832e-05,2.6408e-05,2.7955e-05,2.9468e-05,3.094e-05,3.2364e-05,3.3735e-05,3.5046e-05,3.6291e-05,3.7463e-05,3.8556e-05,3.9563e-05,4.0477e-05,4.1294e-05,4.2006e-05,4.2607e-05,4.3093e-05,4.3458e-05,4.3697e-05,4.3806e-05,4.3781e-05,4.3621e-05,4.3322e-05,4.2884e-05,4.2306e-05,4.1589e-05,4.0735e-05,3.9747e-05,3.8629e-05,3.7386e-05,3.6025e-05,3.4553e-05,3.2979e-05,3.1312e-05,2.9565e-05,2.7748e-05,2.5874e-05,2.3957e-05,2.201e-05,2.005e-05,1.8091e-05,1.6148e-05,1.4237e-05,1.2373e-05,1.0572e-05,8.8477e-06,7.2152e-06,5.6875e-06,4.2773e-06,2.9958e-06,1.8534e-06,8.5871e-07,1.8781e-08,-6.6117e-07,-1.1781e-06,-1.5316e-06,-1.7241e-06,-1.7622e-06,-1.6574e-06,-1.428e-06,-1.1024e-06,-7.2302e-07,-3.528e-07,-7.9409e-08,0
0,-4.1336e-07,-1.0559e-06,-1.5569e-06,-1.6808e-06,-1.2937e-06,-3.3109e-07,1.2269e-06,3.3717e-06,6.0771e-06,9.3067e-06,1.3018e-05,1.7165e-05,2.1703e-05,2.6584e-05,3.1766e-05,3.7206e-05,4.2862e-05,4.8698e-05,5.4677e-05,6.0765e-05,6.693e-05,7.3142e-05,7.9373e-05,8.5594e-05,9.1779e-05,9.7902e-05,0.00010394,0.00010986,0.00011565,0.00012128,0.00012672,0.00013196,0.00013696,0.0001417,0.00014615,0.0001503,0.00015412,0.00015758,0.00016066,0.00016334,0.00016559,0.0001674,0.00016875,0.00016962,0.00017,0.00016986,0.00016921,0.00016804,0.00016634,0.00016412,0.00016137,0.0001581,0.00015433,0.00015007,0.00014535,0.00014018,0.0001346,0.00012863,0.00012232,0.0001157,0.00010883,0.00010174,9.4489e-05,8.7128e-05,7.9713e-05,7.2299e-05,6.4942e-05,5.7701e-05,5.0632e-05,4.3791e-05,3.7233e-05,3.1009e-05,2.5169e-05,1.9759e-05,1.482e-05,1.0388e-05,6.4959e-06,3.1673e-06,4.1989e-07,-1.7371e-06,-3.3045e-06,-4.2944e-06,-4.7337e-06,-4.6667e-06,-4.161e-06,-3.3143e-06,-2.2638e-06,-1.1963e-06,-3.5188e-07,0
0,-6.6216e-07,-1.5625e-06,-2.0686e-06,-1.7712e-06,-4.2586e-07,2.0937e-06,5.8327e-06,1.0781e-05,1.6894e-05,2.4102e-05,3.2323e-05,4.1467e-05,5.144e-05,6.2149e-05,7.3501e-05,8.5407e-05,9.7783e-05,0.00011055,0.00012362,0.00013693,0.00015041,0.00016398,0.0001776,0.00019119,0.00020471,0.00021808,0.00023126,0.00024419,0.00025682,0.00026909,0.00028095,0.00029235,0.00030323,0.00031353,0.00032321,0.00033222,0.00034049,0.00034798,0.00035463,0.00036041,0.00036526,0.00036915,0.00037202,0.00037385,0.00037461,0.00037427,0.0003728,0.00037021,0.00036647,0.0003616,0.00035559,0.00034847,0.00034027,0.00033102,0.00032076,0.00030954,0.00029743,0.00028451,0.00027084,0.00025651,0.00024163,0.00022628,0.00021059,0.00019465,0.0001786,0.00016254,0.0001466,0.0001309,0.00011556,0.0001007,8.6436e-05,7.2877e-05,6.0128e-05,4.8285e-05,3.7437e-05,2.766e-05,1.9018e-05,1.1564e-05,5.3312e-06,3.3785e-07,-3.4203e-06,-5.9721e-06,-7.3757e-06,-7.7253e-06,-7.1598e-06,-5.873e-06,-4.1273e-06,-2.2663e-06,-7.2145e-07,0
0,-8.0575e-07,-1.6938e-06,-1.7761e-06,-4.6916e-07,2.5842e-06,7.5756e-06,1.4578e-05,2.358e-05,3.4514e-05,4.7275e-05,6.1731e-05,7.7739e-05,9.5146e-05,0.0001138,0.00013354,0.00015423,0.00017572,0.00019788,0.00022056,0.00024365,0.00026702,0.00029057,0.00031417,0.00033774,0.00036115,0.00038433,0.00040715,0.00042954,0.0004514,0.00047263,0.00049313,0.00051283,0.00053161,0.0005494,0.00056609,0.0005816,0.00059584,0.00060872,0.00062015,0.00063006,0.00063836,0.00064498,0.00064987,0.00065295,0.00065418,0.00065351,0.00065091,0.00064637,0.00063987,0.00063141,0.00062101,0.00060871,0.00059455,0.00057859,0.00056091,0.0005416,0.00052075,0.00049851,0.00047499,0.00045035,0.00042476,0.00039837,0.00037138,0.00034398,0.00031636,0.00028873,0.00026128,0.00023423,0.00020779,0.00018214,0.0001575,0.00013403,0.00011193,9.1346e-05,7.2433e-05,5.5319e-05,4.0111e-05,2.6894e-05,1.5726e-05,6.633e-06,-3.9375e-07,-5.4043e-06,-8.4968e-06,-9.8267e-06,-9.6182e-06,-8.1777e-06,-5.9103e-06,-3.3361e-06,-1.1043e-06,0
0,-7.9857e-07,-1.307e-06,-4.1445e-07,2.6192e-06,8.2541e-06,1.6741e-05,2.8177e-05,4.2546e-05,5.9754e-05,7.9653e-05,0.00010206,0.00012676,0.00015354,0.00018218,0.00021246,0.00024414,0.00027703,0.00031091,0.00034558,0.00038087,0.00041658,0.00045254,0.00048859,0.00052456,0.0005603,0.00059566,0.00063048,0.00066462,0.00069794,0.00073029,0.00076152,0.0007915,0.00082008,0.00084712,0.00087249,0.00089604,0.00091764,0.00093717,0.00095448,0.00096946,0.00098199,0.00099197,0.00099929,0.0010039,0.0010057,0.0010045,0.0010005,0.00099353,0.00098358,0.00097068,0.00095484,0.00093613,0.0009146,0.00089036,0.00086351,0.0008342,0.00080259,0.00076886,0.00073321,0.00069586,0.00065706,0.00061707,0.00057616,0.00053461,0.00049272,0.00045079,0.00040913,0.00036805,0.00032784,0.00028882,0.00025127,0.00021547,0.00018168,0.00015014,0.00012108,9.4687e-05,7.1115e-05,5.0493e-05,3.2905e-05,1.8388e-05,6.928e-06,-1.5481e-06,-7.184e-06,-1.0203e-05,-1.0923e-05,-9.7723e-06,-7.3082e-06,-4.2385e-06,-1.4433e-06,0
0,-6.1857e-07,-3.2226e-07,2.1758e-06,7.7426e-06,1.6922e-05,3.0011e-05,4.712e-05,6.8222e-05,9.3191e-05,0.00012183,0.00015389,0.0001891,0.00022716,0.00026777,0.00031063,0.00035544,0.00040191,0.00044975,0.00049869,0.00054846,0.00059883,0.00064953,0.00070034,0.00075103,0.00080138,0.00085117,0.0009002,0.00094825,0.00099513,0.0010406,0.0010845,0.0011267,0.0011668,0.0012048,0.0012404,0.0012734,0.0013037,0.001331,0.0013552,0.0013761,0.0013936,0.0014075,0.0014177,0.001424,0.0014264,0.0014248,0.001419,0.0014091,0.0013951,0.0013769,0.0013547,0.0013284,0.0012982,0.0012643,0.0012266,0.0011856,0.0011413,0.0010941,0.0010442,0.00099192,0.00093761,0.00088162,0.00082434,0.00076615,0.00070747,0.00064871,0.00059029,0.00053263,0.00047617,0.00042132,0.00036846,0.000318,0.00027029,0.00022566,0.00018442,0.00014682,0.0001131,8.3412e-05,5.7883e-05,3.6563e-05,1.9432e-05,6.3921e-06,-2.7466e-06,-8.2789e-06,-1.062e-05,-1.0323e-05,-8.1034e-06,-4.8589e-06,-1.703e-06,0
0,-2.5671e-07,1.3011e-06,6.0838e-06,1.5048e-05,2.8796e-05,4.7652e-05,7.1726e-05,0.00010097,0.00013521,0.00017421,0.00021763,0.00026514,0.00031635,0.00037088,0.00042834,0.00048833,0.00055048,0.00061443,0.00067981,0.00074627,0.00081349,0.00088114,0.00094892,0.0010165,0.0010836,0.00115,0.0012153,0.0012793,0.0013418,0.0014023,0.0014607,0.0015168,0.0015702,0.0016206,0.0016679,0.0017117,0.0017519,0.0017881,0.0018202,0.0018479,0.0018711,0.0018894,0.0019028,0.0019111,0.0019142,0.0019119,0.0019042,0.001891,0.0018723,0.0018482,0.0018186,0.0017837,0.0017437,0.0016986,0.0016487,0.0015943,0.0015356,0.001473,0.0014069,0.0013376,0.0012657,0.0011915,0.0011155,0.0010384,0.0009605,0.0008825,0.00080492,0.0007283,0.00065319,0.00058015,0.00050969,0.00044232,0.00037851,0.00031869,0.00026326,0.00021257,0.0001669,0.00012648,9.1454e-05,6.19e-05,3.7795e-05,1.9017e-05,5.3306e-06,-3.6307e-06,-8.3793e-06,-9.5947e-06,-8.1464e-06,-5.1224e-06,-1.8622e-06,0
0,2.8907e-07,3.5798e-06,1.1353e-05,2.4615e-05,4.3996e-05,6.9822e-05,0.00010219,0.00014101,0.00018607,0.00023704,0.00029354,0.00035512,0.00042133,0.00049168,0.00056569,0.00064288,0.00072276,0.00080489,0.0008888,0.00097406,0.0010603,0.001147,0.0012338,0.0013204,0.0014064,0.0014913,0.001575,0.0016569,0.0017367,0.0018142,0.0018889,0.0019605,0.0020287,0.0020931,0.0021534,0.0022094,0.0022606,0.0023068,0.0023477,0.002383,0.0024124,0.0024357,0.0024527,0.0024632,0.0024671,0.0024641,0.0024541,0.0024373,0.0024134,0.0023826,0.0023449,0.0023005,0.0022494,0.002192,0.0021285,0.0020592,0.0019845,0.0019048,0.0018206,0.0017324,0.0016408,0.0015462,0.0014495,0.0013511,0.0012518,0.0011523,0.0010532,0.00095534,0.0008593,0.0007658,0.0006755,0.00058903,0.00050698,0.00042991,0.00035831,0.00029262,0.00023321,0.00018035,0.00013424,9.497e-05,6.253e-05,3.6776e-05,1.7426e-05,4.047e-06,-3.9693e-06,-7.4245e-06,-7.3393e-06,-4.9831e-06,-1.9092e-06,0
0,1.0171e-06,6.5158e-06,1.7996e-05,3.6474e-05,6.2573e-05,9.66e-05,0.00013861,0.00018847,0.00024589,0.00031047,0.00038174,0.00045918,0.00054221,0.00063026,0.00072275,0.00081908,0.00091868,0.001021,0.0011255,0.0012316,0.0013388,0.0014466,0.0015545,0.0016621,0.0017689,0.0018744,0.0019782,0.0020799,0.002179,0.0022751,0.0023677,0.0024565,0.002541,0.0026208,0.0026956,0.0027649,0.0028283,0.0028855,0.002936,0.0029797,0.003016,0.0030448,0.0030658,0.0030787,0.0030834,0.0030797,0.0030674,0.0030465,0.003017,0.0029789,0.0029324,0.0028775,0.0028144,0.0027435,0.0026651,0.0025795,0.0024872,0.0023888,0.0022848,0.0021758,0.0020626,0.0019457,0.0018261,0.0017044,0.0015815,0.0014583,0.0013355,0.0012141,0.0010949,0.00097873,0.00086639,0.00075867,0.00065628,0.0005599,0.00047015,0.00038756,0.00031257,0.00024554,0.00018671,0.00013621,9.4029e-05,6.0003e-05,3.3817e-05,1.4971e-05,2.7698e-06,-3.706e-06,-5.6204e-06,-4.414e-06,-1.8383e-06,0
0,1.9239e-06,1.0103e-05,2.6008e-05,5.0625e-05,8.4538e-05,0.000128,0.00018102,0.00024338,0.00031472,0.00039454,0.00048229,0.00057733,0.00067899,0.0007866,0.00089944,0.0010168,0.0011381,0.0012626,0.0013896,0.0015185,0.0016487,0.0017796,0.0019106,0.0020411,0.0021706,0.0022985,0.0024244,0.0025476,0.0026676,0.002784,0.0028962,0.0030037,0.003106,0.0032026,0.0032931,0.0033769,0.0034535,0.0035227,0.0035838,0.0036365,0.0036805,0.0037153,0.0037407,0.0037563,0.003762,0.0037575,0.0037427,0.0037175,0.003682,0.0036361,0.00358,0.0035138,0.0034378,0.0033523,0.0032578,0.0031546,0.0030434,0.0029247,0.0027992,0.0026677,0.002531,0.0023899,0.0022454,0.0020984,0.0019498,0.0018007,0.0016521,0.001505,0.0013605,0.0012194,0.0010829,0.00095176,0.00082693,0.00070919,0.00059929,0.00049786,0.00040546,0.0003225,0.00024929,0.00018598,0.00013259,8.895e-05,5.4702e-05,2.9294e-05,1.1946e-05,1.6292e-06,-2.9534e-06,-3.401e-06,-1.6473e-06,0
0,3.0048e-06,1.433e-05,3.5373e-05,6.7048e-05,0.00010987,0.00016402,0.0002294,0.00030573,0.00039254,0.00048924,0.00059515,0.00070954,0.00083163,0.00096061,0.0010957,0.001236,0.0013808,0.0015294,0.0016808,0.0018345,0.0019896,0.0021454,0.0023014,0.0024567,0.0026108,0.002763,0.0029126,0.0030591,0.0032018,0.0033401,0.0034734,0.0036011,0.0037226,0.0038373,0.0039447,0.0040442,0.0041352,0.0042173,0.0042899,0.0043525,0.0044046,0.004446,0.0044762,0.0044948,0.0045016,0.0044964,0.0044791,0.0044494,0.0044075,0.0043533,0.004287,0.0042088,0.004119,0.004018,0.0039062,0.0037842,0.0036527,0.0035122,0.0033638,0.0032081,0.0030462,0.0028791,0.0027078,0.0025334,0.0023571,0.0021801,0.0020035,0.0018286,0.0016565,0.0014884,0.0013255,0.0011688,0.0010194,0.00087828,0.00074621,0.000624,0.00051228,0.00041159,0.00032228,0.00024456,0.00017846,0.00012381,8.0233e-05,4.7125e-05,2.363e-05,8.6233e-06,6.8191e-07,-1.9384e-06,-1.3364e-06,0
0,4.2552e-06,1.9183e-05,4.6065e-05,8.5711e-05,0.00013853,0.00020459,0.0002837,0.00037546,0.00047929,0.00059448,0.00072024,0.0008557,0.00099998,0.0011521,0.0013113,0.0014764,0.0016467,0.0018211,0.0019989,0.0021792,0.002361,0.0025438,0.0027265,0.0029084,0.0030889,0.003267,0.0034422,0.0036136,0.0037806,0.0039424,0.0040983,0.0042477,0.0043898,0.004524,0.0046496,0.0047659,0.0048723,0.0049683,0.0050532,0.0051264,0.0051875,0.005236,0.0052714,0.0052934,0.0053016,0.0052958,0.0052758,0.0052415,0.0051929,0.00513,0.0050531,0.0049622,0.0048578,0.0047403,0.0046103,0.0044683,0.0043152,0.0041516,0.0039787,0.0037972,0.0036085,0.0034135,0.0032135,0.0030099,0.0028039,0.0025969,0.0023902,0.0021853,0.0019836,0.0017863,0.0015948,0.0014105,0.0012344,0.0010677,0.00091138,0.00076639,0.00063344,0.00051317,0.000406,0.0003122,0.00023184,0.00016474,0.00011052,6.8543e-05,3.7874e-05,1.7303e-05,5.2955e-06,-2.4713e-08,-9.065e-07,0
0,5.67e-06,2.4646e-05,5.8059e-05,0.00010657,0.00017046,0.00024966,0.00034384,0.00045248,0.00057486,0.00071015,0.00085741,0.0010157,0.0011839,0.001361,0.001546,0.0017377,0.0019353,0.0021375,0.0023434,0.0025522,0.0027626,0.002974,0.0031853,0.0033957,0.0036042,0.0038101,0.0040125,0.0042105,0.0044033,0.0045902,0.0047702,0.0049427,0.0051068,0.0052617,0.0054067,0.005541,0.005664,0.0057748,0.0058729,0.0059576,0.0060283,0.0060845,0.0061256,0.0061513,0.0061612,0.006155,0.0061324,0.0060934,0.0060379,0.0059661,0.0058779,0.0057738,0.0056542,0.0055194,0.0053701,0.0052071,0.0050312,0.0048432,0.0046443,0.0044356,0.0042183,0.0039937,0.0037633,0.0035285,0.0032908,0.0030517,0.0028129,0.0025759,0.0023423,0.0021137,0.0018915,0.0016772,0.0014723,0.0012779,0.0010953,0.00092547,0.00076932,0.00062756,0.00050072,0.00038913,0.0002929,0.00021188,0.00014568,9.3614e-05,5.4715e-05,2.7685e-05,1.0893e-05,2.3392e-06,-3.5933e-07,0
0,7.2444e-06,3.0705e-05,7.1323e-05,0.00012959,0.0002056,0.00029914,0.00040973,0.00053668,0.00067913,0.0008361,0.0010065,0.0011893,0.0013831,0.001587,0.0017996,0.0020198,0.0022463,0.0024781,0.0027141,0.002953,0.0031939,0.0034357,0.0036773,0.0039179,0.0041562,0.0043915,0.0046228,0.004849,0.0050693,0.0052827,0.0054884,0.0056854,0.0058728,0.0060498,0.0062154,0.0063689,0.0065094,0.0066362,0.0067484,0.0068454,0.0069264,0.006991,0.0070384,0.0070682,0.0070801,0.0070736,0.0070486,0.0070049,0.0069424,0.0068613,0.0067616,0.0066438,0.0065082,0.0063554,0.0061861,0.006001,0.0058011,0.0055875,0.0053613,0.0051238,0.0048764,0.0046206,0.0043579,0.00409,0.0038187,0.0035455,0.0032725,0.0030012,0.0027336,0.0024713,0.0022162,0.0019698,0.0017338,0.0015096,0.0012985,0.0011017,0.00092031,0.00075511,0.00060673,0.00047559,0.00036184,0.00026537,0.00018579,0.0001224,7.4187e-05,3.9787e-05,1.7478e-05,5.1523e-06,3.0364e-07,0
0,8.9737e-06,3.7342e-05,8.5825e-05,0.0001547,0.00024387,0.00035294,0.00048124,0.00062792,0.00079194,0.00097216,0.0011674,0.0013762,0.0015975,0.0018298,0.0020718,0.0023221,0.0025795,0.0028427,0.0031104,0.0033813,0.0036544,0.0039283,0.0042021,0.0044744,0.0047443,0.0050107,0.0052724,0.0055284,0.0057777,0.0060193,0.006252,0.0064749,0.0066871,0.0068874,0.0070749,0.0072488,0.007408,0.0075517,0.007679,0.0077891,0.0078813,0.0079549,0.0080092,0.0080437,0.008058,0.0080516,0.0080243,0.0079759,0.0079064,0.0078158,0.0077044,0.0075724,0.0074204,0.0072488,0.0070586,0.0068506,0.0066257,0.0063852,0.0061304,0.0058627,0.0055837,0.0052949,0.0049982,0.0046954,0.0043884,0.0040792,0.0037698,0.0034621,0.0031582,0.0028601,0.0025698,0.002289,0.0020196,0.0017633,0.0015215,0.0012956,0.0010869,0.00089619,0.00072435,0.00057182,0.00043885,0.00032535,0.00023096,0.00015497,9.633e-05,5.3627e-05,2.5056e-05,8.4144e-06,1.0813e-06,0
0,1.0853e-05,4.4543e-05,0.00010153,0.00018187,0.00028522,0.00041098,0.00055827,0.00072606,0.00091312,0.0011181,0.0013397,0.0015764,0.0018267,0.0020891,0.0023622,0.0026445,0.0029344,0.0032307,0.0035319,0.0038366,0.0041435,0.0044514,0.0047589,0.0050648,0.0053679,0.0056669,0.0059607,0.0062482,0.006528,0.0067992,0.0070604,0.0073107,0.0075489,0.0077739,0.0079847,0.00818,0.0083591,0.0085208,0.0086642,0.0087884,0.0088926,0.008976,0.0090378,0.0090776,0.0090947,0.0090888,0.0090595,0.0090066,0.0089301,0.00883,0.0087066,0.0085601,0.0083911,0.0082003,0.0079885,0.0077566,0.0075058,0.0072373,0.0069527,0.0066534,0.0063411,0.0060178,0.0056854,0.0053458,0.0050012,0.0046538,0.0043059,0.0039596,0.0036172,0.003281,0.0029531,0.0026356,0.0023305,0.0020397,0.0017649,0.0015077,0.0012695,0.0010512,0.00085391,0.00067811,0.00052414,0.00039198,0.0002813,0.00019139,0.00012119,6.9227e-05,3.3636e-05,1.2127e-05,1.9731e-06,0
0,1.2879e-05,5.2292e-05,0.00011842,0.00021103,0.00032955,0.00047314,0.00064069,0.00083095,0.0010425,0.0012738,0.0015233,0.0017894,0.0020704,0.0023647,0.0026706,0.0029864,0.0033107,0.0036418,0.0039782,0.0043184,0.0046609,0.0050043,0.0053473,0.0056884,0.0060263,0.0063597,0.0066872,0.0070075,0.0073195,0.0076217,0.007913,0.0081921,0.0084578,0.0087088,0.008944,0.0091621,0.0093622,0.009543,0.0097036,0.0098428,0.0099599,0.010054,0.010124,0.01017,0.01019,0.010185,0.010154,0.010097,0.010014,0.0099043,0.0097687,0.0096075,0.0094213,0.0092107,0.0089766,0.0087201,0.0084424,0.0081449,0.0078291,0.0074969,0.00715,0.0067906,0.0064206,0.0060424,0.0056583,0.0052707,0.0048821,0.0044949,0.0041118,0.003735,0.0033672,0.0030105,0.0026673,0.0023397,0.0020296,0.0017387,0.0014687,0.0012207,0.00099581,0.00079477,0.00061797,0.00046546,0.00033696,0.00023177,0.00014882,8.6621e-05,4.3234e-05,1.6295e-05,2.9794e-06,0
0,1.5046e-05,6.0571e-05,0.00013644,0.00024213,0.0003768,0.00053932,0.00072837,0.00094243,0.0011799,0.001439,0.001718,0.0020151,0.0023284,0.0026561,0.0029965,0.0033476,0.0037078,0.0040754,0.0044487,0.0048261,0.0052059,0.0055866,0.0059666,0.0063446,0.0067189,0.0070882,0.007451,0.0078059,0.0081515,0.0084863,0.0088091,0.0091185,0.009413,0.0096914,0.0099523,0.010195,0.010417,0.010618,0.010797,0.010952,0.011083,0.011189,0.011268,0.01132,0.011345,0.011341,0.011309,0.011248,0.011158,0.011039,0.010891,0.010715,0.010512,0.010281,0.010024,0.0097421,0.0094366,0.0091091,0.0087611,0.0083947,0.0080117,0.0076145,0.0072053,0.0067866,0.006361,0.0059311,0.0054996,0.0050694,0.0046431,0.0042234,0.0038132,0.0034149,0.0030311,0.0026641,0.0023162,0.0019893,0.0016851,0.0014051,0.0011505,0.00092217,0.00072062,0.00054601,0.00039809,0.00027621,0.00017931,0.00010585,5.3871e-05,2.0927e-05,4.1015e-06,0
0,1.735e-05,6.9367e-05,0.00015558,0.00027513,0.00042688,0.00060942,0.00082115,0.0010603,0.0013251,0.0016134,0.0019234,0.0022531,0.0026003,0.0029631,0.0033395,0.0037276,0.0041254,0.0045312,0.004943,0.0053592,0.0057779,0.0061975,0.0066163,0.0070327,0.0074451,0.0078519,0.0082516,0.0086426,0.0090233,0.0093923,0.0097481,0.010089,0.010414,0.010721,0.011009,0.011277,0.011523,0.011745,0.011943,0.012116,0.012262,0.01238,0.012469,0.012529,0.012559,0.012557,0.012524,0.01246,0.012363,0.012235,0.012076,0.011885,0.011663,0.011412,0.011132,0.010824,0.01049,0.010131,0.0097501,0.0093482,0.0089277,0.0084912,0.008041,0.00758,0.0071109,0.0066366,0.0061601,0.0056844,0.0052125,0.0047475,0.0042923,0.0038498,0.0034229,0.003014,0.0026257,0.0022602,0.0019194,0.001605,0.0013185,0.0010607,0.00083243,0.00063388,0.00046489,0.00032486,0.00021273,0.00012697,6.5575e-05,2.6032e-05,5.3417e-06,0
0,1.9787e-05,7.8664e-05,0.00017579,0.00030996,0.00047971,0.00068332,0.00091891,0.0011845,0.0014778,0.0017969,0.0021393,0.002503,0.0028857,0.0032852,0.0036993,0.0041259,0.004563,0.0050085,0.0054606,0.0059171,0.0063764,0.0068365,0.0072957,0.0077522,0.0082043,0.0086502,0.0090883,0.0095169,0.0099343,0.010339,0.010729,0.011103,0.01146,0.011797,0.012114,0.012408,0.012679,0.012924,0.013143,0.013334,0.013496,0.013628,0.013728,0.013796,0.013831,0.013833,0.0138,0.013733,0.01363,0.013493,0.013322,0.013116,0.012877,0.012605,0.012301,0.011967,0.011603,0.011213,0.010798,0.010359,0.0098996,0.0094223,0.0089295,0.0084243,0.0079098,0.0073889,0.0068651,0.0063416,0.0058217,0.0053087,0.004806,0.0043167,0.0038438,0.0033904,0.0029591,0.0025523,0.0021724,0.0018212,0.0015003,0.0012109,0.00095379,0.00072938,0.00053759,0.00037787,0.0002492,0.00015005,7.8382e-05,3.1627e-05,6.7034e-06,0
0,2.2353e-05,8.8444e-05,0.00019704,0.00034656,0.0005352,0.00076091,0.0010215,0.0013147,0.001638,0.0019891,0.0023654,0.0027646,0.0031843,0.0036219,0.0040753,0.0045421,0.00502,0.0055069,0.0060007,0.0064993,0.0070007,0.007503,0.0080041,0.0085023,0.0089956,0.0094822,0.0099603,0.010428,0.010884,0.011326,0.011752,0.012161,0.01255,0.012919,0.013266,0.013589,0.013885,0.014155,0.014396,0.014606,0.014786,0.014932,0.015044,0.015122,0.015164,0.015169,0.015137,0.015067,0.01496,0.014814,0.014631,0.014411,0.014154,0.013861,0.013533,0.013172,0.012779,0.012356,0.011905,0.011429,0.010929,0.01041,0.0098725,0.0093213,0.0087593,0.0081898,0.0076164,0.0070426,0.0064722,0.0059087,0.0053557,0.0048168,0.0042953,0.0037945,0.0033174,0.0028667,0.002445,0.0020543,0.0016966,0.0013732,0.0010851,0.00083286,0.00061645,0.00043544,0.00028886,0.00017518,9.2338e-05,3.7732e-05,8.1911e-06,0
0,2.5044e-05,9.8693e-05,0.00021929,0.00038489,0.00059327,0.00084207,0.0011287,0.0014507,0.0018053,0.0021897,0.0026014,0.0030376,0.0034956,0.003973,0.0044671,0.0049756,0.0054959,0.0060258,0.0065629,0.0071051,0.0076502,0.0081962,0.0087408,0.0092822,0.0098183,0.010347,0.010867,0.011375,0.011871,0.012351,0.012815,0.01326,0.013685,0.014087,0.014465,0.014817,0.015141,0.015437,0.015701,0.015932,0.01613,0.016292,0.016418,0.016506,0.016556,0.016565,0.016535,0.016464,0.016352,0.016198,0.016004,0.01577,0.015495,0.015181,0.014829,0.014441,0.014018,0.013561,0.013074,0.012559,0.012018,0.011455,0.010872,0.010273,0.0096615,0.0090411,0.0084158,0.0077894,0.0071658,0.0065491,0.0059431,0.0053518,0.0047788,0.0042277,0.0037018,0.0032044,0.002738,0.0023053,0.0019082,0.0015483,0.001227,0.00094471,0.00070178,0.0004978,0.00033185,0.00020244,0.0001075,4.4369e-05,9.8106e-06,0
0,2.7854e-05,0.00010939,0.00024252,0.00042486,0.00065383,0.00092666,0.0012405,0.0015924,0.0019794,0.0023986,0.0028469,0.0033214,0.0038194,0.0043379,0.0048743,0.0054259,0.0059901,0.0065644,0.0071465,0.0077338,0.0083242,0.0089154,0.0095051,0.010091,0.010672,0.011244,0.011807,0.012358,0.012895,0.013416,0.013918,0.014401,0.014862,0.015299,0.01571,0.016093,0.016447,0.016769,0.017058,0.017312,0.017529,0.017709,0.017849,0.017949,0.018007,0.018023,0.017995,0.017923,0.017807,0.017647,0.017442,0.017193,0.016901,0.016567,0.016191,0.015775,0.015321,0.014831,0.014307,0.013752,0.013169,0.01256,0.01193,0.011281,0.010618,0.0099449,0.0092653,0.0085838,0.0079044,0.0072317,0.0065699,0.0059232,0.0052957,0.0046913,0.0041138,0.0035665,0.0030527,0.002575,0.0021357,0.0017369,0.0013798,0.0010654,0.00079392,0.00056519,0.00037835,0.00023196,0.00012392,5.1566e-05,1.1569e-05,0
0,3.078e-05,0.00012053,0.00026668,0.00046643,0.00071678,0.0010146,0.0013566,0.0017396,0.0021603,0.0026153,0.0031016,0.0036159,0.0041551,0.0047162,0.0052962,0.0058925,0.006502,0.0071223,0.0077507,0.0083847,0.0090219,0.0096598,0.010296,0.010929,0.011555,0.012173,0.01278,0.013375,0.013955,0.014517,0.015061,0.015583,0.016081,0.016555,0.017,0.017416,0.0178,0.018151,0.018466,0.018744,0.018983,0.019181,0.019337,0.01945,0.019518,0.019541,0.019517,0.019446,0.019327,0.01916,0.018946,0.018683,0.018374,0.018019,0.01762,0.017176,0.016691,0.016167,0.015605,0.01501,0.014383,0.013727,0.013048,0.012348,0.011632,0.010903,0.010167,0.0094278,0.0086901,0.0079586,0.0072379,0.0065328,0.0058477,0.005187,0.0045546,0.0039545,0.00339,0.0028644,0.0023802,0.0019396,0.0015443,0.0011953,0.00089324,0.0006379,0.00042857,0.00026385,0.00014169,5.9357e-05,1.3474e-05,0
0,3.3816e-05,0.00013208,0.00029174,0.00050953,0.00078202,0.0011057,0.0014769,0.001892,0.0023474,0.0028397,0.0033651,0.0039204,0.0045022,0.0051073,0.0057324,0.0063747,0.007031,0.0076987,0.008375,0.0090571,0.0097425,0.010429,0.011113,0.011793,0.012467,0.013132,0.013785,0.014425,0.01505,0.015656,0.016241,0.016804,0.017342,0.017853,0.018335,0.018785,0.019201,0.019582,0.019925,0.020228,0.02049,0.020708,0.020882,0.021009,0.021089,0.02112,0.021101,0.021031,0.020911,0.020739,0.020515,0.02024,0.019915,0.01954,0.019116,0.018645,0.018129,0.01757,0.016971,0.016333,0.015661,0.014959,0.014229,0.013476,0.012704,0.011918,0.011123,0.010324,0.0095248,0.0087316,0.0079492,0.0071826,0.0064367,0.0057163,0.0050258,0.0043695,0.0037513,0.0031747,0.0026425,0.0021573,0.0017211,0.0013352,0.0010002,0.00071626,0.00048273,0.00029828,0.00016088,6.7779e-05,1.5535e-05,0
0,3.6958e-05,0.00014403,0.00031765,0.00055409,0.00084945,0.0011998,0.0016011,0.0020494,0.0025407,0.0030713,0.0036372,0.0042347,0.0048604,0.0055107,0.0061823,0.0068719,0.0075765,0.0082929,0.0090184,0.00975,0.010485,0.011221,0.011955,0.012684,0.013407,0.01412,0.014821,0.015508,0.016178,0.016829,0.017459,0.018064,0.018643,0.019193,0.019713,0.020198,0.020649,0.021061,0.021434,0.021764,0.02205,0.022291,0.022483,0.022627,0.022719,0.02276,0.022747,0.02268,0.022559,0.022383,0.022151,0.021865,0.021524,0.021129,0.020682,0.020184,0.019637,0.019043,0.018404,0.017725,0.017008,0.016256,0.015474,0.014666,0.013837,0.012992,0.012136,0.011274,0.010411,0.009553,0.0087057,0.0078744,0.0070644,0.0062809,0.005529,0.0048132,0.0041379,0.0035069,0.0029236,0.0023909,0.001911,0.0014854,0.0011152,0.0008006,0.00054107,0.0003354,0.00018158,7.6873e-05,1.7764e-05,0
0,4.0201e-05,0.00015635,0.00034438,0.00060003,0.00091897,0.0012968,0.0017291,0.0022116,0.0027399,0.0033098,0.0039172,0.0045583,0.0052291,0.0059259,0.0066452,0.0073835,0.0081375,0.0089041,0.0096802,0.010463,0.011249,0.012036,0.012821,0.013601,0.014374,0.015137,0.015887,0.016622,0.01734,0.018037,0.018712,0.019361,0.019983,0.020574,0.021133,0.021656,0.022142,0.022588,0.022991,0.023351,0.023663,0.023927,0.02414,0.024301,0.024408,0.02446,0.024455,0.024393,0.024272,0.024093,0.023854,0.023557,0.023201,0.022788,0.022318,0.021793,0.021215,0.020586,0.019909,0.019186,0.018422,0.017621,0.016786,0.015922,0.015034,0.014127,0.013207,0.01228,0.01135,0.010425,0.0095095,0.0086102,0.0077328,0.0068828,0.0060659,0.0052871,0.0045512,0.0038625,0.0032248,0.0026413,0.0021147,0.0016468,0.0012388,0.00089131,0.00060387,0.00037538,0.0002039,8.6685e-05,2.0171e-05,0
0,4.3538e-05,0.00016904,0.00037187,0.00064729,0.00099047,0.0013966,0.0018607,0.0023783,0.0029445,0.0035548,0.004205,0.0048906,0.0056077,0.0063522,0.0071204,0.0079087,0.0087135,0.0095315,0.010359,0.011194,0.012033,0.012872,0.013709,0.014542,0.015366,0.01618,0.016981,0.017766,0.018533,0.019278,0.02,0.020695,0.021361,0.021995,0.022594,0.023157,0.02368,0.024161,0.024597,0.024987,0.025327,0.025616,0.025852,0.026032,0.026156,0.02622,0.026225,0.026168,0.02605,0.025869,0.025625,0.025318,0.024948,0.024517,0.024025,0.023473,0.022864,0.022201,0.021484,0.020719,0.019908,0.019056,0.018166,0.017245,0.016296,0.015326,0.01434,0.013344,0.012345,0.011349,0.010363,0.0093923,0.0084438,0.0075239,0.0066383,0.0057928,0.0049926,0.0042426,0.003547,0.0029095,0.002333,0.0018199,0.0013716,0.00098882,0.00067143,0.00041843,0.00022795,9.7268e-05,2.277e-05,0
0,4.6965e-05,0.00018205,0.00040009,0.00069578,0.0010638,0.0014989,0.0019957,0.0025492,0.0031543,0.0038061,0.0044999,0.0052313,0.0059957,0.0067891,0.0076074,0.0084468,0.0093036,0.010174,0.011055,0.011944,0.012836,0.013729,0.01462,0.015505,0.016383,0.01725,0.018103,0.018939,0.019756,0.020551,0.021321,0.022063,0.022775,0.023453,0.024095,0.024699,0.025261,0.025778,0.026249,0.026671,0.027041,0.027357,0.027617,0.027819,0.02796,0.028039,0.028055,0.028006,0.027892,0.02771,0.027462,0.027147,0.026765,0.026316,0.025803,0.025226,0.024587,0.023888,0.023133,0.022324,0.021466,0.020562,0.019617,0.018636,0.017625,0.01659,0.015536,0.01447,0.013399,0.012329,0.011268,0.010223,0.0091997,0.008206,0.007248,0.006332,0.0054638,0.0046488,0.0038917,0.0031966,0.002567,0.0020056,0.0015141,0.0010936,0.00074406,0.00046475,0.00025385,0.00010868,2.5576e-05,0
0,5.0474e-05,0.00019539,0.00042898,0.00074543,0.0011389,0.0016036,0.0021339,0.0027241,0.0033689,0.0040631,0.0048017,0.0055797,0.0063926,0.0072359,0.0081054,0.0089971,0.009907,0.010831,0.011767,0.01271,0.013657,0.014605,0.01555,0.016491,0.017423,0.018344,0.01925,0.020139,0.021008,0.021854,0.022674,0.023464,0.024223,0.024948,0.025634,0.02628,0.026883,0.027439,0.027947,0.028402,0.028804,0.029149,0.029435,0.02966,0.029821,0.029917,0.029945,0.029906,0.029797,0.029617,0.029366,0.029044,0.028651,0.028187,0.027653,0.027051,0.026382,0.02565,0.024856,0.024004,0.023097,0.022141,0.02114,0.020099,0.019024,0.017921,0.016797,0.015658,0.014512,0.013366,0.012227,0.011104,0.010002,0.0089312,0.007897,0.0069066,0.0059664,0.0050825,0.00426,0.0035038,0.0028176,0.0022046,0.001667,0.001206,0.00082212,0.00051457,0.00028174,0.00012097,2.8605e-05,0
0,5.4061e-05,0.00020901,0.0004585,0.00079614,0.0012156,0.0017106,0.0022749,0.0029027,0.0035881,0.0043255,0.0051097,0.0059353,0.0067976,0.0076919,0.0086137,0.0095586,0.010523,0.011502,0.012493,0.013492,0.014495,0.015499,0.016501,0.017497,0.018485,0.019461,0.020422,0.021365,0.022287,0.023185,0.024056,0.024897,0.025705,0.026477,0.027209,0.027899,0.028544,0.029141,0.029687,0.030179,0.030614,0.03099,0.031304,0.031553,0.031736,0.03185,0.031894,0.031866,0.031764,0.031588,0.031336,0.031009,0.030606,0.030127,0.029575,0.028949,0.028252,0.027485,0.026653,0.025758,0.024803,0.023795,0.022736,0.021634,0.020494,0.019322,0.018125,0.016911,0.015688,0.014462,0.013243,0.012037,0.010854,0.0097017,0.0085872,0.0075183,0.0065021,0.0055452,0.0046535,0.0038322,0.0030857,0.0024178,0.0018309,0.0013267,0.00090597,0.00056814,0.00031175,0.00013422,3.1872e-05,0
0,5.7718e-05,0.0002229,0.00048859,0.00084783,0.0012938,0.0018196,0.0024187,0.0030847,0.0038114,0.0045929,0.0054235,0.0062976,0.0072103,0.0081564,0.0091313,0.010131,0.01115,0.012185,0.013232,0.014288,0.015348,0.016409,0.017468,0.018522,0.019566,0.020599,0.021616,0.022614,0.023591,0.024543,0.025467,0.026359,0.027217,0.028038,0.028818,0.029554,0.030243,0.030882,0.031468,0.031998,0.032468,0.032877,0.033221,0.033497,0.033704,0.033839,0.0339,0.033885,0.033792,0.033621,0.033371,0.03304,0.032629,0.032138,0.031568,0.030919,0.030195,0.029396,0.028525,0.027587,0.026585,0.025524,0.024408,0.023243,0.022036,0.020794,0.019523,0.018232,0.016928,0.01562,0.014316,0.013026,0.011757,0.010519,0.0093206,0.0081691,0.0070726,0.0060385,0.0050734,0.004183,0.0033725,0.002646,0.0020065,0.0014562,0.000996,0.00062572,0.00034404,0.00014848,3.5398e-05,0
0,6.1439e-05,0.00023702,0.00051919,0.00090041,0.0013733,0.0019304,0.0025649,0.0032698,0.0040385,0.0048648,0.0057425,0.0066661,0.0076298,0.0086287,0.0096577,0.010712,0.011787,0.01288,0.013984,0.015098,0.016216,0.017335,0.018453,0.019564,0.020667,0.021757,0.022831,0.023886,0.024918,0.025925,0.026903,0.027849,0.028759,0.02963,0.030459,0.031243,0.031977,0.03266,0.033288,0.033857,0.034365,0.034808,0.035184,0.03549,0.035723,0.03588,0.03596,0.03596,0.035879,0.035716,0.035468,0.035136,0.034719,0.034217,0.033631,0.032961,0.032211,0.03138,0.030473,0.029493,0.028443,0.027329,0.026155,0.024927,0.023653,0.022339,0.020992,0.019621,0.018235,0.016841,0.01545,0.014071,0.012714,0.011386,0.010099,0.0088608,0.0076798,0.0065642,0.0055213,0.0045577,0.0036791,0.0028902,0.0021947,0.001595,0.0010926,0.00068758,0.00037878,0.00016385,3.9201e-05,0
0,6.5216e-05,0.00025137,0.00055026,0.00095379,0.001454,0.002043,0.0027133,0.0034577,0.004269,0.0051407,0.0060664,0.0070399,0.0080556,0.009108,0.010192,0.011302,0.012435,0.013584,0.014747,0.015919,0.017097,0.018275,0.019452,0.020622,0.021784,0.022932,0.024064,0.025177,0.026267,0.02733,0.028363,0.029363,0.030326,0.031249,0.032129,0.032962,0.033744,0.034473,0.035144,0.035755,0.036302,0.036782,0.037191,0.037528,0.037789,0.037971,0.038073,0.038091,0.038023,0.037869,0.037627,0.037295,0.036874,0.036363,0.035763,0.035074,0.034299,0.033438,0.032495,0.031473,0.030377,0.02921,0.027978,0.026688,0.025345,0.023958,0.022534,0.021081,0.01961,0.018128,0.016647,0.015176,0.013725,0.012305,0.010925,0.0095955,0.0083254,0.0071237,0.0059987,0.0049575,0.0040066,0.0031514,0.0023961,0.0017438,0.0011963,0.00075402,0.00041612,0.00018039,4.3303e-05,0
0,6.9042e-05,0.00026589,0.00058174,0.0010079,0.0015357,0.002157,0.0028637,0.003648,0.0045025,0.0054203,0.0063944,0.0074187,0.0084869,0.0095934,0.010733,0.0119,0.01309,0.014298,0.01552,0.016752,0.017989,0.019227,0.020464,0.021695,0.022916,0.024124,0.025315,0.026486,0.027634,0.028754,0.029844,0.0309,0.031917,0.032894,0.033826,0.034709,0.03554,0.036316,0.037033,0.037687,0.038275,0.038793,0.039239,0.039609,0.0399,0.04011,0.040234,0.040272,0.040221,0.040079,0.039844,0.039515,0.039092,0.038575,0.037962,0.037256,0.036458,0.035568,0.034591,0.033529,0.032386,0.031168,0.029878,0.028524,0.027113,0.025652,0.024149,0.022613,0.021055,0.019483,0.017908,0.016342,0.014795,0.013277,0.0118,0.010375,0.0090113,0.007719,0.0065071,0.0053837,0.0043562,0.0034305,0.0026116,0.0019032,0.0013075,0.00082535,0.00045626,0.00019819,4.7725e-05,0
0,7.291e-05,0.00028058,0.00061356,0.0010625,0.0016184,0.0022723,0.0030157,0.0038404,0.0047386,0.0057029,0.0067261,0.0078016,0.008923,0.010084,0.01128,0.012504,0.013753,0.01502,0.016302,0.017593,0.018891,0.02019,0.021488,0.022779,0.024061,0.025329,0.02658,0.027811,0.029018,0.030196,0.031344,0.032456,0.03353,0.034561,0.035546,0.036481,0.037363,0.038187,0.038951,0.03965,0.040281,0.04084,0.041324,0.041729,0.042053,0.042291,0.042442,0.042502,0.042469,0.042341,0.042116,0.041793,0.04137,0.040848,0.040226,0.039505,0.038685,0.037769,0.036759,0.035659,0.034471,0.033201,0.031854,0.030437,0.028957,0.027421,0.025839,0.024218,0.022571,0.020906,0.019236,0.017571,0.015923,0.014304,0.012727,0.011201,0.0097392,0.0083515,0.0070481,0.0058379,0.0047291,0.0037286,0.0028421,0.0020738,0.0014266,0.00090189,0.00049938,0.00021735,5.2493e-05,0
0,7.6813e-05,0.0002954,0.00064567,0.0011177,0.0017018,0.0023886,0.0031691,0.0040346,0.0049769,0.0059882,0.0070609,0.0081881,0.0093631,0.01058,0.011832,0.013114,0.014421,0.015748,0.01709,0.018443,0.019801,0.021162,0.022521,0.023874,0.025217,0.026546,0.027858,0.029149,0.030416,0.031654,0.032859,0.034029,0.03516,0.036246,0.037286,0.038275,0.039208,0.040083,0.040895,0.041641,0.042317,0.042918,0.043442,0.043885,0.044243,0.044513,0.044691,0.044776,0.044764,0.044652,0.04444,0.044125,0.043705,0.043181,0.042552,0.041817,0.040979,0.040038,0.038998,0.03786,0.036629,0.035309,0.033906,0.032427,0.030877,0.029267,0.027604,0.025898,0.024159,0.0224,0.02063,0.018864,0.017112,0.015389,0.013706,0.012076,0.010511,0.0090231,0.0076232,0.0063214,0.0051266,0.0040468,0.0030883,0.0022563,0.0015543,0.00098397,0.00054568,0.00023794,5.763e-05,0
0,8.0741e-05,0.00031033,0.00067801,0.0011733,0.0017858,0.0025058,0.0033236,0.0042303,0.005217,0.0062755,0.0073982,0.0085775,0.0098065,0.011079,0.012388,0.013729,0.015095,0.016482,0.017885,0.019298,0.020719,0.022141,0.023562,0.024977,0.026381,0.027772,0.029146,0.030498,0.031825,0.033123,0.034388,0.035616,0.036804,0.037948,0.039043,0.040086,0.041073,0.041999,0.042862,0.043656,0.044378,0.045023,0.045589,0.046071,0.046465,0.046769,0.046978,0.04709,0.047101,0.047009,0.046811,0.046506,0.046093,0.045569,0.044935,0.04419,0.043336,0.042373,0.041303,0.040131,0.038858,0.03749,0.036032,0.03449,0.032873,0.031188,0.029444,0.027651,0.02582,0.023964,0.022094,0.020223,0.018364,0.016532,0.01474,0.013001,0.011328,0.0097354,0.0082341,0.0068356,0.00555,0.0043861,0.0033513,0.0024515,0.0016909,0.001072,0.00059538,0.00026008,6.3164e-05,0
0,8.4689e-05,0.00032533,0.00071052,0.0012291,0.0018703,0.0026236,0.0034791,0.004427,0.0054584,0.0065646,0.0077374,0.0089691,0.010253,0.011581,0.012948,0.014347,0.015773,0.01722,0.018684,0.020159,0.021641,0.023126,0.024609,0.026086,0.027553,0.029006,0.030441,0.031855,0.033243,0.034601,0.035926,0.037214,0.03846,0.039661,0.040813,0.041912,0.042953,0.043932,0.044846,0.045689,0.046459,0.047151,0.04776,0.048283,0.048716,0.049055,0.049297,0.049438,0.049475,0.049404,0.049225,0.048933,0.048528,0.048007,0.047371,0.046619,0.045751,0.044769,0.043673,0.042468,0.041155,0.039741,0.038229,0.036628,0.034943,0.033183,0.031358,0.029478,0.027555,0.0256,0.023627,0.021649,0.01968,0.017736,0.01583,0.013978,0.012193,0.01049,0.0088823,0.007382,0.0060005,0.0047476,0.0036318,0.00266,0.001837,0.0011662,0.00064869,0.00028386,6.9122e-05,0
0,8.8649e-05,0.00034037,0.00074313,0.0012852,0.0019551,0.0027419,0.0036351,0.0046245,0.0057008,0.0068548,0.0080779,0.0093623,0.0107,0.012085,0.013509,0.014967,0.016453,0.017961,0.019486,0.021023,0.022567,0.024114,0.025659,0.027199,0.028728,0.030244,0.031741,0.033217,0.034666,0.036085,0.037471,0.038818,0.040124,0.041383,0.042592,0.043747,0.044843,0.045877,0.046843,0.047737,0.048556,0.049295,0.04995,0.050516,0.05099,0.051367,0.051643,0.051816,0.05188,0.051835,0.051675,0.051399,0.051005,0.050491,0.049856,0.049099,0.048221,0.047221,0.046103,0.044867,0.043518,0.042059,0.040496,0.038836,0.037085,0.035252,0.033346,0.031379,0.029362,0.027308,0.02523,0.023143,0.021061,0.019001,0.016978,0.015008,0.013106,0.011288,0.0095692,0.0079619,0.0064793,0.0051324,0.0039309,0.0028825,0.0019933,0.0012671,0.00070584,0.0003094,7.5533e-05,0
0,9.2612e-05,0.00035544,0.0007758,0.0013413,0.00204,0.0028604,0.0037914,0.0048225,0.0059437,0.0071456,0.0084193,0.0097563,0.011149,0.01259,0.014072,0.015589,0.017134,0.018703,0.020289,0.021888,0.023494,0.025104,0.026712,0.028314,0.029906,0.031484,0.033043,0.034581,0.036092,0.037572,0.039018,0.040426,0.041791,0.043109,0.044376,0.045588,0.04674,0.047828,0.048848,0.049795,0.050664,0.051452,0.052153,0.052764,0.05328,0.053696,0.05401,0.054216,0.054312,0.054293,0.054156,0.053899,0.053519,0.053015,0.052384,0.051625,0.050739,0.049726,0.048587,0.047324,0.045941,0.044441,0.042829,0.041111,0.039296,0.037391,0.035406,0.033352,0.031241,0.029087,0.026903,0.024704,0.022508,0.020329,0.018185,0.016093,0.01407,0.012132,0.010296,0.0085767,0.0069877,0.0055417,0.0042494,0.0031199,0.0021602,0.001375,0.00076706,0.0003368,8.2427e-05,0
0,9.6573e-05,0.0003705,0.00080847,0.0013975,0.002125,0.002979,0.0039478,0.0050206,0.0061868,0.0074366,0.0087608,0.010151,0.011598,0.013095,0.014635,0.016211,0.017816,0.019445,0.021093,0.022753,0.024422,0.026093,0.027764,0.029428,0.031083,0.032723,0.034345,0.035944,0.037517,0.039059,0.040566,0.042034,0.043458,0.044835,0.046161,0.04743,0.048639,0.049782,0.050856,0.051856,0.052777,0.053614,0.054364,0.055021,0.05558,0.056039,0.056391,0.056633,0.056762,0.056772,0.056661,0.056426,0.056063,0.055571,0.054947,0.05419,0.0533,0.052277,0.051121,0.049834,0.04842,0.046881,0.045223,0.043451,0.041574,0.039598,0.037535,0.035395,0.033191,0.030936,0.028645,0.026334,0.02402,0.02172,0.019451,0.017234,0.015085,0.013023,0.011065,0.0092277,0.007527,0.0059764,0.0045883,0.0033729,0.0023383,0.0014903,0.00083258,0.00036617,8.9838e-05,0
0,0.00010052,0.00038554,0.00084108,0.0014536,0.0022099,0.0030974,0.0041041,0.0052185,0.0064297,0.0077274,0.009102,0.010545,0.012046,0.0136,0.015197,0.016832,0.018497,0.020186,0.021895,0.023617,0.025347,0.027081,0.028813,0.03054,0.032257,0.033959,0.035643,0.037304,0.038938,0.040541,0.042108,0.043637,0.045121,0.046557,0.047941,0.049268,0.050533,0.051733,0.052861,0.053915,0.054888,0.055776,0.056575,0.05728,0.057885,0.058386,0.058779,0.05906,0.059223,0.059265,0.059183,0.058972,0.058629,0.058152,0.057539,0.056787,0.055896,0.054866,0.053697,0.05239,0.050948,0.049374,0.047673,0.04585,0.043913,0.04187,0.039731,0.037506,0.03521,0.032854,0.030456,0.028032,0.025598,0.023174,0.020778,0.018431,0.016152,0.013961,0.011876,0.0099162,0.0080982,0.0064378,0.0049485,0.0036421,0.0025281,0.0016135,0.00090267,0.00039765,9.7797e-05,0
0,0.00010446,0.00040052,0.00087359,0.0015095,0.0022945,0.0032156,0.00426,0.0054159,0.0066719,0.0080174,0.0094424,0.010937,0.012494,0.014103,0.015758,0.017451,0.019175,0.020925,0.022694,0.024477,0.026269,0.028064,0.029858,0.031647,0.033425,0.035189,0.036934,0.038657,0.040352,0.042015,0.043643,0.045231,0.046775,0.04827,0.049712,0.051097,0.052419,0.053675,0.054859,0.055966,0.056992,0.057932,0.058781,0.059534,0.060186,0.060732,0.061168,0.061488,0.061688,0.061765,0.061713,0.061529,0.061209,0.060751,0.060151,0.059408,0.058521,0.057487,0.056309,0.054985,0.05352,0.051914,0.050174,0.048303,0.04631,0.044202,0.041989,0.039682,0.037294,0.034839,0.032334,0.029795,0.027241,0.024691,0.022166,0.019686,0.017273,0.014948,0.012731,0.010643,0.0087026,0.0069267,0.0053309,0.0039285,0.0027304,0.0017449,0.00097756,0.00043135,0.00010634,0
0,0.00010837,0.00041542,0.00090595,0.0015652,0.0023788,0.0033332,0.0044153,0.0056126,0.0069133,0.0083064,0.0097815,0.011329,0.012939,0.014604,0.016316,0.018067,0.01985,0.02166,0.023489,0.025332,0.027185,0.029041,0.030897,0.032746,0.034586,0.036411,0.038217,0.039999,0.041755,0.043478,0.045166,0.046813,0.048416,0.04997,0.05147,0.052912,0.054291,0.055602,0.056841,0.058003,0.059082,0.060075,0.060974,0.061777,0.062476,0.063068,0.063548,0.06391,0.064149,0.064262,0.064243,0.064089,0.063795,0.063358,0.062776,0.062045,0.061164,0.060131,0.058947,0.057612,0.056126,0.054494,0.052718,0.050803,0.048757,0.046588,0.044304,0.041917,0.03944,0.036888,0.034277,0.031624,0.028949,0.026271,0.023614,0.020999,0.018448,0.015984,0.013631,0.01141,0.0093411,0.0074442,0.0057364,0.0042326,0.0029456,0.0018849,0.0010575,0.00046739,0.0001155,0
0,0.00011226,0.00043024,0.00093813,0.0016206,0.0024627,0.0034503,0.0045698,0.0058082,0.0071534,0.0085939,0.010119,0.011718,0.013382,0.015102,0.016871,0.018679,0.020521,0.022389,0.024278,0.026181,0.028094,0.03001,0.031926,0.033836,0.035735,0.03762,0.039486,0.041329,0.043143,0.044926,0.046673,0.048379,0.05004,0.051651,0.053208,0.054707,0.056142,0.057509,0.058803,0.060019,0.061152,0.062197,0.063147,0.064,0.064748,0.065387,0.065912,0.066317,0.066597,0.066748,0.066764,0.066642,0.066377,0.065965,0.065403,0.064688,0.063817,0.06279,0.061604,0.06026,0.05876,0.057104,0.055298,0.053344,0.05125,0.049022,0.046671,0.044208,0.041645,0.038997,0.036281,0.033515,0.030718,0.027913,0.025122,0.022368,0.019676,0.017071,0.014577,0.012217,0.010015,0.0079912,0.0061657,0.0045553,0.0031743,0.002034,0.0011428,0.00050591,0.00012531,0
0,0.00011611,0.00044495,0.00097009,0.0016756,0.002546,0.0035667,0.0047234,0.0060028,0.0073921,0.0088796,0.010454,0.012105,0.013822,0.015597,0.017421,0.019287,0.021186,0.023112,0.02506,0.027022,0.028994,0.03097,0.032944,0.034914,0.036872,0.038816,0.040741,0.042642,0.044515,0.046355,0.04816,0.049923,0.051641,0.053309,0.054923,0.056478,0.057968,0.05939,0.060739,0.062009,0.063194,0.064291,0.065293,0.066196,0.066993,0.06768,0.06825,0.0687,0.069022,0.069213,0.069267,0.069179,0.068946,0.068561,0.068023,0.067327,0.066471,0.065452,0.064269,0.062922,0.061411,0.059738,0.057905,0.055916,0.053778,0.051498,0.049084,0.046548,0.043902,0.041162,0.038343,0.035465,0.032548,0.029615,0.026688,0.023795,0.020959,0.018208,0.015568,0.013065,0.010724,0.0085685,0.0066198,0.0048972,0.0034171,0.0021926,0.0012337,0.00054703,0.00013582,0
0,0.00011994,0.00045955,0.0010018,0.0017302,0.0026288,0.0036823,0.0048759,0.0061959,0.0076291,0.0091632,0.010787,0.012488,0.014258,0.016087,0.017967,0.019888,0.021844,0.023828,0.025833,0.027854,0.029883,0.031917,0.03395,0.035977,0.037993,0.039995,0.041977,0.043935,0.045865,0.047762,0.049623,0.051442,0.053216,0.054939,0.056608,0.058218,0.059763,0.061239,0.062641,0.063964,0.065202,0.066351,0.067404,0.068357,0.069203,0.069938,0.070555,0.07105,0.071416,0.071648,0.071742,0.071691,0.071491,0.071137,0.070625,0.069952,0.069114,0.068108,0.066932,0.065586,0.06407,0.062383,0.060529,0.058512,0.056335,0.054007,0.051535,0.048931,0.046206,0.043376,0.040458,0.03747,0.034435,0.031373,0.028312,0.025277,0.022295,0.019396,0.016606,0.013955,0.01147,0.0091769,0.0070994,0.0052591,0.0036745,0.002361,0.0013304,0.00059089,0.00014706,0
0,0.00012373,0.00047402,0.0010333,0.0017844,0.002711,0.003797,0.0050273,0.0063876,0.0078643,0.0094446,0.011116,0.012869,0.014691,0.016573,0.018507,0.020484,0.022496,0.024536,0.026597,0.028674,0.030761,0.032851,0.03494,0.037024,0.039096,0.041154,0.043191,0.045205,0.04719,0.049142,0.051057,0.052931,0.054759,0.056537,0.058259,0.059922,0.06152,0.063049,0.064504,0.065878,0.067168,0.068368,0.069472,0.070474,0.07137,0.072153,0.072817,0.073358,0.073768,0.074044,0.074178,0.074165,0.074001,0.073681,0.073199,0.072551,0.071735,0.070746,0.069582,0.068242,0.066725,0.065031,0.063161,0.06112,0.058911,0.05654,0.054016,0.051348,0.04855,0.045635,0.042621,0.039527,0.036374,0.033187,0.029991,0.026813,0.023684,0.020633,0.01769,0.014887,0.012253,0.0098171,0.0076051,0.0056414,0.0039471,0.0025397,0.0014332,0.00063762,0.00015907,0
0,0.00012748,0.00048837,0.0010645,0.0018383,0.0027925,0.0039108,0.0051776,0.0065779,0.0080976,0.0097235,0.011443,0.013245,0.015119,0.017054,0.019041,0.021072,0.023139,0.025234,0.027351,0.029483,0.031624,0.03377,0.035914,0.038052,0.040179,0.042291,0.044382,0.046449,0.048487,0.050493,0.05246,0.054387,0.056267,0.058096,0.05987,0.061585,0.063234,0.064814,0.06632,0.067745,0.069085,0.070335,0.071489,0.07254,0.073485,0.074316,0.075027,0.075614,0.07607,0.076388,0.076565,0.076593,0.076467,0.076181,0.075732,0.075114,0.074323,0.073355,0.072208,0.070878,0.069365,0.067669,0.06579,0.06373,0.061494,0.059087,0.056517,0.053792,0.050926,0.047931,0.044826,0.041629,0.038363,0.035051,0.031721,0.028402,0.025124,0.021919,0.018821,0.015861,0.013074,0.01049,0.0081375,0.0060449,0.0042354,0.0027292,0.0015424,0.00068736,0.00017189,0
0,0.0001312,0.00050261,0.0010955,0.0018917,0.0028734,0.0040238,0.0053267,0.0067666,0.0083289,0.01,0.011767,0.013618,0.015542,0.017529,0.019569,0.021653,0.023773,0.025921,0.028092,0.030278,0.032473,0.034672,0.036869,0.03906,0.041239,0.043403,0.045546,0.047664,0.049753,0.051809,0.053828,0.055804,0.057734,0.059613,0.061437,0.063201,0.0649,0.066529,0.068083,0.069557,0.070947,0.072245,0.073447,0.074547,0.075539,0.076417,0.077176,0.077809,0.07831,0.078673,0.078892,0.078962,0.078875,0.078628,0.078214,0.077628,0.076866,0.075923,0.074796,0.073482,0.071979,0.070286,0.068403,0.066332,0.064075,0.061638,0.059028,0.056253,0.053324,0.050256,0.047065,0.04377,0.040394,0.036961,0.0335,0.030039,0.026613,0.023253,0.019996,0.016878,0.013932,0.011195,0.0086972,0.00647,0.0045398,0.0029296,0.0016583,0.00074025,0.00018556,0
0,0.00013489,0.00051675,0.0011263,0.0019447,0.0029538,0.0041361,0.0054748,0.0069539,0.0085584,0.010274,0.012088,0.013987,0.015961,0.017998,0.020089,0.022225,0.024397,0.026598,0.028821,0.031059,0.033305,0.035555,0.037804,0.040045,0.042274,0.044487,0.04668,0.048847,0.050985,0.053089,0.055155,0.057179,0.059156,0.061083,0.062954,0.064764,0.06651,0.068186,0.069787,0.071309,0.072744,0.07409,0.075338,0.076485,0.077524,0.078448,0.079253,0.079932,0.080478,0.080886,0.081149,0.081261,0.081216,0.081008,0.080632,0.080081,0.079351,0.078437,0.077335,0.076041,0.074553,0.072869,0.070988,0.068912,0.066642,0.064182,0.061539,0.05872,0.055736,0.052601,0.049331,0.045944,0.042463,0.038913,0.035323,0.031723,0.028148,0.024633,0.021216,0.017935,0.014828,0.011932,0.0092844,0.0069172,0.0048608,0.0031415,0.001781,0.0007964,0.00020013,0
0,0.00013856,0.00053081,0.0011569,0.0019975,0.0030338,0.0042477,0.0056219,0.0071399,0.0087862,0.010546,0.012406,0.014353,0.016375,0.018462,0.020603,0.022789,0.025012,0.027263,0.029536,0.031824,0.03412,0.03642,0.038716,0.041006,0.043283,0.045543,0.047782,0.049995,0.052178,0.054328,0.056439,0.058508,0.060529,0.0625,0.064415,0.06627,0.06806,0.06978,0.071426,0.072991,0.074472,0.075862,0.077155,0.078347,0.079431,0.080401,0.081251,0.081974,0.082566,0.083018,0.083325,0.08348,0.083478,0.083311,0.082974,0.082461,0.081766,0.080884,0.079811,0.078542,0.077074,0.075405,0.073532,0.071457,0.069181,0.066705,0.064037,0.061182,0.058151,0.054957,0.051614,0.048141,0.044561,0.040899,0.037184,0.033448,0.029727,0.026057,0.022479,0.019033,0.015761,0.012703,0.0098995,0.0073868,0.0051988,0.0033651,0.0019108,0.00085597,0.00021563,0
0,0.00014221,0.00054482,0.0011875,0.0020502,0.0031135,0.0043589,0.0057684,0.007325,0.0090126,0.010816,0.012721,0.014715,0.016785,0.01892,0.02111,0.023345,0.025617,0.027917,0.030238,0.032573,0.034917,0.037263,0.039606,0.04194,0.044262,0.046566,0.048849,0.051105,0.053331,0.055523,0.057676,0.059786,0.061849,0.063861,0.065817,0.067713,0.069544,0.071306,0.072993,0.0746,0.076122,0.077554,0.07889,0.080125,0.081252,0.082265,0.083159,0.083926,0.084562,0.085058,0.085409,0.085608,0.085649,0.085524,0.085228,0.084755,0.084098,0.083252,0.082211,0.080971,0.079529,0.07788,0.076022,0.073955,0.071679,0.069196,0.06651,0.063628,0.060558,0.057311,0.053904,0.050353,0.046682,0.042914,0.039079,0.035211,0.031345,0.027522,0.023782,0.02017,0.01673,0.013506,0.010543,0.0078792,0.0055542,0.0036009,0.002048,0.00091907,0.00023211,0
0,0.00014586,0.00055883,0.001218,0.0021028,0.0031932,0.00447,0.0059146,0.0075095,0.009238,0.011084,0.013034,0.015074,0.017191,0.019373,0.02161,0.023893,0.026211,0.028558,0.030925,0.033306,0.035694,0.038084,0.04047,0.042847,0.045211,0.047556,0.049879,0.052175,0.054441,0.056671,0.058862,0.06101,0.063111,0.065161,0.067155,0.069088,0.070957,0.072756,0.074481,0.076127,0.077688,0.079159,0.080535,0.08181,0.082978,0.084033,0.084968,0.085778,0.086457,0.086996,0.087391,0.087633,0.087717,0.087636,0.087382,0.08695,0.086334,0.085526,0.084522,0.083316,0.081903,0.08028,0.078443,0.076391,0.074123,0.07164,0.068945,0.066044,0.062943,0.059654,0.056191,0.052571,0.048815,0.044949,0.041001,0.037005,0.032999,0.029024,0.025124,0.021345,0.017735,0.014342,0.011214,0.0083945,0.0059271,0.0038489,0.0021928,0.00098584,0.0002496,0
0,0.00014952,0.0005729,0.0012486,0.0021555,0.0032731,0.0045812,0.0060609,0.0076939,0.0094629,0.011352,0.013346,0.01543,0.017593,0.019821,0.022104,0.024432,0.026796,0.029187,0.031598,0.034022,0.036452,0.038883,0.041309,0.043726,0.046128,0.048511,0.05087,0.053203,0.055503,0.057769,0.059995,0.062177,0.064312,0.066395,0.068423,0.07039,0.072293,0.074126,0.075886,0.077567,0.079163,0.080671,0.082083,0.083396,0.084602,0.085695,0.086671,0.087521,0.088241,0.088822,0.089259,0.089545,0.089672,0.089634,0.089424,0.089035,0.088461,0.087695,0.08673,0.085562,0.084184,0.082592,0.080782,0.078751,0.076498,0.074023,0.071328,0.068416,0.065295,0.061973,0.058464,0.054783,0.050952,0.046995,0.042941,0.038825,0.034683,0.03056,0.026501,0.022556,0.018774,0.015209,0.011912,0.0089329,0.0063179,0.0041096,0.0023453,0.0010564,0.00026816,0
0,0.00015321,0.00058708,0.0012795,0.0022088,0.0033535,0.0046931,0.0062078,0.0078788,0.0096881,0.011619,0.013656,0.015785,0.017992,0.020264,0.022592,0.024963,0.02737,0.029804,0.032256,0.03472,0.037189,0.039659,0.042122,0.044574,0.047011,0.049428,0.051821,0.054185,0.056517,0.058814,0.06107,0.063282,0.065447,0.06756,0.069617,0.071614,0.073547,0.075411,0.077201,0.078913,0.080541,0.082081,0.083527,0.084874,0.086115,0.087245,0.088257,0.089146,0.089904,0.090526,0.091004,0.091332,0.091502,0.091508,0.091342,0.090998,0.090467,0.089745,0.088823,0.087695,0.086356,0.0848,0.083023,0.081021,0.07879,0.076332,0.073644,0.070732,0.067599,0.064255,0.060709,0.056979,0.053082,0.049044,0.044892,0.040662,0.036392,0.032125,0.02791,0.023799,0.019846,0.016107,0.012638,0.0094942,0.0067266,0.0043831,0.0025059,0.0011309,0.00028783,0
0,0.00015696,0.00060148,0.0013109,0.0022627,0.0034349,0.0048062,0.0063561,0.008065,0.0099144,0.011887,0.013967,0.016139,0.018389,0.020705,0.023074,0.025488,0.027936,0.030409,0.0329,0.035401,0.037906,0.04041,0.042907,0.045391,0.047859,0.050306,0.052728,0.05512,0.05748,0.059803,0.062085,0.064323,0.066514,0.068652,0.070734,0.072756,0.074715,0.076604,0.078421,0.08016,0.081816,0.083385,0.08486,0.086237,0.08751,0.088673,0.089719,0.090643,0.091439,0.092099,0.092617,0.092985,0.093198,0.093247,0.093125,0.092825,0.09234,0.091663,0.090786,0.089702,0.088407,0.086892,0.085153,0.083185,0.080984,0.07855,0.075879,0.072976,0.069842,0.066485,0.062914,0.059144,0.055193,0.051084,0.046845,0.04251,0.038118,0.033714,0.029347,0.025073,0.020949,0.017034,0.013391,0.010078,0.0071535,0.0046697,0.0026746,0.0012094,0.00030864,0
0,0.0001608,0.0006162,0.0013429,0.0023177,0.0035178,0.0049211,0.0065065,0.0082534,0.010143,0.012157,0.014279,0.016493,0.018785,0.021143,0.023553,0.026006,0.028493,0.031003,0.033529,0.036065,0.038603,0.041138,0.043664,0.046177,0.048672,0.051144,0.05359,0.056007,0.058389,0.060734,0.063038,0.065297,0.067507,0.069666,0.071769,0.073812,0.075791,0.077702,0.07954,0.081302,0.082981,0.084574,0.086075,0.087479,0.088779,0.089972,0.091049,0.092006,0.092835,0.093531,0.094086,0.094494,0.094747,0.094838,0.09476,0.094505,0.094066,0.093436,0.092606,0.09157,0.090321,0.088851,0.087156,0.085229,0.083065,0.080662,0.078018,0.075132,0.072008,0.068649,0.065065,0.061268,0.057274,0.053106,0.04879,0.044359,0.039854,0.03532,0.030807,0.026373,0.02208,0.01799,0.01417,0.010685,0.0075984,0.0049694,0.0028517,0.0012921,0.00033065,0
0,0.00016475,0.00063137,0.0013758,0.0023742,0.0036028,0.0050388,0.00666,0.0084453,0.010375,0.01243,0.014593,0.016849,0.019182,0.02158,0.024029,0.02652,0.029042,0.031587,0.034146,0.036712,0.039279,0.041841,0.044393,0.04693,0.049447,0.051941,0.054407,0.056842,0.059242,0.061604,0.063924,0.066199,0.068426,0.0706,0.072718,0.074776,0.076771,0.078699,0.080554,0.082333,0.084031,0.085644,0.087166,0.088592,0.089916,0.091134,0.092239,0.093225,0.094085,0.094814,0.095404,0.095849,0.096141,0.096273,0.096238,0.096028,0.095635,0.095052,0.094271,0.093285,0.092085,0.090665,0.089018,0.087137,0.085017,0.082654,0.080044,0.077187,0.074082,0.070733,0.067147,0.063335,0.059311,0.055095,0.050715,0.046201,0.041593,0.036936,0.032285,0.027696,0.023236,0.018971,0.014973,0.011314,0.0080614,0.0052825,0.0030372,0.0013791,0.00035389,0
0,0.00016887,0.00064715,0.0014101,0.0024328,0.0036908,0.0051601,0.0068178,0.0086419,0.010612,0.012708,0.014912,0.017209,0.019582,0.022018,0.024504,0.02703,0.029585,0.032161,0.034749,0.037343,0.039935,0.04252,0.045093,0.04765,0.050185,0.052695,0.055176,0.057625,0.060038,0.062411,0.064743,0.067028,0.069265,0.071449,0.073577,0.075646,0.077652,0.07959,0.081457,0.083249,0.084961,0.086588,0.088126,0.08957,0.090914,0.092153,0.093281,0.094292,0.09518,0.095938,0.096561,0.09704,0.097369,0.09754,0.097547,0.097381,0.097034,0.0965,0.095769,0.094834,0.093686,0.092319,0.090725,0.088896,0.086826,0.08451,0.081943,0.079123,0.076048,0.072721,0.069145,0.065331,0.06129,0.057041,0.052609,0.048024,0.043324,0.038556,0.033774,0.029037,0.024414,0.019977,0.015801,0.011964,0.0085422,0.0056089,0.0032314,0.0014704,0.00037842,0
0,0.0001732,0.00066372,0.0014459,0.002494,0.0037824,0.0052862,0.0069814,0.0088449,0.010855,0.012992,0.015238,0.017574,0.019985,0.022458,0.024979,0.027538,0.030124,0.032728,0.035341,0.037958,0.040571,0.043175,0.045765,0.048336,0.050884,0.053405,0.055896,0.058353,0.060773,0.063153,0.06549,0.067781,0.070022,0.072211,0.074343,0.076417,0.078427,0.080371,0.082245,0.084044,0.085764,0.087401,0.088951,0.090407,0.091766,0.093022,0.094168,0.095201,0.096112,0.096897,0.097548,0.098058,0.098421,0.09863,0.098677,0.098554,0.098253,0.097766,0.097086,0.096203,0.095111,0.0938,0.092262,0.09049,0.088476,0.086214,0.083698,0.080925,0.077891,0.074596,0.071044,0.067241,0.063197,0.058929,0.054459,0.049817,0.045039,0.040171,0.035268,0.030391,0.025611,0.021003,0.01665,0.012635,0.0090406,0.0059487,0.0034344,0.0015663,0.00040428,0
0,0.00017781,0.00068131,0.0014839,0.0025587,0.0038789,0.0054185,0.0071523,0.0090562,0.011108,0.013286,0.015572,0.017947,0.020396,0.022903,0.025457,0.028046,0.030659,0.033288,0.035923,0.038559,0.041188,0.043806,0.046408,0.048988,0.051544,0.054071,0.056566,0.059026,0.061447,0.063828,0.066165,0.068454,0.070694,0.072881,0.075012,0.077084,0.079094,0.081038,0.082912,0.084713,0.086436,0.088077,0.089632,0.091097,0.092465,0.093733,0.094894,0.095943,0.096873,0.09768,0.098356,0.098895,0.09929,0.099533,0.099618,0.099536,0.099279,0.09884,0.098211,0.097382,0.096346,0.095093,0.093615,0.091904,0.089952,0.087751,0.085294,0.082576,0.079593,0.076343,0.072827,0.069049,0.065016,0.060744,0.056252,0.051568,0.046726,0.041772,0.03676,0.031752,0.026821,0.022048,0.01752,0.013325,0.0095563,0.0063019,0.0036463,0.0016668,0.00043153,0
0,0.00018277,0.00070019,0.0015245,0.0026277,0.0039815,0.0055585,0.0073324,0.0092778,0.011371,0.013591,0.015917,0.01833,0.020815,0.023356,0.02594,0.028556,0.031193,0.033842,0.036496,0.039146,0.041787,0.044414,0.047022,0.049607,0.052164,0.054691,0.057184,0.059641,0.062058,0.064433,0.066763,0.069045,0.071277,0.073457,0.07558,0.077645,0.079648,0.081585,0.083454,0.08525,0.086971,0.088611,0.090166,0.091633,0.093006,0.09428,0.09545,0.096511,0.097457,0.098281,0.098979,0.099542,0.099965,0.10024,0.10036,0.10032,0.1001,0.099711,0.099132,0.098357,0.097378,0.096185,0.094771,0.093125,0.091239,0.089105,0.086715,0.084061,0.08114,0.077946,0.074478,0.070738,0.066732,0.062472,0.057974,0.053264,0.048375,0.043349,0.03824,0.033113,0.028041,0.023109,0.018408,0.014035,0.010089,0.0066685,0.0038673,0.001772,0.00046022,0
0,0.00018818,0.00072067,0.0015685,0.002702,0.0040915,0.0057081,0.0075239,0.0095124,0.011649,0.01391,0.016276,0.018727,0.021246,0.023819,0.026431,0.029071,0.031728,0.034394,0.03706,0.03972,0.042368,0.044999,0.047608,0.05019,0.052744,0.055264,0.057749,0.060196,0.062602,0.064965,0.067282,0.069551,0.071769,0.073934,0.076043,0.078094,0.080084,0.082008,0.083866,0.085652,0.087363,0.088996,0.090546,0.092009,0.093381,0.094656,0.09583,0.096898,0.097854,0.098692,0.099406,0.09999,0.10044,0.10074,0.10089,0.10089,0.10071,0.10037,0.099838,0.099116,0.098195,0.097064,0.095715,0.094137,0.092322,0.090261,0.087944,0.085363,0.082513,0.079385,0.075979,0.072292,0.068329,0.064096,0.05961,0.054891,0.049971,0.04489,0.039701,0.034467,0.029265,0.02418,0.019311,0.014761,0.010638,0.0070484,0.0040975,0.0018822,0.00049042,0
0,0.00019413,0.00074314,0.0016165,0.0027828,0.0042108,0.0058695,0.0077295,0.0097628,0.011943,0.014247,0.016653,0.019141,0.021693,0.024295,0.026931,0.029592,0.032266,0.034944,0.037618,0.040283,0.042932,0.04556,0.048164,0.050738,0.053281,0.055789,0.058259,0.06069,0.063078,0.065422,0.067719,0.069967,0.072165,0.074309,0.076397,0.078428,0.080397,0.082303,0.084142,0.085911,0.087607,0.089226,0.090765,0.092219,0.093583,0.094855,0.096027,0.097097,0.098058,0.098904,0.099631,0.10023,0.1007,0.10103,0.10121,0.10124,0.1011,0.1008,0.10032,0.099648,0.098785,0.097716,0.096434,0.094927,0.093187,0.091203,0.088966,0.086466,0.083695,0.080646,0.077313,0.073694,0.069788,0.065601,0.061144,0.056435,0.051503,0.046385,0.041132,0.035806,0.030486,0.025259,0.020228,0.015504,0.011202,0.0074416,0.004337,0.0019974,0.00052219,0
0,0.00020077,0.00076806,0.0016695,0.0028717,0.0043412,0.0060451,0.0079519,0.010032,0.012259,0.014606,0.017051,0.019575,0.022158,0.024786,0.027445,0.030122,0.032808,0.035494,0.038171,0.040835,0.043479,0.046099,0.04869,0.05125,0.053775,0.056264,0.058712,0.061119,0.063482,0.0658,0.06807,0.070291,0.072461,0.074577,0.076637,0.07864,0.080583,0.082463,0.084277,0.086023,0.087697,0.089296,0.090817,0.092255,0.093607,0.094868,0.096034,0.097099,0.09806,0.09891,0.099644,0.10026,0.10074,0.10109,0.10129,0.10135,0.10125,0.10099,0.10056,0.099941,0.099134,0.098129,0.096914,0.095481,0.093818,0.091916,0.089765,0.087353,0.084671,0.08171,0.078463,0.074924,0.071092,0.066967,0.062558,0.057879,0.052955,0.04782,0.042522,0.037122,0.031697,0.02634,0.021155,0.016261,0.011782,0.0078481,0.0045861,0.0021179,0.00055563,0
0,0.00020823,0.00079595,0.0017286,0.0029703,0.0044851,0.0062377,0.0081947,0.010324,0.012598,0.014989,0.017474,0.020033,0.022646,0.025297,0.027974,0.030664,0.033357,0.036045,0.03872,0.041376,0.044008,0.046613,0.049185,0.051723,0.054224,0.056685,0.059105,0.061481,0.063812,0.066096,0.068332,0.070517,0.072652,0.074732,0.076758,0.078726,0.080635,0.082481,0.084264,0.08598,0.087625,0.089198,0.090694,0.092111,0.093443,0.094688,0.095841,0.096897,0.097852,0.0987,0.099437,0.10006,0.10055,0.10092,0.10114,0.10123,0.10116,0.10094,0.10055,0.099981,0.099231,0.098288,0.097143,0.095784,0.094202,0.092386,0.090324,0.088006,0.085422,0.082559,0.07941,0.075966,0.072222,0.068178,0.063836,0.059207,0.054312,0.049181,0.043859,0.038404,0.032893,0.027418,0.022089,0.01703,0.012376,0.0082677,0.004845,0.0022439,0.00059082,0
0,0.00021672,0.00082749,0.001795,0.0030806,0.0046452,0.0064508,0.0084614,0.010643,0.012966,0.015402,0.017927,0.020519,0.023159,0.025831,0.028522,0.031219,0.033914,0.036598,0.039264,0.041906,0.04452,0.047101,0.049648,0.052156,0.054624,0.05705,0.059433,0.06177,0.064061,0.066304,0.068497,0.07064,0.072731,0.074769,0.076752,0.078678,0.080546,0.082352,0.084096,0.085774,0.087385,0.088924,0.090389,0.091777,0.093085,0.094307,0.095441,0.096482,0.097425,0.098266,0.098999,0.099619,0.10012,0.1005,0.10074,0.10085,0.10081,0.10063,0.10028,0.099758,0.099063,0.098182,0.097105,0.095822,0.094322,0.092595,0.090628,0.088411,0.08593,0.083176,0.080135,0.076799,0.07316,0.069213,0.064958,0.060401,0.055558,0.050454,0.04513,0.039641,0.034062,0.028486,0.023025,0.01781,0.012984,0.0087005,0.0051139,0.0023757,0.00062791,0
0,0.00022647,0.00086344,0.0018704,0.0032049,0.0048246,0.0066881,0.0087566,0.010994,0.013368,0.01585,0.018413,0.021036,0.023701,0.02639,0.02909,0.03179,0.03448,0.037154,0.039803,0.042423,0.045011,0.047562,0.050074,0.052544,0.054972,0.057355,0.059692,0.061982,0.064224,0.066417,0.06856,0.070653,0.072693,0.07468,0.076612,0.078488,0.080307,0.082066,0.083764,0.085398,0.086966,0.088465,0.089892,0.091245,0.09252,0.093714,0.094823,0.095842,0.096768,0.097596,0.09832,0.098937,0.09944,0.099824,0.10008,0.10021,0.1002,0.10004,0.09973,0.099258,0.098616,0.097796,0.096787,0.09558,0.094164,0.092528,0.09066,0.088548,0.086179,0.08354,0.08062,0.077405,0.073885,0.070053,0.065904,0.061441,0.056673,0.051621,0.046321,0.040822,0.035197,0.029539,0.02396,0.018598,0.013605,0.0091466,0.0053934,0.0025137,0.00066704,0
0,0.00023774,0.00090475,0.0019564,0.0033461,0.005027,0.006954,0.009085,0.011381,0.013809,0.016336,0.018938,0.02159,0.024275,0.026977,0.029681,0.032377,0.035056,0.037711,0.040336,0.042926,0.045478,0.04799,0.050459,0.052882,0.05526,0.057591,0.059874,0.062108,0.064293,0.066428,0.068512,0.070545,0.072526,0.074454,0.076328,0.078147,0.079909,0.081613,0.083257,0.084839,0.086358,0.087809,0.089192,0.090504,0.09174,0.092899,0.093976,0.094967,0.09587,0.096679,0.09739,0.097997,0.098497,0.098883,0.09915,0.099292,0.099301,0.099172,0.098897,0.098468,0.097877,0.097116,0.096174,0.095043,0.093712,0.092169,0.090403,0.0884,0.086149,0.083635,0.080844,0.077762,0.074377,0.070677,0.066655,0.062308,0.057639,0.052666,0.047415,0.041933,0.036287,0.030567,0.024888,0.019391,0.014237,0.009606,0.0056839,0.0026583,0.00070841,0
0,0.00025088,0.00095257,0.0020554,0.0035074,0.0052566,0.0072535,0.0094521,0.011811,0.014293,0.016867,0.019505,0.022184,0.024885,0.027593,0.030294,0.032979,0.035638,0.038266,0.040858,0.043409,0.045917,0.04838,0.050796,0.053163,0.055482,0.057751,0.05997,0.062139,0.064258,0.066325,0.068342,0.070307,0.072221,0.074082,0.075889,0.077642,0.07934,0.080981,0.082564,0.084087,0.085548,0.086945,0.088277,0.089539,0.090731,0.091847,0.092887,0.093845,0.094718,0.095502,0.096193,0.096786,0.097278,0.097661,0.097931,0.098083,0.09811,0.098005,0.097762,0.097373,0.096831,0.096127,0.095251,0.094196,0.092949,0.091501,0.089839,0.087951,0.085822,0.083439,0.080787,0.07785,0.074614,0.071063,0.067187,0.062978,0.058435,0.053567,0.048395,0.042958,0.037319,0.031562,0.025803,0.020186,0.01488,0.010079,0.0059862,0.0028102,0.00075227,0
0,0.00026633,0.0010083,0.0021699,0.0036926,0.0055183,0.0075922,0.0098638,0.012288,0.014827,0.017446,0.020118,0.02282,0.025532,0.028239,0.03093,0.033594,0.036225,0.038816,0.041365,0.043866,0.04632,0.048723,0.051075,0.053376,0.055625,0.057823,0.059968,0.062062,0.064105,0.066096,0.068036,0.069925,0.071762,0.073546,0.075279,0.076958,0.078584,0.080154,0.081668,0.083124,0.084522,0.085857,0.08713,0.088337,0.089477,0.090545,0.09154,0.092458,0.093296,0.09405,0.094716,0.095289,0.095766,0.096142,0.096411,0.096569,0.096608,0.096524,0.09631,0.095958,0.095462,0.094813,0.094002,0.093021,0.091859,0.090507,0.088951,0.087179,0.085178,0.082933,0.080429,0.077647,0.074572,0.071188,0.067477,0.06343,0.059038,0.054303,0.04924,0.043881,0.038278,0.032513,0.026698,0.020979,0.015533,0.010566,0.0063011,0.0029701,0.00079894,0
0,0.0002846,0.0010737,0.0023032,0.0039064,0.0058178,0.0079763,0.010327,0.01282,0.015416,0.018079,0.020781,0.023499,0.026214,0.028913,0.031583,0.034217,0.036809,0.039352,0.041846,0.044287,0.046674,0.049006,0.051284,0.053507,0.055676,0.05779,0.059852,0.061861,0.063818,0.065723,0.067577,0.069379,0.071131,0.072831,0.07448,0.076078,0.077623,0.079114,0.080552,0.081934,0.08326,0.084527,0.085734,0.08688,0.08796,0.088974,0.089919,0.090791,0.091587,0.092305,0.09294,0.093489,0.093947,0.09431,0.094573,0.094732,0.09478,0.094713,0.094524,0.094206,0.093753,0.093156,0.092409,0.091501,0.090424,0.089167,0.087719,0.086067,0.084198,0.082096,0.079746,0.07713,0.07423,0.071026,0.0675,0.063636,0.059422,0.054851,0.04993,0.044681,0.039149,0.033408,0.027565,0.021766,0.016193,0.011067,0.0066299,0.0031391,0.00084884,0
0,0.00030639,0.0011508,0.0024589,0.004154,0.0061616,0.0084129,0.010847,0.013412,0.016065,0.018768,0.021495,0.024221,0.026931,0.02961,0.032249,0.03484,0.037379,0.039863,0.042288,0.044655,0.046963,0.049212,0.051403,0.053536,0.055613,0.057634,0.059601,0.061515,0.063375,0.065184,0.066942,0.068649,0.070306,0.071914,0.073471,0.074978,0.076434,0.07784,0.079194,0.080494,0.081742,0.082933,0.084068,0.085145,0.086161,0.087114,0.088002,0.088822,0.089572,0.090248,0.090846,0.091365,0.091799,0.092145,0.092398,0.092553,0.092607,0.092552,0.092385,0.092098,0.091685,0.091139,0.090452,0.089617,0.088624,0.087463,0.086123,0.084593,0.082858,0.080905,0.078716,0.076275,0.07356,0.070552,0.067229,0.063571,0.05956,0.055182,0.050437,0.045336,0.039913,0.034232,0.028394,0.02254,0.01686,0.011583,0.0069742,0.0033185,0.00090255,0
0,0.00033253,0.0012423,0.0026419,0.004442,0.0065569,0.0089095,0.011433,0.01407,0.016776,0.019515,0.022258,0.024983,0.027674,0.030321,0.032914,0.035448,0.037921,0.040329,0.042672,0.044951,0.047166,0.049319,0.051409,0.05344,0.055413,0.057329,0.059189,0.060996,0.06275,0.064453,0.066105,0.067708,0.069261,0.070766,0.072223,0.073632,0.074992,0.076304,0.077566,0.078779,0.07994,0.08105,0.082106,0.083108,0.084053,0.084939,0.085765,0.086528,0.087226,0.087855,0.088413,0.088896,0.089302,0.089625,0.089864,0.090012,0.090066,0.090022,0.089872,0.089613,0.089238,0.08874,0.088112,0.087348,0.086438,0.085373,0.084142,0.082735,0.081138,0.079337,0.077315,0.075056,0.072537,0.069738,0.066635,0.063203,0.059421,0.055268,0.050734,0.045819,0.040546,0.034967,0.029171,0.023296,0.01753,0.012114,0.0073359,0.0035101,0.0009608,0
0,0.00036416,0.0013515,0.0028579,0.0047777,0.0070121,0.0094738,0.012089,0.014798,0.017552,0.020317,0.023064,0.025774,0.028432,0.03103,0.033561,0.036021,0.03841,0.040726,0.042972,0.045147,0.047254,0.049294,0.051271,0.053186,0.055042,0.05684,0.058582,0.060271,0.061908,0.063495,0.065032,0.06652,0.067962,0.069357,0.070705,0.072008,0.073264,0.074475,0.075639,0.076757,0.077826,0.078848,0.07982,0.08074,0.081609,0.082423,0.083182,0.083882,0.084523,0.0851,0.085613,0.086057,0.086429,0.086727,0.086947,0.087085,0.087137,0.087098,0.086964,0.086729,0.086389,0.085937,0.085367,0.084672,0.083844,0.082874,0.081753,0.08047,0.079012,0.077367,0.075517,0.073446,0.071132,0.068554,0.065686,0.062501,0.058973,0.055075,0.050786,0.046099,0.041021,0.035589,0.02988,0.024021,0.018198,0.012661,0.0077175,0.0037163,0.0010246,0
0,0.00040276,0.0014828,0.0031138,0.0051699,0.0075361,0.010113,0.012821,0.015596,0.01839,0.021167,0.023902,0.026579,0.029185,0.031714,0.034162,0.036529,0.038815,0.041021,0.04315,0.045204,0.047186,0.0491,0.050948,0.052733,0.054459,0.056127,0.05774,0.0593,0.060809,0.062269,0.063682,0.065048,0.066368,0.067645,0.068877,0.070066,0.071212,0.072315,0.073375,0.074392,0.075364,0.076291,0.077173,0.078009,0.078796,0.079533,0.08022,0.080854,0.081433,0.081955,0.082418,0.082819,0.083155,0.083424,0.083622,0.083746,0.083792,0.083756,0.083635,0.083423,0.083115,0.082707,0.082193,0.081565,0.080818,0.079943,0.078931,0.077772,0.076455,0.074968,0.073294,0.071416,0.069316,0.066969,0.064349,0.061429,0.058178,0.054563,0.050557,0.04614,0.041304,0.036071,0.030501,0.024704,0.018861,0.013224,0.0081219,0.0039402,0.0010954,0
0,0.00045034,0.0016417,0.0034184,0.0056287,0.008138,0.010835,0.013632,0.016462,0.019279,0.02205,0.024751,0.027371,0.0299,0.032337,0.034679,0.03693,0.039091,0.041166,0.043158,0.045073,0.046914,0.048684,0.050389,0.05203,0.053613,0.055138,0.05661,0.058031,0.059402,0.060727,0.062006,0.063241,0.064433,0.065584,0.066693,0.067763,0.068792,0.069782,0.070732,0.071642,0.072512,0.073341,0.074129,0.074874,0.075576,0.076233,0.076845,0.077408,0.077923,0.078386,0.078796,0.079151,0.079448,0.079685,0.079859,0.079966,0.080004,0.07997,0.079858,0.079667,0.07939,0.079024,0.078564,0.078002,0.077335,0.076553,0.07565,0.074616,0.07344,0.072112,0.070616,0.068937,0.067054,0.064947,0.062588,0.059948,0.056995,0.053691,0.050003,0.045897,0.041355,0.036378,0.031004,0.025325,0.019507,0.013802,0.0085528,0.0041858,0.0011751,0
0,0.00050971,0.0018355,0.0037822,0.006165,0.0088264,0.011641,0.014516,0.017385,0.020202,0.022938,0.025577,0.02811,0.030534,0.032849,0.035058,0.037166,0.039178,0.041099,0.042935,0.044691,0.046373,0.047984,0.04953,0.051014,0.05244,0.053811,0.055131,0.056403,0.057627,0.058808,0.059946,0.061042,0.0621,0.063119,0.0641,0.065045,0.065953,0.066825,0.067661,0.068461,0.069225,0.069952,0.070642,0.071295,0.071908,0.072483,0.073016,0.073507,0.073955,0.074357,0.074713,0.07502,0.075275,0.075478,0.075626,0.075715,0.075743,0.075708,0.075606,0.075433,0.075186,0.07486,0.074452,0.073956,0.073367,0.072678,0.071882,0.070972,0.069938,0.068769,0.067452,0.065973,0.064313,0.062451,0.060362,0.058015,0.055378,0.05241,0.049071,0.04532,0.041123,0.036462,0.031351,0.025858,0.020123,0.01439,0.0090138,0.0044587,0.0012665,0
0,0.00058487,0.002074,0.004218,0.0067905,0.0096073,0.01253,0.015462,0.018339,0.021121,0.023787,0.026326,0.028736,0.031018,0.033179,0.035224,0.037162,0.038999,0.040743,0.042401,0.043979,0.045483,0.046919,0.048292,0.049605,0.050864,0.052071,0.05323,0.054343,0.055414,0.056443,0.057434,0.058387,0.059305,0.060187,0.061036,0.061852,0.062636,0.063387,0.064106,0.064794,0.06545,0.066073,0.066665,0.067223,0.067747,0.068237,0.068691,0.069108,0.069488,0.069829,0.070129,0.070387,0.070601,0.070769,0.070889,0.07096,0.070978,0.070941,0.070846,0.070691,0.070473,0.070187,0.06983,0.069397,0.068885,0.068288,0.067598,0.066811,0.065917,0.064907,0.063769,0.06249,0.061054,0.05944,0.057626,0.055582,0.053275,0.050664,0.047704,0.044347,0.040547,0.036266,0.031493,0.026262,0.020685,0.014982,0.0095082,0.0047659,0.0013738,0
0,0.00068179,0.0023701,0.004741,0.0075153,0.01048,0.013486,0.016438,0.019279,0.02198,0.024526,0.026919,0.029161,0.031262,0.033231,0.035079,0.036816,0.038452,0.039995,0.041454,0.042836,0.044147,0.045394,0.046581,0.047713,0.048795,0.049829,0.05082,0.051769,0.05268,0.053554,0.054393,0.0552,0.055974,0.056719,0.057433,0.058119,0.058777,0.059406,0.060009,0.060584,0.061131,0.061651,0.062143,0.062607,0.063042,0.063448,0.063824,0.064168,0.064481,0.06476,0.065005,0.065215,0.065387,0.065521,0.065615,0.065666,0.065674,0.065635,0.065548,0.065411,0.06522,0.064973,0.064666,0.064296,0.06386,0.063352,0.062767,0.0621,0.061344,0.06049,0.059529,0.058449,0.057236,0.055871,0.054334,0.052597,0.050629,0.048389,0.045832,0.042905,0.03955,0.035714,0.031359,0.026483,0.021155,0.01556,0.010037,0.0051165,0.0015029,0
0,0.00080961,0.0027415,0.0053672,0.0083433,0.011429,0.014472,0.017386,0.020128,0.022682,0.02505,0.027239,0.029264,0.031138,0.032877,0.034493,0.036,0.037409,0.03873,0.039971,0.041141,0.042246,0.043292,0.044285,0.045228,0.046127,0.046983,0.047802,0.048584,0.049333,0.05005,0.050737,0.051396,0.052028,0.052634,0.053216,0.053773,0.054306,0.054816,0.055303,0.055767,0.056208,0.056627,0.057022,0.057394,0.057742,0.058067,0.058366,0.058639,0.058887,0.059107,0.059299,0.059462,0.059595,0.059696,0.059765,0.059799,0.059797,0.059758,0.059679,0.059559,0.059396,0.059187,0.05893,0.058621,0.058259,0.057839,0.057356,0.056807,0.056185,0.055484,0.054695,0.053809,0.052814,0.051694,0.050431,0.049001,0.047374,0.045514,0.043376,0.040905,0.038039,0.03471,0.030855,0.026437,0.021473,0.016092,0.010595,0.005521,0.0016632,0
0,0.00098271,0.0032103,0.0061087,0.0092617,0.01241,0.015411,0.0182,0.020756,0.023084,0.0252,0.027124,0.028877,0.030479,0.031949,0.033302,0.034554,0.035715,0.036796,0.037806,0.038753,0.039643,0.040483,0.041276,0.042028,0.042741,0.043419,0.044066,0.044682,0.045271,0.045833,0.046371,0.046886,0.04738,0.047852,0.048304,0.048736,0.049149,0.049544,0.04992,0.050279,0.050618,0.05094,0.051244,0.051528,0.051795,0.052041,0.052269,0.052476,0.052662,0.052827,0.05297,0.05309,0.053187,0.053258,0.053304,0.053323,0.053313,0.053275,0.053205,0.053104,0.052968,0.052797,0.052589,0.052341,0.05205,0.051714,0.05133,0.050894,0.050402,0.049847,0.049225,0.048526,0.047741,0.046857,0.04586,0.044729,0.043439,0.041957,0.040243,0.038245,0.035899,0.03313,0.029856,0.026005,0.02154,0.016515,0.011161,0.0059891,0.0018687,0
0,0.0012237,0.0038014,0.0069611,0.010218,0.013319,0.016155,0.018699,0.020961,0.022969,0.024755,0.026349,0.027778,0.029068,0.030237,0.031303,0.03228,0.03318,0.034012,0.034785,0.035506,0.036181,0.036814,0.037411,0.037974,0.038507,0.039012,0.039493,0.03995,0.040385,0.0408,0.041197,0.041576,0.041938,0.042284,0.042615,0.042931,0.043232,0.04352,0.043793,0.044053,0.044299,0.044532,0.044751,0.044956,0.045147,0.045323,0.045485,0.045632,0.045763,0.045879,0.045978,0.04606,0.046124,0.04617,0.046197,0.046204,0.04619,0.046154,0.046095,0.046013,0.045906,0.045772,0.045611,0.045421,0.045199,0.044944,0.044654,0.044325,0.043954,0.043538,0.043072,0.042549,0.041962,0.041302,0.040556,0.039709,0.038741,0.037626,0.036328,0.034802,0.03299,0.030817,0.028193,0.025018,0.021202,0.016716,0.011681,0.0065211,0.0021395,0
0,0.0015665,0.0045274,0.0078666,0.011072,0.013943,0.016441,0.018588,0.020434,0.022025,0.023408,0.024618,0.025685,0.026635,0.027485,0.028253,0.028951,0.029589,0.030175,0.030716,0.031219,0.031687,0.032125,0.032535,0.032922,0.033287,0.033632,0.033959,0.034269,0.034565,0.034846,0.035114,0.035369,0.035613,0.035846,0.036068,0.036279,0.036481,0.036673,0.036855,0.037028,0.037191,0.037345,0.03749,0.037625,0.03775,0.037865,0.037971,0.038065,0.03815,0.038223,0.038285,0.038335,0.038374,0.038399,0.038411,0.03841,0.038395,0.038364,0.038318,0.038256,0.038177,0.03808,0.037964,0.037828,0.037671,0.037491,0.037288,0.037058,0.036799,0.03651,0.036186,0.035824,0.035418,0.034961,0.034446,0.03386,0.033189,0.032414,0.031508,0.030436,0.029148,0.02758,0.025645,0.023234,0.020219,0.016488,0.012024,0.0070834,0.0024997,0
0,0.0020484,0.0053342,0.0086243,0.011493,0.013873,0.015819,0.017412,0.018728,0.019828,0.02076,0.021558,0.022251,0.022859,0.023397,0.023878,0.024311,0.024705,0.025064,0.025394,0.025699,0.025982,0.026246,0.026493,0.026724,0.026942,0.027148,0.027342,0.027527,0.027702,0.027868,0.028026,0.028177,0.02832,0.028457,0.028587,0.028711,0.028829,0.02894,0.029046,0.029147,0.029241,0.02933,0.029414,0.029491,0.029562,0.029628,0.029687,0.02974,0.029787,0.029827,0.02986,0.029886,0.029905,0.029916,0.029919,0.029914,0.029901,0.029878,0.029846,0.029804,0.029752,0.029689,0.029615,0.029529,0.02943,0.029317,0.02919,0.029048,0.028888,0.02871,0.028511,0.028289,0.02804,0.027761,0.027446,0.027088,0.026677,0.026202,0.025645,0.024981,0.024176,0.023183,0.021932,0.020324,0.018227,0.015472,0.011906,0.007541,0.0029554,0
0,0.002641,0.0059188,0.008678,0.01079,0.012376,0.013579,0.014508,0.015242,0.015835,0.016323,0.016733,0.017083,0.017386,0.017651,0.017886,0.018096,0.018285,0.018457,0.018615,0.018759,0.018893,0.019018,0.019134,0.019243,0.019345,0.019441,0.019532,0.019618,0.019699,0.019776,0.019849,0.019919,0.019985,0.020048,0.020108,0.020165,0.020219,0.020271,0.020319,0.020365,0.020408,0.020448,0.020485,0.02052,0.020552,0.020581,0.020607,0.02063,0.020649,0.020666,0.020679,0.020689,0.020696,0.020698,0.020697,0.020692,0.020683,0.020669,0.020651,0.020628,0.020601,0.020568,0.02053,0.020486,0.020435,0.020379,0.020315,0.020244,0.020165,0.020077,0.019979,0.01987,0.019748,0.019611,0.019457,0.019282,0.019081,0.018849,0.018575,0.018247,0.017848,0.017348,0.016706,0.015858,0.014699,0.013071,0.010745,0.0074883,0.0034001,0
0,0.0028675,0.0051906,0.0066948,0.0076512,0.0082779,0.008707,0.0090143,0.009244,0.009422,0.0095644,0.0096812,0.0097792,0.0098629,0.0099355,0.0099992,0.010056,0.010107,0.010153,0.010195,0.010233,0.010269,0.010301,0.010332,0.010361,0.010387,0.010413,0.010436,0.010459,0.01048,0.0105,0.010519,0.010537,0.010555,0.010571,0.010586,0.010601,0.010615,0.010628,0.01064,0.010652,0.010663,0.010673,0.010682,0.010691,0.010698,0.010705,0.010712,0.010717,0.010721,0.010725,0.010727,0.010729,0.01073,0.010729,0.010728,0.010725,0.010722,0.010717,0.01071,0.010703,0.010694,0.010684,0.010672,0.010659,0.010644,0.010627,0.010608,0.010587,0.010564,0.010538,0.01051,0.010478,0.010443,0.010404,0.010359,0.010309,0.010252,0.010185,0.010106,0.010011,0.0098953,0.0097485,0.0095567,0.0092955,0.0089211,0.0083506,0.007423,0.005846,0.0032464,0
0,0,0,0,0,0,0,0,0,0,0,0,0,0,0,0,0,0,0,0,0,0,0,0,0,0,0,0,0,0,0,0,0,0,0,0,0,0,0,0,0,0,0,0,0,0,0,0,0,0,0,0,0,0,0,0,0,0,0,0,0,0,0,0,0,0,0,0,0,0,0,0,0,0,0,0,0,0,0,0,0,0,0,0,0,0,0,0,0,0,0
