0,0,0,0,0,0,0,0,0,0,0,0,0,0,0,0,0,0,0,0,0,0,0,0,0,0,0,0,0,0,0,0,0,0,0,0,0,0,0,0,0,0,0,0,0,0,0,0,0,0,0,0,0,0,0,0,0,0,0,0,0,0,0,0,0,0,0,0,0,0,0,0,0,0,0,0,0,0,0,0,0,0,0,0,0,0,0,0,0,0,0
0,-1.4811e-07,-4.2273e-07,-6.7737e-07,-8.2396e-07,-8.1764e-07,-6.3969e-07,-2.8644e-07,2.3726e-07,9.2178e-07,1.755e-06,2.7234e-06,3.8133e-06,5.011e-06,6.3032e-06,7.6772e-06,9.1211e-06,1.0624e-05,1.2175e-05,1.3764e-05,1.5382e-05,1.7022e-05,1.8674e-05,2.0331e-05,2.1987e-05,2.3633e-05,2.5264e-05,2.6872e-05,2.8452e-05,2.9997e-05,3.1499e-05,3.2954e-05,3.4354e-05,3.5693e-05,3.6964e-05,3.816e-05,3.9276e-05,4.0303e-05,4.1236e-05,4.2069e-05,4.2794e-05,4.3406e-05,4.39e-05,4.4269e-05,4.451e-05,4.4617e-05,4.4588e-05,4.4419e-05,4.4108e-05,4.3655e-05,4.3059e-05,4.2321e-05,4.1442e-05,4.0427e-05,3.9279e-05,3.8003e-05,3.6607e-05,3.5098e-05,3.3485e-05,3.1779e-05,2.999e-05,2.8131e-05,2.6214e-05,2.4255e-05,2.2267e-05,2.0266e-05,1.8267e-05,1.6285e-05,1.4338e-05,1.244e-05,1.0607e-05,8.8548e-06,7.1968e-06,5.647e-06,4.2181e-06,2.9216e-06,1.7678e-06,7.6544e-07,-7.8494e-08,-7.5889e-07,-1.2729e-06,-1.6203e-06,-1.8039e-06,-1.8308e-06,-1.713e-06,-1.4697e-06,-1.1302e-06,-7.3815e-07,-3.5811e-07,-7.9413e-08,0
0,-4.2378e-07,-1.0879e-06,-1.6131e-06,-1.7573e-06,-1.3824e-06,-4.2099e-07,1.148e-06,3.3167e-06,6.0588e-06,9.3372e-06,1.3109e-05,1.7327e-05,2.1946e-05,2.6917e-05,3.2196e-05,3.774e-05,4.3507e-05,4.9457e-05,5.5555e-05,6.1766e-05,6.8057e-05,7.4396e-05,8.0755e-05,8.7105e-05,9.342e-05,9.9672e-05,0.00010584,0.00011189,0.0001178,0.00012355,0.0001291,0.00013445,0.00013955,0.00014439,0.00014894,0.00015318,0.00015707,0.0001606,0.00016374,0.00016647,0.00016876,0.0001706,0.00017196,0.00017284,0.0001732,0.00017305,0.00017237,0.00017115,0.00016939,0.00016709,0.00016426,0.0001609,0.00015703,0.00015265,0.0001478,0.0001425,0.00013678,0.00013066,0.0001242,0.00011743,0.00011039,0.00010314,9.5729e-05,8.8209e-05,8.0637e-05,7.3071e-05,6.5569e-05,5.8188e-05,5.0989e-05,4.4027e-05,3.7358e-05,3.1034e-05,2.5107e-05,1.9622e-05,1.4622e-05,1.0143e-05,6.216e-06,2.8664e-06,1.1102e-07,-2.0417e-06,-3.5934e-06,-4.5576e-06,-4.9627e-06,-4.8553e-06,-4.3054e-06,-3.4142e-06,-2.3227e-06,-1.2222e-06,-3.5717e-07,0
0,-6.8175e-07,-1.6188e-06,-2.1637e-06,-1.8953e-06,-5.6153e-07,1.969e-06,5.7442e-06,1.0756e-05,1.6958e-05,2.4281e-05,3.2641e-05,4.1947e-05,5.2102e-05,6.3012e-05,7.4581e-05,8.672e-05,9.934e-05,0.00011236,0.0001257,0.00013928,0.00015303,0.00016689,0.00018079,0.00019467,0.00020847,0.00022213,0.00023559,0.0002488,0.00026169,0.00027423,0.00028634,0.00029798,0.00030909,0.00031961,0.00032949,0.00033868,0.00034712,0.00035475,0.00036154,0.00036742,0.00037235,0.00037629,0.0003792,0.00038104,0.00038177,0.00038138,0.00037984,0.00037714,0.00037327,0.00036824,0.00036206,0.00035473,0.0003463,0.00033679,0.00032626,0.00031475,0.00030234,0.00028909,0.00027508,0.00026042,0.00024518,0.00022949,0.00021345,0.00019717,0.00018077,0.00016438,0.00014812,0.00013212,0.00011649,0.00010137,8.6859e-05,7.3081e-05,6.0137e-05,4.8127e-05,3.7139e-05,2.7251e-05,1.8527e-05,1.1017e-05,4.7577e-06,-2.3697e-07,-3.9727e-06,-6.4807e-06,-7.8229e-06,-8.0977e-06,-7.4491e-06,-6.0773e-06,-4.2521e-06,-2.3252e-06,-7.3651e-07,0
0,-8.3371e-07,-1.7707e-06,-1.9001e-06,-6.2187e-07,2.433e-06,7.4637e-06,1.4547e-05,2.3675e-05,3.4779e-05,4.7752e-05,6.2461e-05,7.8759e-05,9.6492e-05,0.0001155,0.00013563,0.00015673,0.00017865,0.00020125,0.0002244,0.00024797,0.00027183,0.00029587,0.00031997,0.00034403,0.00036795,0.00039161,0.00041493,0.0004378,0.00046012,0.00048181,0.00050275,0.00052286,0.00054205,0.00056021,0.00057725,0.00059307,0.0006076,0.00062073,0.00063238,0.00064246,0.0006509,0.00065762,0.00066255,0.00066563,0.00066682,0.00066606,0.00066333,0.00065861,0.00065187,0.00064314,0.00063243,0.00061977,0.00060521,0.00058881,0.00057066,0.00055084,0.00052946,0.00050666,0.00048257,0.00045735,0.00043115,0.00040416,0.00037657,0.00034857,0.00032036,0.00029216,0.00026416,0.00023659,0.00020964,0.00018354,0.00015846,0.00013461,0.00011217,9.1286e-05,7.2122e-05,5.4804e-05,3.9441e-05,2.6116e-05,1.4886e-05,5.774e-06,-1.2315e-06,-6.185e-06,-9.1904e-06,-1.041e-05,-1.0076e-05,-8.5058e-06,-6.1148e-06,-3.4361e-06,-1.132e-06,0
0,-8.3246e-07,-1.3957e-06,-5.4886e-07,2.4702e-06,8.137e-06,1.6712e-05,2.8299e-05,4.2883e-05,6.0372e-05,8.0615e-05,0.00010342,0.00012859,0.00015588,0.00018508,0.00021595,0.00024827,0.00028183,0.0003164,0.0003518,0.00038782,0.00042428,0.000461,0.00049782,0.00053456,0.00057106,0.00060718,0.00064275,0.00067763,0.00071166,0.0007447,0.0007766,0.00080722,0.00083641,0.00086402,0.00088991,0.00091394,0.00093598,0.00095588,0.00097351,0.00098875,0.0010015,0.0010116,0.001019,0.0010236,0.0010253,0.001024,0.0010198,0.0010125,0.0010022,0.0009889,0.00097257,0.00095331,0.00093117,0.00090626,0.00087869,0.00084862,0.00081619,0.00078162,0.00074509,0.00070685,0.00066715,0.00062624,0.00058441,0.00054195,0.00049917,0.00045637,0.00041387,0.00037198,0.00033102,0.00029128,0.00025308,0.00021668,0.00018236,0.00015036,0.0001209,9.4178e-05,7.0351e-05,4.9545e-05,3.1839e-05,1.727e-05,5.8182e-06,-2.5969e-06,-8.1264e-06,-1.1004e-05,-1.1558e-05,-1.0232e-05,-7.599e-06,-4.3836e-06,-1.485e-06,0
0,-6.5498e-07,-4.1074e-07,2.0562e-06,7.6396e-06,1.6902e-05,3.0153e-05,4.7509e-05,6.8948e-05,9.4342e-05,0.00012349,0.00015615,0.00019203,0.00023083,0.00027225,0.00031597,0.0003617,0.00040912,0.00045795,0.00050792,0.00055874,0.00061017,0.00066195,0.00071385,0.00076563,0.00081706,0.00086793,0.00091801,0.00096711,0.001015,0.0010615,0.0011063,0.0011493,0.0011903,0.0012291,0.0012654,0.0012991,0.00133,0.0013579,0.0013825,0.0014038,0.0014216,0.0014356,0.0014459,0.0014522,0.0014545,0.0014526,0.0014466,0.0014363,0.0014218,0.001403,0.0013801,0.001353,0.001322,0.0012871,0.0012484,0.0012063,0.0011609,0.0011125,0.0010614,0.0010078,0.00095226,0.00089499,0.00083642,0.00077695,0.00071701,0.00065703,0.00059742,0.00053864,0.0004811,0.00042524,0.00037146,0.00032014,0.00027167,0.00022637,0.00018455,0.00014647,0.00011236,8.2393e-05,5.6671e-05,3.5246e-05,1.8093e-05,5.1054e-06,-3.9183e-06,-9.2855e-06,-1.1427e-05,-1.0913e-05,-8.4802e-06,-5.0493e-06,-1.7589e-06,0
0,-2.9159e-07,1.2272e-06,6.0088e-06,1.5041e-05,2.8948e-05,4.8066e-05,7.2515e-05,0.00010225,0.0001371,0.00017681,0.00022106,0.00026949,0.00032172,0.00037735,0.00043598,0.00049721,0.00056066,0.00062595,0.00069271,0.00076059,0.00082924,0.00089835,0.00096758,0.0010366,0.0011052,0.001173,0.0012398,0.0013052,0.0013689,0.0014308,0.0014905,0.0015477,0.0016022,0.0016537,0.001702,0.0017467,0.0017877,0.0018246,0.0018573,0.0018854,0.0019089,0.0019275,0.001941,0.0019493,0.0019522,0.0019496,0.0019415,0.0019277,0.0019084,0.0018834,0.001853,0.0018171,0.0017758,0.0017295,0.0016783,0.0016224,0.0015623,0.0014981,0.0014304,0.0013594,0.0012858,0.0012099,0.0011322,0.0010533,0.00097382,0.00089419,0.00081503,0.00073689,0.00066035,0.00058596,0.00051425,0.00044573,0.00038088,0.00032015,0.00026393,0.00021257,0.00016636,0.00012552,9.0205e-05,6.0472e-05,3.6296e-05,1.7544e-05,3.9674e-06,-4.8168e-06,-9.34e-06,-1.0304e-05,-8.6038e-06,-5.356e-06,-1.9316e-06,0
0,2.6017e-07,3.5363e-06,1.1355e-05,2.4759e-05,4.4399e-05,7.0619e-05,0.00010352,0.00014303,0.00018891,0.00024084,0.00029844,0.00036125,0.00042879,0.00050058,0.00057612,0.00065492,0.00073649,0.00082036,0.00090606,0.00099315,0.0010812,0.0011698,0.0012585,0.001347,0.0014348,0.0015216,0.0016071,0.0016908,0.0017723,0.0018515,0.0019278,0.0020009,0.0020705,0.0021363,0.0021979,0.0022549,0.0023072,0.0023542,0.0023959,0.0024317,0.0024616,0.0024852,0.0025023,0.0025128,0.0025164,0.002513,0.0025026,0.002485,0.0024603,0.0024284,0.0023896,0.0023438,0.0022913,0.0022323,0.002167,0.0020959,0.0020193,0.0019376,0.0018513,0.001761,0.0016672,0.0015705,0.0014715,0.001371,0.0012696,0.001168,0.0010669,0.00096708,0.0008692,0.00077396,0.00068204,0.00059408,0.00051069,0.00043242,0.00035978,0.0002932,0.00023306,0.00017962,0.00013309,9.3543e-05,6.0961e-05,3.5187e-05,1.5925e-05,2.7204e-06,-5.0571e-06,-8.2359e-06,-7.8674e-06,-5.2551e-06,-1.991e-06,0
0,9.989e-07,6.5196e-06,1.8111e-05,3.6827e-05,6.3315e-05,9.7898e-05,0.00014064,0.00019141,0.00024991,0.00031575,0.00038843,0.00046743,0.00055217,0.00064204,0.00073647,0.00083484,0.00093656,0.0010411,0.0011478,0.0012562,0.0013657,0.0014759,0.0015862,0.0016961,0.0018052,0.001913,0.0020191,0.002123,0.0022242,0.0023224,0.002417,0.0025077,0.0025939,0.0026754,0.0027517,0.0028224,0.002887,0.0029453,0.0029967,0.0030411,0.003078,0.0031071,0.0031282,0.0031411,0.0031455,0.0031413,0.0031283,0.0031066,0.003076,0.0030366,0.0029886,0.002932,0.0028672,0.0027943,0.0027137,0.0026259,0.0025313,0.0024304,0.0023238,0.0022122,0.0020962,0.0019767,0.0018544,0.00173,0.0016045,0.0014787,0.0013534,0.0012296,0.0011081,0.00098974,0.00087537,0.00076578,0.00066169,0.00056379,0.0004727,0.00038897,0.00031302,0.00024523,0.00018582,0.00013492,9.2497e-05,5.8384e-05,3.2243e-05,1.3553e-05,1.5894e-06,-4.5969e-06,-6.206e-06,-4.7183e-06,-1.9307e-06,0
0,1.9212e-06,1.0172e-05,2.6273e-05,5.125e-05,8.571e-05,0.00012993,0.00018391,0.00024744,0.00032016,0.00040157,0.0004911,0.00058809,0.00069187,0.00080173,0.00091697,0.0010369,0.0011607,0.0012879,0.0014177,0.0015494,0.0016824,0.0018162,0.00195,0.0020834,0.0022158,0.0023465,0.0024751,0.002601,0.0027236,0.0028425,0.0029571,0.0030668,0.0031713,0.0032699,0.0033622,0.0034476,0.0035258,0.0035962,0.0036584,0.003712,0.0037566,0.0037918,0.0038173,0.0038328,0.0038382,0.0038331,0.0038175,0.0037912,0.0037544,0.0037069,0.003649,0.0035808,0.0035026,0.0034148,0.0033177,0.0032118,0.0030977,0.002976,0.0028474,0.0027128,0.0025729,0.0024285,0.0022807,0.0021305,0.0019787,0.0018265,0.0016749,0.0015248,0.0013775,0.0012338,0.0010948,0.00096135,0.00083443,0.00071481,0.00060324,0.00050038,0.00040676,0.00032281,0.00024883,0.00018497,0.00013122,8.7398e-05,5.3133e-05,2.7842e-05,1.0713e-05,6.8552e-07,-3.5807e-06,-3.7303e-06,-1.7484e-06,0
0,3.0226e-06,1.4481e-05,3.5825e-05,6.8008e-05,0.00011156,0.00016669,0.00023331,0.00031112,0.00039965,0.00049831,0.0006064,0.00072318,0.00084784,0.00097956,0.0011175,0.0012609,0.0014089,0.0015606,0.0017154,0.0018724,0.0020309,0.0021902,0.0023496,0.0025083,0.0026658,0.0028213,0.0029742,0.0031238,0.0032696,0.0034109,0.003547,0.0036774,0.0038015,0.0039186,0.0040281,0.0041296,0.0042223,0.0043059,0.0043797,0.0044433,0.0044962,0.004538,0.0045683,0.0045868,0.0045933,0.0045874,0.004569,0.0045381,0.0044946,0.0044385,0.0043701,0.0042896,0.0041972,0.0040933,0.0039785,0.0038533,0.0037183,0.0035744,0.0034222,0.0032628,0.0030971,0.0029261,0.002751,0.0025728,0.0023927,0.0022119,0.0020317,0.0018533,0.0016779,0.0015067,0.0013408,0.0011814,0.0010294,0.000886,0.00075189,0.00062791,0.00051469,0.00041275,0.00032245,0.00024399,0.00017738,0.00012243,7.8752e-05,4.5701e-05,2.2392e-05,7.657e-06,3.0375e-08,-2.2844e-06,-1.4437e-06,0
0,4.2984e-06,1.9435e-05,4.6744e-05,8.7069e-05,0.00014084,0.00020815,0.0002888,0.00038238,0.00048832,0.00060588,0.00073427,0.00087261,0.00102,0.0011754,0.001338,0.0015067,0.0016807,0.0018589,0.0020406,0.0022249,0.0024108,0.0025975,0.0027842,0.0029702,0.0031546,0.0033367,0.0035157,0.0036908,0.0038614,0.0040267,0.0041859,0.0043384,0.0044835,0.0046204,0.0047485,0.0048671,0.0049756,0.0050733,0.0051596,0.005234,0.0052959,0.0053449,0.0053804,0.0054022,0.00541,0.0054033,0.0053822,0.0053464,0.0052959,0.0052309,0.0051515,0.0050579,0.0049504,0.0048297,0.0046961,0.0045504,0.0043933,0.0042256,0.0040484,0.0038626,0.0036694,0.0034699,0.0032655,0.0030574,0.0028469,0.0026355,0.0024247,0.0022157,0.00201,0.001809,0.001614,0.0014264,0.0012473,0.0010779,0.00091915,0.00077201,0.00063723,0.00051541,0.000407,0.00031225,0.00023119,0.00016366,0.00010922,6.7217e-05,3.6678e-05,1.6346e-05,4.6388e-06,-3.7857e-07,-1.0178e-06,0
0,5.7435e-06,2.5018e-05,5.9001e-05,0.00010839,0.00017348,0.00025422,0.00035029,0.00046114,0.00058605,0.00072418,0.00087457,0.0010362,0.0012081,0.001389,0.001578,0.001774,0.0019759,0.0021826,0.0023931,0.0026064,0.0028215,0.0030376,0.0032535,0.0034685,0.0036817,0.0038921,0.0040989,0.0043012,0.0044982,0.0046891,0.0048729,0.005049,0.0052165,0.0053746,0.0055224,0.0056594,0.0057846,0.0058974,0.0059972,0.0060831,0.0061548,0.0062115,0.0062528,0.0062783,0.0062876,0.0062804,0.0062565,0.0062157,0.0061582,0.0060838,0.0059928,0.0058856,0.0057624,0.0056239,0.0054705,0.0053032,0.0051227,0.0049301,0.0047263,0.0045125,0.0042901,0.0040604,0.0038248,0.0035849,0.003342,0.003098,0.0028543,0.0026125,0.0023744,0.0021414,0.0019151,0.0016971,0.0014886,0.001291,0.0011055,0.00093313,0.00077477,0.00063114,0.00050277,0.00038997,0.00029284,0.00021121,0.00014465,9.246e-05,5.3614e-05,2.6774e-05,1.0251e-05,1.9869e-06,-4.7216e-07,0
0,7.3531e-06,3.1213e-05,7.2566e-05,0.00013193,0.00020943,0.00030484,0.00041769,0.00054728,0.00069273,0.00085305,0.0010271,0.0012138,0.0014119,0.0016202,0.0018375,0.0020626,0.0022941,0.0025311,0.0027722,0.0030165,0.0032627,0.0035099,0.0037569,0.0040027,0.0042463,0.0044868,0.0047231,0.0049542,0.0051792,0.0053972,0.0056073,0.0058084,0.0059996,0.0061802,0.0063491,0.0065055,0.0066486,0.0067776,0.0068917,0.0069901,0.0070722,0.0071373,0.007185,0.0072146,0.0072258,0.0072182,0.0071916,0.0071459,0.007081,0.006997,0.0068942,0.0067728,0.0066332,0.0064761,0.0063022,0.0061122,0.0059072,0.0056882,0.0054565,0.0052133,0.0049601,0.0046984,0.0044299,0.0041561,0.0038789,0.0036001,0.0033214,0.0030447,0.0027719,0.0025047,0.0022448,0.001994,0.0017539,0.001526,0.0013115,0.0011117,0.00092772,0.00076028,0.00061005,0.00047742,0.00036252,0.00026524,0.00018514,0.00012149,7.3236e-05,3.8956e-05,1.6872e-05,4.8111e-06,1.9186e-07,0
0,9.1224e-06,3.8005e-05,8.7407e-05,0.00015763,0.0002486,0.00035991,0.00049089,0.00064067,0.0008082,0.00099231,0.0011918,0.0014052,0.0016313,0.0018688,0.0021161,0.002372,0.0026351,0.0029041,0.0031778,0.0034548,0.0037339,0.0040139,0.0042937,0.0045721,0.004848,0.0051201,0.0053876,0.0056491,0.0059038,0.0061505,0.0063881,0.0066157,0.0068321,0.0070364,0.0072277,0.0074048,0.0075669,0.0077131,0.0078425,0.0079542,0.0080476,0.0081218,0.0081763,0.0082106,0.0082241,0.0082164,0.0081874,0.0081368,0.0080645,0.0079708,0.0078557,0.0077197,0.0075632,0.0073869,0.0071915,0.0069779,0.0067473,0.0065008,0.0062398,0.0059657,0.0056801,0.0053848,0.0050815,0.004772,0.0044585,0.0041428,0.003827,0.0035132,0.0032034,0.0028996,0.0026039,0.0023181,0.002044,0.0017834,0.0015377,0.0013084,0.0010965,0.00090323,0.00072917,0.00057483,0.00044044,0.00032589,0.00023079,0.00015438,9.5583e-05,5.2912e-05,2.4507e-05,8.0941e-06,9.7314e-07,0
0,1.1047e-05,4.5377e-05,0.00010349,0.00018545,0.00029093,0.00041933,0.00056976,0.00074115,0.00093227,0.0011418,0.0013682,0.0016101,0.001866,0.0021342,0.0024134,0.0027019,0.0029984,0.0033013,0.0036092,0.0039207,0.0042345,0.0045492,0.0048635,0.0051761,0.0054859,0.0057915,0.0060917,0.0063853,0.0066712,0.006948,0.0072148,0.0074702,0.0077133,0.0079427,0.0081575,0.0083566,0.0085388,0.0087033,0.008849,0.008975,0.0090804,0.0091646,0.0092267,0.0092661,0.0092824,0.009275,0.0092438,0.0091884,0.0091089,0.0090053,0.0088778,0.0087268,0.0085529,0.0083568,0.0081392,0.0079012,0.0076439,0.0073688,0.0070772,0.0067708,0.0064513,0.0061206,0.0057807,0.0054337,0.0050818,0.0047272,0.0043721,0.0040189,0.0036699,0.0033273,0.0029933,0.0026701,0.0023597,0.002064,0.0017848,0.0015235,0.0012817,0.0010604,0.00086046,0.0006825,0.0005268,0.00039333,0.00028172,0.00019122,0.0001207,6.8667e-05,3.3166e-05,1.1838e-05,1.8712e-06,0
0,1.3121e-05,5.3314e-05,0.00012078,0.00021532,0.00033634,0.000483,0.00065417,0.00084858,0.0010648,0.0013012,0.0015563,0.0018283,0.0021155,0.0024164,0.0027291,0.003052,0.0033835,0.003722,0.004066,0.0044137,0.0047639,0.005115,0.0054655,0.0058142,0.0061595,0.0065001,0.0068348,0.007162,0.0074806,0.0077892,0.0080866,0.0083714,0.0086424,0.0088983,0.009138,0.0093602,0.0095638,0.0097477,0.0099108,0.010052,0.01017,0.010265,0.010336,0.010381,0.010401,0.010394,0.010361,0.010301,0.010214,0.010101,0.0099609,0.0097947,0.009603,0.0093865,0.0091461,0.0088828,0.0085981,0.0082932,0.0079698,0.0076297,0.0072747,0.0069071,0.0065289,0.0061425,0.0057502,0.0053546,0.004958,0.0045632,0.0041726,0.0037887,0.003414,0.003051,0.0027018,0.0023686,0.0020534,0.0017579,0.0014838,0.0012323,0.0010043,0.00080075,0.00062187,0.00046776,0.00033807,0.00023208,0.00014866,8.6253e-05,4.2865e-05,1.6047e-05,2.8864e-06,0
0,1.5341e-05,6.1797e-05,0.00013925,0.00024719,0.00038475,0.0005508,0.00074398,0.00096277,0.0012055,0.0014704,0.0017556,0.0020594,0.0023797,0.0027148,0.0030628,0.0034218,0.0037901,0.004166,0.0045476,0.0049334,0.0053216,0.0057108,0.0060993,0.0064855,0.0068681,0.0072454,0.0076161,0.0079785,0.0083314,0.0086733,0.0090028,0.0093184,0.0096188,0.0099026,0.010169,0.010415,0.010641,0.010846,0.011027,0.011185,0.011317,0.011424,0.011503,0.011555,0.011579,0.011574,0.011539,0.011475,0.011381,0.011258,0.011106,0.010924,0.010714,0.010477,0.010213,0.009924,0.0096108,0.0092751,0.0089188,0.0085437,0.0081519,0.0077457,0.0073274,0.0068997,0.0064651,0.0060262,0.005586,0.0051472,0.0047126,0.0042851,0.0038672,0.0034618,0.0030713,0.0026981,0.0023444,0.0020123,0.0017034,0.0014194,0.0011612,0.00092993,0.00072594,0.00054939,0.0004,0.00027709,0.00017952,0.00010571,5.3625e-05,2.0729e-05,4.02e-06,0
0,1.7703e-05,7.0812e-05,0.00015886,0.000281,0.00043606,0.00062262,0.00083905,0.0010836,0.0013542,0.0016491,0.001966,0.0023031,0.0026581,0.0030291,0.003414,0.0038108,0.0042176,0.0046325,0.0050536,0.005479,0.005907,0.006336,0.006764,0.0071896,0.007611,0.0080266,0.0084349,0.0088342,0.0092229,0.0095996,0.0099627,0.010311,0.010642,0.010955,0.011248,0.011521,0.011771,0.011997,0.012198,0.012373,0.012521,0.01264,0.01273,0.012789,0.012817,0.012814,0.012778,0.012711,0.01261,0.012478,0.012313,0.012116,0.011888,0.011629,0.011342,0.011026,0.010683,0.010316,0.0099257,0.0095143,0.0090842,0.0086378,0.0081778,0.0077069,0.0072279,0.0067438,0.0062577,0.0057725,0.0052915,0.0048177,0.0043541,0.0039037,0.0034692,0.0030534,0.0026587,0.0022873,0.0019413,0.0016223,0.0013317,0.0010705,0.00083934,0.00063849,0.00046772,0.00032639,0.00021338,0.00012711,6.5474e-05,2.5896e-05,5.2743e-06,0
0,2.0202e-05,8.0342e-05,0.00017957,0.0003167,0.0004902,0.00069835,0.00093922,0.0012107,0.0015107,0.001837,0.0021872,0.0025591,0.0029504,0.0033589,0.0037824,0.0042186,0.0046656,0.0051211,0.0055832,0.00605,0.0065195,0.0069898,0.0074591,0.0079256,0.0083875,0.008843,0.0092905,0.0097281,0.010154,0.010567,0.010965,0.011347,0.011711,0.012055,0.012377,0.012677,0.012952,0.013201,0.013423,0.013617,0.013781,0.013913,0.014014,0.014082,0.014116,0.014115,0.014079,0.014008,0.013902,0.01376,0.013583,0.013371,0.013124,0.012845,0.012533,0.01219,0.011817,0.011417,0.010992,0.010543,0.010073,0.0095852,0.0090817,0.0085657,0.0080404,0.0075088,0.0069745,0.0064407,0.0059108,0.0053881,0.0048762,0.004378,0.0038969,0.0034357,0.0029972,0.002584,0.0021981,0.0018417,0.0015162,0.0012229,0.00096246,0.00073536,0.00054144,0.00038013,0.00025035,0.00015049,7.8449e-05,3.1563e-05,6.6528e-06,0
0,2.2833e-05,9.0369e-05,0.00020136,0.00035421,0.00054708,0.00077786,0.0010443,0.0013441,0.0016748,0.0020338,0.0024187,0.002827,0.0032562,0.0037037,0.0041673,0.0046446,0.0051333,0.0056312,0.006136,0.0066458,0.0071583,0.0076716,0.0081837,0.0086928,0.0091967,0.0096938,0.010182,0.01066,0.011125,0.011576,0.012011,0.012427,0.012825,0.013201,0.013554,0.013882,0.014184,0.014458,0.014702,0.014915,0.015096,0.015244,0.015357,0.015434,0.015474,0.015477,0.015442,0.015369,0.015257,0.015106,0.014917,0.014689,0.014425,0.014124,0.013787,0.013417,0.013014,0.012581,0.012119,0.011632,0.011121,0.01059,0.010041,0.009478,0.0089043,0.0083232,0.0077383,0.0071533,0.0065719,0.0059979,0.0054348,0.0048862,0.0043556,0.0038462,0.0033612,0.0029032,0.0024749,0.0020784,0.0017155,0.0013876,0.0010957,0.00084034,0.00062144,0.00043853,0.00029056,0.00017597,9.2596e-05,3.7749e-05,8.1599e-06,0
0,2.5591e-05,0.00010088,0.00022417,0.00039349,0.00060659,0.00086103,0.0011542,0.0014835,0.0018461,0.0022394,0.0026604,0.0031065,0.003575,0.0040632,0.0045685,0.0050884,0.0056204,0.0061621,0.0067113,0.0072655,0.0078227,0.0083807,0.0089372,0.0094903,0.010038,0.010578,0.011109,0.011628,0.012134,0.012624,0.013097,0.013551,0.013983,0.014393,0.014778,0.015136,0.015466,0.015766,0.016033,0.016268,0.016468,0.016632,0.016758,0.016845,0.016893,0.016901,0.016867,0.016792,0.016675,0.016516,0.016315,0.016073,0.015791,0.015468,0.015107,0.014708,0.014275,0.013807,0.013309,0.012782,0.012229,0.011653,0.011057,0.010446,0.0098215,0.0091887,0.0085509,0.0079123,0.0072769,0.0066486,0.0060316,0.0054297,0.0048467,0.0042862,0.0037516,0.0032461,0.0027725,0.0023332,0.0019303,0.0015654,0.0012397,0.00095384,0.00070802,0.00050179,0.00033417,0.00020362,0.00010797,4.4478e-05,9.8014e-06,0
0,2.8473e-05,0.00011185,0.00024798,0.00043447,0.00066865,0.00094771,0.0012687,0.0016287,0.0020245,0.0024533,0.0029118,0.0033972,0.0039064,0.0044367,0.0049852,0.0055492,0.0061261,0.0067133,0.0073083,0.0079086,0.008512,0.0091161,0.0097187,0.010317,0.01091,0.011495,0.01207,0.012632,0.01318,0.013711,0.014224,0.014716,0.015185,0.01563,0.016049,0.016438,0.016798,0.017125,0.017418,0.017675,0.017895,0.018076,0.018217,0.018316,0.018373,0.018386,0.018355,0.018279,0.018158,0.017991,0.017779,0.017523,0.017222,0.016878,0.016493,0.016066,0.015601,0.015099,0.014563,0.013995,0.013399,0.012777,0.012133,0.011471,0.010794,0.010107,0.0094143,0.0087196,0.0080274,0.0073422,0.0066684,0.0060101,0.0053717,0.0047571,0.00417,0.0036139,0.003092,0.002607,0.0021613,0.0017568,0.0013948,0.0010763,0.00080151,0.00057017,0.00038135,0.00023356,0.00012463,5.1778e-05,1.1584e-05,0
0,3.1473e-05,0.00012326,0.00027275,0.00047707,0.00073315,0.0010378,0.0013876,0.0017794,0.0022097,0.0026752,0.0031726,0.0036986,0.00425,0.0048238,0.005417,0.0060266,0.0066498,0.0072839,0.0079263,0.0085743,0.0092254,0.0098772,0.010527,0.011173,0.011813,0.012444,0.013064,0.013671,0.014262,0.014836,0.01539,0.015922,0.01643,0.016912,0.017365,0.017788,0.018178,0.018534,0.018854,0.019135,0.019376,0.019576,0.019733,0.019845,0.019912,0.019932,0.019905,0.019829,0.019705,0.019531,0.01931,0.019039,0.018721,0.018356,0.017946,0.017491,0.016994,0.016457,0.015883,0.015273,0.014632,0.013963,0.013269,0.012555,0.011824,0.011081,0.010331,0.0095771,0.0088255,0.0080805,0.0073469,0.0066293,0.0059324,0.0052604,0.0046176,0.0040078,0.0034345,0.0029008,0.0024094,0.0019625,0.0015618,0.0012082,0.00090232,0.00064395,0.00043231,0.00026592,0.00014265,5.9682e-05,1.3517e-05,0
0,3.4585e-05,0.0001351,0.00029842,0.00052122,0.00079998,0.0011311,0.0015108,0.0019355,0.0024014,0.0029049,0.0034423,0.0040103,0.0046053,0.005224,0.0058632,0.0065198,0.0071909,0.0078734,0.0085645,0.0092616,0.0099619,0.010663,0.011362,0.012057,0.012745,0.013423,0.01409,0.014743,0.01538,0.015998,0.016595,0.017168,0.017716,0.018236,0.018726,0.019184,0.019607,0.019993,0.020341,0.020648,0.020912,0.021132,0.021307,0.021434,0.021512,0.02154,0.021517,0.021443,0.021316,0.021138,0.020906,0.020623,0.020288,0.019903,0.019468,0.018985,0.018456,0.017884,0.01727,0.016619,0.015932,0.015214,0.014469,0.013701,0.012913,0.012112,0.011302,0.010487,0.0096733,0.0088656,0.0080692,0.0072891,0.0065304,0.0057978,0.005096,0.0044292,0.0038012,0.0032157,0.0026757,0.0021835,0.0017412,0.0013501,0.0010108,0.00072346,0.00048727,0.00030086,0.00016212,6.8226e-05,1.5608e-05,0
0,3.7805e-05,0.00014734,0.00032497,0.00056686,0.00086904,0.0012275,0.001638,0.0020966,0.0025992,0.0031419,0.0037207,0.0043318,0.0049716,0.0056366,0.0063233,0.0070283,0.0077485,0.0084808,0.0092222,0.0099698,0.010721,0.011472,0.012222,0.012967,0.013705,0.014432,0.015148,0.015849,0.016532,0.017196,0.017837,0.018454,0.019043,0.019603,0.020131,0.020625,0.021082,0.021501,0.021878,0.022212,0.022501,0.022744,0.022937,0.02308,0.023171,0.023209,0.023192,0.023121,0.022993,0.02281,0.02257,0.022275,0.021924,0.021518,0.021059,0.020549,0.019988,0.01938,0.018727,0.018033,0.0173,0.016532,0.015734,0.01491,0.014064,0.013203,0.01233,0.011452,0.010573,0.0096995,0.0088371,0.0079914,0.0071675,0.006371,0.0056067,0.0048795,0.0041936,0.003553,0.002961,0.0024205,0.0019339,0.0015026,0.0011276,0.00080905,0.00054647,0.00033852,0.00018313,7.7454e-05,1.7869e-05,0
0,4.1127e-05,0.00015996,0.00035234,0.00061391,0.00094022,0.0013268,0.001769,0.0022626,0.0028029,0.0033859,0.0040072,0.0046627,0.0053486,0.0060611,0.0067965,0.0075512,0.0083219,0.0091053,0.0098983,0.010698,0.011501,0.012304,0.013106,0.013903,0.014691,0.01547,0.016235,0.016985,0.017717,0.018428,0.019115,0.019776,0.020409,0.021011,0.021579,0.02211,0.022604,0.023056,0.023465,0.023828,0.024143,0.024409,0.024623,0.024784,0.024889,0.024938,0.024929,0.024862,0.024735,0.024548,0.024302,0.023995,0.023629,0.023204,0.022721,0.022183,0.021591,0.020947,0.020255,0.019517,0.018736,0.017918,0.017066,0.016185,0.015279,0.014355,0.013418,0.012473,0.011526,0.010584,0.009653,0.0087381,0.0078458,0.0069818,0.0061516,0.0053603,0.0046129,0.0039137,0.0032665,0.0026746,0.0021406,0.0016663,0.001253,0.00090109,0.00061018,0.00037909,0.00020578,8.741e-05,2.0312e-05,0
0,4.4545e-05,0.00017295,0.00038048,0.00066228,0.0010134,0.0014288,0.0019037,0.0024331,0.0030122,0.0036365,0.0043014,0.0050025,0.0057357,0.0064968,0.0072821,0.0080878,0.0089103,0.0097462,0.010592,0.011445,0.012301,0.013158,0.014013,0.014862,0.015704,0.016535,0.017352,0.018152,0.018934,0.019693,0.020428,0.021135,0.021813,0.022458,0.023067,0.023638,0.024169,0.024657,0.025099,0.025493,0.025837,0.026128,0.026364,0.026544,0.026666,0.026728,0.026728,0.026667,0.026542,0.026353,0.0261,0.025783,0.025403,0.02496,0.024455,0.023889,0.023266,0.022587,0.021854,0.021072,0.020244,0.019374,0.018467,0.017527,0.01656,0.015571,0.014567,0.013553,0.012536,0.011522,0.010519,0.0095315,0.0085672,0.0076321,0.0067322,0.0058733,0.0050608,0.0042994,0.0035934,0.0029467,0.0023621,0.0018419,0.0013877,0.001,0.00067872,0.00042276,0.00023018,9.8147e-05,2.295e-05,0
0,4.8052e-05,0.00018627,0.00040936,0.00071189,0.0010884,0.0015335,0.0020417,0.0026078,0.0032267,0.0038933,0.0046028,0.0053506,0.0061321,0.0069431,0.0077795,0.0086374,0.0095129,0.010402,0.011302,0.01221,0.013121,0.014032,0.014942,0.015846,0.016741,0.017625,0.018495,0.019348,0.02018,0.02099,0.021774,0.022529,0.023253,0.023943,0.024595,0.025208,0.025778,0.026303,0.02678,0.027206,0.02758,0.027898,0.028159,0.02836,0.0285,0.028576,0.028588,0.028534,0.028412,0.028223,0.027966,0.02764,0.027247,0.026786,0.026259,0.025668,0.025014,0.024299,0.023527,0.022701,0.021825,0.020902,0.019938,0.018938,0.017908,0.016853,0.015779,0.014694,0.013604,0.012516,0.011437,0.010374,0.0093337,0.0083238,0.0073505,0.0064201,0.0055386,0.0047113,0.003943,0.0032379,0.0025994,0.0020302,0.0015322,0.0011062,0.00075239,0.00046974,0.00025645,0.00010972,2.5796e-05,0
0,5.1643e-05,0.00019991,0.0004389,0.00076265,0.0011652,0.0016405,0.0021829,0.0027866,0.003446,0.0041559,0.004911,0.0057064,0.0065374,0.0073993,0.0082879,0.009199,0.010129,0.011073,0.012028,0.012991,0.013958,0.014926,0.015891,0.01685,0.017801,0.01874,0.019664,0.02057,0.021455,0.022317,0.023151,0.023956,0.024727,0.025463,0.026161,0.026816,0.027428,0.027992,0.028505,0.028966,0.029371,0.029719,0.030006,0.03023,0.03039,0.030483,0.030507,0.030462,0.030346,0.030158,0.029898,0.029565,0.02916,0.028684,0.028136,0.027519,0.026835,0.026085,0.025274,0.024404,0.023479,0.022503,0.021482,0.020421,0.019326,0.018202,0.017058,0.015899,0.014733,0.013567,0.012409,0.011267,0.010147,0.009059,0.0080084,0.0070026,0.0060481,0.0051509,0.0043164,0.0035492,0.0028534,0.002232,0.0016872,0.0012203,0.00083154,0.00052027,0.00028473,0.00012219,2.8868e-05,0
0,5.5311e-05,0.00021384,0.00046907,0.00081447,0.0012435,0.0017498,0.002327,0.002969,0.0036698,0.0044238,0.0052254,0.0060694,0.0069508,0.0078646,0.0088065,0.0097719,0.010757,0.011757,0.012769,0.013788,0.014812,0.015837,0.016859,0.017875,0.018882,0.019877,0.020857,0.021818,0.022757,0.023671,0.024558,0.025413,0.026234,0.027019,0.027762,0.028463,0.029117,0.029721,0.030274,0.030771,0.03121,0.031588,0.031903,0.032152,0.032334,0.032445,0.032485,0.032451,0.032342,0.032157,0.031896,0.031558,0.031143,0.030651,0.030084,0.029443,0.02873,0.027946,0.027096,0.026181,0.025208,0.024179,0.0231,0.021977,0.020815,0.019622,0.018404,0.017169,0.015924,0.014678,0.013438,0.012213,0.011011,0.0098397,0.0087078,0.0076225,0.0065909,0.0056198,0.0047151,0.0038821,0.0031252,0.0024481,0.0018533,0.0013426,0.00091654,0.00057458,0.00031516,0.00013562,3.2183e-05,0
0,5.9048e-05,0.00022802,0.0004998,0.00086726,0.0013233,0.0018611,0.0024738,0.0031548,0.0038978,0.0046966,0.0055456,0.006439,0.0073716,0.0083384,0.0093343,0.010355,0.011396,0.012453,0.013522,0.0146,0.015682,0.016764,0.017845,0.018919,0.019984,0.021036,0.022072,0.023089,0.024084,0.025052,0.025992,0.0269,0.027772,0.028606,0.029397,0.030144,0.030843,0.03149,0.032082,0.032617,0.033092,0.033503,0.033848,0.034125,0.03433,0.034462,0.034518,0.034498,0.034398,0.034219,0.033958,0.033616,0.033193,0.032688,0.032103,0.031439,0.030698,0.029881,0.028992,0.028035,0.027012,0.02593,0.024793,0.023606,0.022377,0.021113,0.01982,0.018506,0.01718,0.01585,0.014525,0.013214,0.011925,0.010668,0.0094506,0.0082816,0.0071688,0.0061196,0.0051405,0.0042375,0.0034157,0.0026793,0.0020313,0.0014738,0.0010078,0.00063293,0.0003479,0.00015009,3.5757e-05,0
0,6.2847e-05,0.00024245,0.00053104,0.00092092,0.0014045,0.0019742,0.0026229,0.0033435,0.0041294,0.0049739,0.0058709,0.0068146,0.0077993,0.0088197,0.0098707,0.010947,0.012045,0.01316,0.014288,0.015424,0.016565,0.017707,0.018846,0.01998,0.021103,0.022214,0.023308,0.024382,0.025433,0.026457,0.027452,0.028413,0.029338,0.030222,0.031064,0.031858,0.032603,0.033294,0.033929,0.034504,0.035016,0.035462,0.03584,0.036145,0.036376,0.036531,0.036606,0.036601,0.036513,0.03634,0.036083,0.035739,0.03531,0.034794,0.034192,0.033507,0.032739,0.03189,0.030964,0.029963,0.028893,0.027757,0.026561,0.025311,0.024014,0.022676,0.021306,0.019912,0.018503,0.017086,0.015673,0.014272,0.012893,0.011546,0.010239,0.008982,0.0077836,0.0066518,0.005594,0.0046169,0.0037262,0.0029266,0.0022219,0.0016145,0.0011057,0.00069561,0.00038309,0.00016566,3.9612e-05,0
0,6.67e-05,0.00025707,0.00056273,0.00097535,0.0014868,0.0020889,0.0027742,0.003535,0.0043643,0.0052551,0.0062009,0.0071955,0.008233,0.0093078,0.010415,0.011548,0.012704,0.013878,0.015064,0.01626,0.017461,0.018663,0.019862,0.021056,0.022239,0.023409,0.024562,0.025694,0.026803,0.027884,0.028935,0.029951,0.030929,0.031866,0.032759,0.033603,0.034395,0.035132,0.035811,0.036428,0.036979,0.037462,0.037874,0.03821,0.03847,0.038649,0.038746,0.038758,0.038683,0.03852,0.038268,0.037925,0.037491,0.036966,0.03635,0.035645,0.034851,0.033972,0.033009,0.031967,0.030849,0.02966,0.028405,0.027091,0.025725,0.024314,0.022866,0.021389,0.019894,0.018389,0.016884,0.01539,0.013917,0.012475,0.011075,0.0097254,0.0084369,0.0072181,0.0060772,0.0050216,0.0040577,0.0031911,0.0024258,0.0017651,0.0012107,0.0007629,0.00042091,0.00018241,4.3768e-05,0
0,7.0601e-05,0.00027188,0.00059481,0.0010304,0.00157,0.0022051,0.0029273,0.0037288,0.004602,0.0055397,0.0065348,0.007581,0.0086719,0.0098018,0.010965,0.012156,0.013371,0.014604,0.01585,0.017106,0.018368,0.019631,0.020891,0.022145,0.023389,0.024619,0.025832,0.027024,0.028191,0.02933,0.030438,0.03151,0.032543,0.033534,0.034479,0.035374,0.036216,0.037001,0.037725,0.038385,0.038978,0.0395,0.039947,0.040317,0.040607,0.040813,0.040933,0.040965,0.040907,0.040755,0.04051,0.04017,0.039734,0.039202,0.038574,0.037851,0.037034,0.036125,0.035128,0.034045,0.03288,0.031639,0.030326,0.028948,0.027512,0.026026,0.024498,0.022938,0.021354,0.019758,0.018159,0.016569,0.014998,0.013458,0.01196,0.010514,0.0091307,0.0078202,0.0065915,0.0054529,0.0044115,0.0034735,0.0026439,0.0019264,0.0013232,0.00083511,0.00046155,0.00020044,4.8248e-05,0
0,7.454e-05,0.00028684,0.00062721,0.0010861,0.0016542,0.0023224,0.003082,0.0039246,0.0048422,0.0058272,0.0068722,0.0079705,0.0091154,0.010301,0.011521,0.012771,0.014044,0.015337,0.016644,0.017962,0.019284,0.020609,0.021931,0.023246,0.024551,0.025843,0.027116,0.028368,0.029595,0.030793,0.031959,0.033088,0.034178,0.035224,0.036222,0.037169,0.038062,0.038896,0.039667,0.040373,0.041009,0.041571,0.042057,0.042462,0.042784,0.04302,0.043166,0.04322,0.043179,0.043042,0.042807,0.042472,0.042036,0.041499,0.040861,0.040122,0.039285,0.038349,0.037318,0.036196,0.034986,0.033693,0.032322,0.030881,0.029375,0.027814,0.026206,0.02456,0.022886,0.021196,0.0195,0.01781,0.016139,0.014496,0.012896,0.011349,0.0098666,0.0084598,0.0071386,0.0059122,0.0047886,0.003775,0.0028771,0.002099,0.0014438,0.00091256,0.0005052,0.00021983,5.3076e-05,0
0,7.8511e-05,0.00030191,0.00065987,0.0011422,0.001739,0.0024407,0.003238,0.0041221,0.0050845,0.0061171,0.0072124,0.0083632,0.0095626,0.010804,0.012082,0.01339,0.014724,0.016077,0.017445,0.018824,0.020209,0.021595,0.022979,0.024357,0.025724,0.027077,0.028412,0.029725,0.031012,0.03227,0.033494,0.034682,0.035829,0.036931,0.037984,0.038985,0.03993,0.040814,0.041635,0.042387,0.043068,0.043673,0.044198,0.044641,0.044998,0.045265,0.045439,0.045517,0.045498,0.045377,0.045154,0.044827,0.044394,0.043855,0.043209,0.042457,0.0416,0.04064,0.039578,0.038418,0.037164,0.035821,0.034394,0.032889,0.031314,0.029677,0.027988,0.026255,0.02449,0.022704,0.020909,0.019117,0.01734,0.015592,0.013885,0.012233,0.010646,0.0091385,0.0077199,0.0064008,0.0051905,0.0040967,0.0031261,0.0022836,0.0015728,0.00099559,0.00055204,0.00024067,5.8275e-05,0
0,8.2504e-05,0.00031708,0.00069272,0.0011987,0.0018244,0.0025597,0.003395,0.0043208,0.0053283,0.0064089,0.0075549,0.0087585,0.010013,0.011311,0.012647,0.014014,0.015407,0.016821,0.018251,0.019692,0.021139,0.022588,0.024035,0.025475,0.026904,0.02832,0.029716,0.031091,0.032439,0.033758,0.035042,0.036289,0.037493,0.038652,0.039762,0.040818,0.041816,0.042752,0.043623,0.044423,0.04515,0.0458,0.046367,0.046849,0.047243,0.047543,0.047748,0.047853,0.047856,0.047755,0.047547,0.04723,0.046803,0.046264,0.045613,0.044851,0.043978,0.042995,0.041904,0.040709,0.039413,0.038021,0.036538,0.034971,0.033327,0.031615,0.029844,0.028024,0.026167,0.024283,0.022386,0.020488,0.018604,0.016746,0.014929,0.013167,0.011472,0.0098579,0.008337,0.0069203,0.0056182,0.0044395,0.0033918,0.0024809,0.0017109,0.0010845,0.0006023,0.00026306,6.3874e-05,0
0,8.6512e-05,0.0003323,0.00072572,0.0012553,0.0019101,0.0026793,0.0035527,0.0045204,0.0055732,0.0067021,0.0078989,0.0091557,0.010465,0.01182,0.013214,0.01464,0.016094,0.017569,0.019061,0.020564,0.022074,0.023585,0.025095,0.026598,0.02809,0.029568,0.031027,0.032464,0.033874,0.035253,0.036598,0.037904,0.039168,0.040385,0.041551,0.042663,0.043715,0.044705,0.045627,0.046477,0.047252,0.047947,0.048559,0.049082,0.049514,0.04985,0.050087,0.050222,0.050251,0.050171,0.049981,0.049677,0.049258,0.048722,0.04807,0.0473,0.046413,0.04541,0.044293,0.043065,0.041729,0.04029,0.038753,0.037126,0.035414,0.033627,0.031775,0.029867,0.027916,0.025933,0.023932,0.021927,0.019931,0.017961,0.016029,0.014153,0.012345,0.01062,0.0089913,0.007472,0.0060731,0.0048047,0.0036752,0.0026915,0.0018586,0.0011798,0.00065618,0.0002871,6.9898e-05,0
0,9.0526e-05,0.00034756,0.00075878,0.0013122,0.001996,0.0027992,0.0037108,0.0047206,0.0058188,0.0069962,0.008244,0.009554,0.010919,0.01233,0.013783,0.015269,0.016783,0.018319,0.019873,0.021438,0.023011,0.024585,0.026158,0.027724,0.02928,0.030821,0.032342,0.033841,0.035313,0.036754,0.038159,0.039526,0.040849,0.042124,0.043348,0.044516,0.045624,0.046667,0.047642,0.048544,0.049368,0.05011,0.050767,0.051334,0.051806,0.05218,0.052452,0.052618,0.052675,0.05262,0.05245,0.052162,0.051754,0.051225,0.050573,0.049798,0.0489,0.04788,0.04674,0.045482,0.044109,0.042625,0.041037,0.03935,0.037572,0.035711,0.033778,0.031783,0.029737,0.027654,0.025548,0.023433,0.021324,0.019236,0.017187,0.015192,0.013266,0.011425,0.0096844,0.0080572,0.0065564,0.0051931,0.0039771,0.0029162,0.0020164,0.0012817,0.00071391,0.0003129,7.6378e-05,0
0,9.454e-05,0.00036282,0.00079186,0.001369,0.0020821,0.0029192,0.0038691,0.004921,0.0060647,0.0072906,0.0085895,0.0099529,0.011373,0.012841,0.014352,0.015898,0.017472,0.01907,0.020686,0.022313,0.023949,0.025586,0.027222,0.028851,0.03047,0.032074,0.033658,0.035219,0.036753,0.038255,0.039722,0.041149,0.042531,0.043866,0.045148,0.046373,0.047537,0.048636,0.049664,0.050618,0.051492,0.052284,0.052987,0.053598,0.054113,0.054527,0.054836,0.055036,0.055123,0.055095,0.054947,0.054678,0.054284,0.053764,0.053117,0.05234,0.051435,0.050401,0.049241,0.047955,0.046548,0.045023,0.043385,0.041641,0.039798,0.037865,0.035852,0.033769,0.03163,0.029446,0.027233,0.025006,0.022781,0.020574,0.018403,0.016285,0.014237,0.012276,0.010418,0.0086773,0.0070693,0.005606,0.0042985,0.0031558,0.0021848,0.0013906,0.00077572,0.00034058,8.3344e-05,0
0,9.8545e-05,0.00037805,0.00082489,0.0014258,0.002168,0.003039,0.0040272,0.0051212,0.0063104,0.0075848,0.0089347,0.010351,0.011827,0.013352,0.014921,0.016526,0.018161,0.01982,0.021498,0.023188,0.024885,0.026586,0.028285,0.029977,0.031658,0.033325,0.034972,0.036595,0.038191,0.039755,0.041283,0.04277,0.044213,0.045606,0.046947,0.04823,0.04945,0.050604,0.051687,0.052693,0.05362,0.054461,0.055213,0.05587,0.056428,0.056884,0.057231,0.057467,0.057588,0.057589,0.057467,0.057219,0.056843,0.056335,0.055694,0.054919,0.05401,0.052966,0.051788,0.050479,0.049041,0.047477,0.045793,0.043995,0.04209,0.040086,0.037995,0.035826,0.033592,0.031308,0.028987,0.026647,0.024304,0.021975,0.019679,0.017435,0.01526,0.013173,0.011192,0.0093335,0.0076129,0.0060444,0.0046403,0.0034109,0.0023645,0.001507,0.00084185,0.00037023,9.0826e-05,0
0,0.00010253,0.00039323,0.00085782,0.0014824,0.0022537,0.0031586,0.004185,0.005321,0.0065557,0.0078783,0.0092793,0.010749,0.012279,0.013862,0.015489,0.017153,0.018848,0.020568,0.022307,0.024059,0.025819,0.027582,0.029343,0.031098,0.032842,0.034571,0.036281,0.037966,0.039624,0.041249,0.042837,0.044385,0.045888,0.047341,0.04874,0.05008,0.051358,0.052567,0.053705,0.054765,0.055744,0.056636,0.057437,0.058142,0.058745,0.059244,0.059632,0.059906,0.060062,0.060095,0.060001,0.059777,0.059421,0.058929,0.058298,0.057529,0.056619,0.055568,0.054377,0.053047,0.051581,0.049983,0.048255,0.046406,0.044441,0.04237,0.040202,0.037948,0.035622,0.033237,0.030809,0.028355,0.025892,0.023439,0.021015,0.01864,0.016335,0.014118,0.012009,0.010027,0.0081885,0.0065093,0.0050033,0.0036824,0.002556,0.0016312,0.00091254,0.00040199,9.8859e-05,0
0,0.0001065,0.00040833,0.00089059,0.0015388,0.002339,0.0032777,0.0043422,0.0055201,0.0067999,0.0081708,0.0096225,0.011145,0.01273,0.014369,0.016054,0.017777,0.019532,0.021313,0.023113,0.024926,0.026748,0.028573,0.030397,0.032214,0.03402,0.035811,0.037582,0.039329,0.041047,0.042733,0.044382,0.04599,0.047552,0.049064,0.050522,0.05192,0.053254,0.05452,0.055713,0.056827,0.057859,0.058802,0.059653,0.060407,0.061057,0.0616,0.062031,0.062345,0.062537,0.062604,0.062541,0.062345,0.062011,0.061537,0.060921,0.06016,0.059253,0.058199,0.056999,0.055653,0.054163,0.052533,0.050767,0.04887,0.046849,0.044712,0.04247,0.040134,0.037717,0.035233,0.032697,0.030128,0.027544,0.024965,0.022411,0.019903,0.017463,0.015111,0.01287,0.010759,0.0087971,0.0070018,0.0053885,0.0039709,0.0027598,0.0017636,0.00098805,0.00043597,0.00010748,0
0,0.00011044,0.00042333,0.00092317,0.0015949,0.0024239,0.0033962,0.0044985,0.0057181,0.007043,0.0084618,0.0099639,0.011539,0.013179,0.014874,0.016616,0.018398,0.020212,0.022053,0.023913,0.025787,0.02767,0.029557,0.031442,0.03332,0.035188,0.037039,0.038872,0.040679,0.042458,0.044205,0.045914,0.047581,0.049202,0.050772,0.052288,0.053743,0.055135,0.056456,0.057704,0.058873,0.059958,0.060953,0.061855,0.062657,0.063355,0.063944,0.064419,0.064775,0.065006,0.065109,0.065079,0.064912,0.064605,0.064153,0.063554,0.062805,0.061904,0.060852,0.059646,0.058288,0.056778,0.055121,0.05332,0.051379,0.049305,0.047108,0.044795,0.042379,0.039873,0.03729,0.034649,0.031966,0.02926,0.026553,0.023867,0.021223,0.018644,0.016154,0.013776,0.011531,0.0094398,0.0075227,0.0057968,0.0042771,0.0029765,0.0019047,0.0010686,0.00047229,0.00011671,0
0,0.00011435,0.00043822,0.00095551,0.0016505,0.0025082,0.0035139,0.0046538,0.0059148,0.0072844,0.0087508,0.010303,0.011931,0.013624,0.015375,0.017174,0.019013,0.020886,0.022786,0.024706,0.026641,0.028584,0.030531,0.032477,0.034415,0.036343,0.038255,0.040148,0.042015,0.043854,0.045659,0.047427,0.049153,0.050832,0.05246,0.054033,0.055545,0.056993,0.05837,0.059673,0.060896,0.062033,0.063081,0.064034,0.064886,0.065633,0.066269,0.066788,0.067187,0.067459,0.0676,0.067606,0.067471,0.067192,0.066765,0.066186,0.065453,0.064563,0.063515,0.062308,0.060942,0.059418,0.057738,0.055906,0.053926,0.051805,0.04955,0.04717,0.044678,0.042085,0.039407,0.036661,0.033864,0.031038,0.028202,0.025382,0.022599,0.019879,0.017247,0.014726,0.012342,0.010117,0.008073,0.0062288,0.0046019,0.0032067,0.0020548,0.0011545,0.00051109,0.0001266,0
0,0.00011821,0.00045298,0.00098757,0.0017057,0.0025918,0.0036307,0.004808,0.0061101,0.007524,0.0090376,0.01064,0.012319,0.014066,0.015871,0.017727,0.019623,0.021554,0.023513,0.025492,0.027485,0.029488,0.031494,0.033499,0.035497,0.037484,0.039456,0.041407,0.043333,0.04523,0.047093,0.048919,0.050702,0.052438,0.054123,0.055752,0.05732,0.058823,0.060255,0.061612,0.062889,0.06408,0.06518,0.066183,0.067086,0.067881,0.068565,0.06913,0.069573,0.069887,0.070069,0.070111,0.070011,0.069763,0.069364,0.068809,0.068095,0.06722,0.066181,0.064977,0.063608,0.062074,0.060376,0.058518,0.056504,0.054339,0.052031,0.049589,0.047024,0.044349,0.041578,0.038729,0.035821,0.032874,0.02991,0.026954,0.024031,0.021167,0.018389,0.015723,0.013195,0.01083,0.0086535,0.0066855,0.0049459,0.003451,0.0022144,0.001246,0.00055249,0.00013718,0
0,0.00012204,0.00046759,0.0010193,0.0017605,0.0026747,0.0037465,0.0049608,0.0063036,0.0077615,0.0093219,0.010973,0.012704,0.014504,0.016363,0.018274,0.020227,0.022215,0.024231,0.026267,0.028319,0.03038,0.032444,0.034507,0.036564,0.038608,0.040637,0.042645,0.044629,0.046583,0.048503,0.050384,0.052224,0.054016,0.055756,0.05744,0.059063,0.06062,0.062106,0.063516,0.064846,0.066089,0.06724,0.068295,0.069248,0.070092,0.070823,0.071436,0.071924,0.072281,0.072504,0.072586,0.072523,0.072309,0.07194,0.071412,0.070721,0.069864,0.068838,0.067642,0.066274,0.064734,0.063024,0.061145,0.059102,0.056899,0.054543,0.052044,0.049411,0.046657,0.043798,0.04085,0.037832,0.034766,0.031675,0.028584,0.025519,0.022509,0.019581,0.016765,0.014089,0.01158,0.0092649,0.0071675,0.0053096,0.0037099,0.0023838,0.0013433,0.00059663,0.0001485,0
0,0.00012583,0.00048206,0.0010508,0.0018147,0.0027568,0.0038612,0.0051123,0.0064954,0.0079968,0.0096035,0.011303,0.013084,0.014936,0.016849,0.018814,0.020823,0.022867,0.024939,0.027032,0.029141,0.031258,0.03338,0.035499,0.037612,0.039713,0.041797,0.043861,0.0459,0.047909,0.049884,0.05182,0.053714,0.05556,0.057354,0.059091,0.060767,0.062377,0.063916,0.065378,0.066759,0.068054,0.069257,0.070362,0.071364,0.072257,0.073036,0.073696,0.074229,0.074632,0.074897,0.07502,0.074995,0.074817,0.074481,0.073983,0.073318,0.072483,0.071475,0.07029,0.068929,0.067389,0.065671,0.063778,0.061711,0.059476,0.057078,0.054526,0.051831,0.049004,0.04606,0.043017,0.039893,0.03671,0.033493,0.030267,0.02706,0.023902,0.020823,0.017853,0.015024,0.012366,0.0099078,0.0076755,0.0056938,0.0039838,0.0025635,0.0014467,0.00064363,0.00016058,0
0,0.00012957,0.00049637,0.001082,0.0018684,0.0028382,0.0039748,0.0052623,0.0066854,0.0082298,0.0098821,0.01163,0.013461,0.015364,0.01733,0.019348,0.021411,0.02351,0.025637,0.027785,0.029949,0.032122,0.034298,0.036472,0.03864,0.040795,0.042934,0.045052,0.047144,0.049206,0.051233,0.053222,0.055168,0.057066,0.058912,0.060701,0.062428,0.064089,0.065678,0.067192,0.068623,0.069968,0.07122,0.072375,0.073426,0.074368,0.075195,0.075901,0.076481,0.076928,0.077237,0.077402,0.077417,0.077277,0.076977,0.076512,0.075876,0.075067,0.07408,0.072912,0.071561,0.070026,0.068307,0.066404,0.06432,0.062058,0.059625,0.057028,0.054276,0.051381,0.048358,0.045224,0.041998,0.038701,0.03536,0.032001,0.028652,0.025345,0.022113,0.018987,0.016002,0.01319,0.010583,0.0082101,0.006099,0.0042734,0.0027538,0.0015564,0.00069363,0.00017347,0
0,0.00013327,0.00051055,0.0011128,0.0019216,0.0029188,0.0040874,0.0054109,0.0068735,0.0084604,0.010158,0.011953,0.013833,0.015787,0.017804,0.019875,0.02199,0.024142,0.026323,0.028525,0.030743,0.032969,0.035198,0.037426,0.039645,0.041853,0.044044,0.046213,0.048356,0.050469,0.052547,0.054586,0.056582,0.05853,0.060425,0.062263,0.06404,0.06575,0.067388,0.06895,0.07043,0.071823,0.073124,0.074327,0.075426,0.076415,0.077289,0.078042,0.078668,0.079161,0.079514,0.079722,0.079779,0.079679,0.079416,0.078986,0.078383,0.077603,0.076641,0.075494,0.074159,0.072635,0.070919,0.069013,0.066918,0.064636,0.062174,0.059537,0.056735,0.053779,0.050683,0.047464,0.04414,0.040735,0.037273,0.033782,0.030292,0.026837,0.023449,0.020165,0.017021,0.014051,0.01129,0.0087717,0.0065256,0.004579,0.0029551,0.0016728,0.00074676,0.00018721,0
0,0.00013693,0.00052459,0.0011434,0.0019743,0.0029988,0.0041991,0.0055581,0.0070598,0.0086888,0.010431,0.012272,0.0142,0.016204,0.018271,0.020393,0.022561,0.024765,0.026997,0.029252,0.031521,0.033798,0.036079,0.038357,0.040627,0.042885,0.045125,0.047343,0.049535,0.051696,0.053822,0.055909,0.057952,0.059946,0.061889,0.063774,0.065597,0.067353,0.069038,0.070647,0.072173,0.073613,0.07496,0.07621,0.077355,0.078391,0.079312,0.080111,0.080782,0.08132,0.081717,0.081969,0.082068,0.08201,0.081787,0.081394,0.080827,0.080079,0.079146,0.078024,0.07671,0.075201,0.073495,0.071592,0.069492,0.067197,0.064713,0.062044,0.059199,0.056189,0.053027,0.049728,0.046313,0.042804,0.039225,0.035606,0.031978,0.028374,0.024832,0.021388,0.01808,0.014949,0.01203,0.0093606,0.0069742,0.0049011,0.0031677,0.0017959,0.00080315,0.00020185,0
0,0.00014057,0.00053852,0.0011738,0.0020266,0.0030781,0.0043098,0.0057042,0.0072445,0.008915,0.010701,0.012588,0.014563,0.016615,0.018732,0.020904,0.023122,0.025376,0.027659,0.029963,0.032282,0.034609,0.036939,0.039265,0.041583,0.043888,0.046175,0.048439,0.050677,0.052883,0.055054,0.057186,0.059273,0.061312,0.063298,0.065227,0.067094,0.068894,0.070623,0.072276,0.073846,0.07533,0.076722,0.078016,0.079206,0.080287,0.081252,0.082096,0.082812,0.083395,0.083837,0.084133,0.084275,0.084259,0.084077,0.083725,0.083195,0.082482,0.081582,0.08049,0.079201,0.077712,0.076021,0.074127,0.072029,0.069729,0.06723,0.064537,0.061657,0.0586,0.055379,0.052009,0.048509,0.044901,0.041211,0.037468,0.033704,0.029954,0.026257,0.022652,0.01918,0.015883,0.012802,0.0099771,0.0074451,0.0052401,0.003392,0.0019262,0.00086293,0.00021741,0
0,0.00014418,0.00055238,0.001204,0.0020787,0.003157,0.00442,0.0058494,0.0074279,0.0091394,0.010968,0.012901,0.014922,0.017022,0.019187,0.021407,0.023673,0.025976,0.028307,0.03066,0.033026,0.0354,0.037776,0.040148,0.042511,0.04486,0.047191,0.049499,0.051779,0.054028,0.056241,0.058413,0.060542,0.062622,0.064649,0.066618,0.068526,0.070367,0.072137,0.07383,0.075442,0.076968,0.078401,0.079737,0.08097,0.082094,0.083102,0.08399,0.08475,0.085376,0.085862,0.086202,0.086388,0.086415,0.086276,0.085964,0.085475,0.0848,0.083936,0.082877,0.081618,0.080155,0.078485,0.076606,0.074517,0.072218,0.069712,0.067002,0.064095,0.061,0.057728,0.054295,0.050718,0.047019,0.043224,0.039362,0.035466,0.031573,0.027722,0.023956,0.020318,0.016854,0.013607,0.010621,0.0079385,0.0055962,0.0036284,0.0020638,0.00092623,0.00023394,0
0,0.00014778,0.00056621,0.0012341,0.0021307,0.0032358,0.0045297,0.0059939,0.0076104,0.0093624,0.011234,0.01321,0.015278,0.017423,0.019635,0.021903,0.024216,0.026565,0.028943,0.031341,0.033752,0.03617,0.03859,0.041005,0.04341,0.045801,0.048172,0.05052,0.052839,0.055127,0.057378,0.059589,0.061755,0.063872,0.065936,0.067943,0.069888,0.071766,0.073574,0.075305,0.076955,0.078519,0.079992,0.081367,0.08264,0.083804,0.084854,0.085783,0.086585,0.087254,0.087784,0.088167,0.088397,0.088467,0.088371,0.088102,0.087654,0.08702,0.086195,0.085172,0.083947,0.082515,0.080872,0.079014,0.076941,0.074651,0.072145,0.069427,0.066502,0.063378,0.060065,0.056576,0.052931,0.049149,0.045256,0.041281,0.037259,0.033226,0.029225,0.025298,0.021494,0.017859,0.014443,0.011293,0.0084546,0.0059699,0.0038769,0.0022089,0.00099317,0.00025149,0
0,0.00015138,0.00058007,0.0012643,0.0021827,0.0033145,0.0046395,0.0061382,0.0077924,0.0095845,0.011498,0.013518,0.01563,0.01782,0.020078,0.022391,0.024749,0.027143,0.029564,0.032006,0.03446,0.03692,0.03938,0.041834,0.044279,0.046707,0.049116,0.0515,0.053855,0.056178,0.058464,0.060708,0.062908,0.065059,0.067157,0.069197,0.071175,0.073087,0.074928,0.076694,0.078378,0.079978,0.081486,0.082898,0.084208,0.08541,0.086498,0.087467,0.08831,0.08902,0.089591,0.090016,0.090289,0.090403,0.090351,0.090126,0.089721,0.08913,0.088346,0.087364,0.086176,0.084779,0.083168,0.081338,0.079286,0.077013,0.074516,0.071799,0.068864,0.06572,0.062375,0.058841,0.055136,0.05128,0.047298,0.043218,0.039076,0.034909,0.030759,0.026675,0.022704,0.018899,0.015311,0.011992,0.0089935,0.0063612,0.004138,0.0023617,0.0010639,0.0002701,0
0,0.00015501,0.00059401,0.0012947,0.0022351,0.0033937,0.0047496,0.006283,0.0079746,0.0098064,0.011762,0.013824,0.01598,0.018214,0.020515,0.022872,0.025273,0.02771,0.030173,0.032655,0.035149,0.037647,0.040145,0.042636,0.045116,0.047579,0.05002,0.052437,0.054824,0.057178,0.059494,0.061769,0.063999,0.066179,0.068305,0.070375,0.072382,0.074324,0.076195,0.07799,0.079706,0.081337,0.082877,0.084322,0.085666,0.086903,0.088027,0.089033,0.089914,0.090663,0.091274,0.091741,0.092056,0.092213,0.092204,0.092023,0.091663,0.091116,0.090376,0.089437,0.088291,0.086934,0.085359,0.083562,0.08154,0.079289,0.07681,0.074102,0.071168,0.068013,0.064646,0.061078,0.057324,0.053403,0.049341,0.045165,0.04091,0.036614,0.032322,0.028083,0.023947,0.01997,0.016209,0.012719,0.0095552,0.0067703,0.0044119,0.0025225,0.0011385,0.0002898,0
0,0.00015869,0.00060815,0.0013255,0.0022881,0.0034737,0.0048608,0.0064287,0.0081577,0.010029,0.012025,0.01413,0.016328,0.018605,0.020949,0.023347,0.02579,0.028267,0.030769,0.033289,0.035819,0.038353,0.040885,0.043409,0.04592,0.048414,0.050885,0.05333,0.055745,0.058125,0.060467,0.062768,0.065023,0.067228,0.069379,0.071473,0.073506,0.075472,0.077369,0.07919,0.080933,0.082591,0.084159,0.085634,0.087008,0.088276,0.089433,0.090473,0.091389,0.092175,0.092825,0.093331,0.093687,0.093886,0.09392,0.093784,0.093468,0.092967,0.092273,0.091379,0.090278,0.088964,0.087431,0.085673,0.083686,0.081467,0.079012,0.076322,0.073397,0.070243,0.066864,0.063272,0.05948,0.055507,0.051374,0.047112,0.042753,0.038336,0.033908,0.029517,0.025219,0.021072,0.017136,0.013471,0.010139,0.0071973,0.0046986,0.0026914,0.0012171,0.00031065,0
0,0.00016244,0.00062257,0.0013569,0.002342,0.003555,0.0049737,0.0065764,0.0083428,0.010253,0.01229,0.014436,0.016676,0.018995,0.021379,0.023818,0.026299,0.028814,0.031353,0.033908,0.036471,0.039037,0.0416,0.044153,0.046691,0.049211,0.051708,0.054177,0.056614,0.059017,0.061381,0.063702,0.065977,0.068202,0.070374,0.072488,0.07454,0.076527,0.078445,0.080288,0.082052,0.083733,0.085326,0.086825,0.088226,0.089522,0.090709,0.091779,0.092727,0.093548,0.094233,0.094776,0.095172,0.095411,0.095489,0.095396,0.095126,0.094671,0.094024,0.093177,0.092124,0.090857,0.08937,0.087657,0.085711,0.083529,0.081107,0.078444,0.075539,0.072394,0.069016,0.065411,0.061593,0.057578,0.053387,0.049049,0.044596,0.040068,0.03551,0.030974,0.026518,0.022201,0.01809,0.01425,0.010746,0.0076422,0.0049984,0.0028685,0.0012999,0.00033268,0
0,0.00016631,0.00063742,0.0013892,0.0023974,0.0036384,0.005089,0.0067269,0.0085309,0.010481,0.012558,0.014745,0.017025,0.019384,0.021808,0.024285,0.026803,0.029353,0.031925,0.034512,0.037106,0.0397,0.042289,0.044867,0.047429,0.04997,0.052487,0.054976,0.057432,0.059852,0.062232,0.064569,0.066859,0.0691,0.071286,0.073415,0.075483,0.077485,0.079418,0.081278,0.08306,0.084759,0.086372,0.087892,0.089314,0.090634,0.091846,0.092944,0.093921,0.094772,0.09549,0.096069,0.096501,0.09678,0.096898,0.096849,0.096623,0.096215,0.095616,0.094819,0.093816,0.092599,0.091162,0.089498,0.087599,0.085462,0.083081,0.080453,0.077576,0.074453,0.071085,0.06748,0.063648,0.059604,0.055368,0.050966,0.04643,0.0418,0.037122,0.032448,0.027838,0.023356,0.01907,0.015052,0.011374,0.0081049,0.0053114,0.0030541,0.0013868,0.00035594,0
0,0.00017033,0.00065286,0.0014226,0.0024547,0.0037245,0.0052078,0.0068816,0.0087236,0.010713,0.01283,0.015057,0.017377,0.019775,0.022237,0.024749,0.027302,0.029884,0.032487,0.035102,0.037722,0.040341,0.042952,0.045551,0.048131,0.05069,0.053223,0.055726,0.058195,0.060627,0.063018,0.065366,0.067666,0.069916,0.072112,0.074251,0.076328,0.078341,0.080285,0.082156,0.08395,0.085663,0.08729,0.088826,0.090266,0.091606,0.092838,0.093959,0.094962,0.09584,0.096588,0.097199,0.097666,0.097981,0.098139,0.098132,0.097951,0.097589,0.097039,0.096292,0.095341,0.094177,0.092793,0.091182,0.089336,0.08725,0.084916,0.082332,0.079495,0.076402,0.073057,0.069464,0.065631,0.061571,0.057303,0.05285,0.048245,0.043525,0.038736,0.033933,0.029175,0.024531,0.020073,0.015878,0.012023,0.0085853,0.0056376,0.0032482,0.0014782,0.00038047,0
0,0.00017457,0.00066906,0.0014577,0.0025147,0.0038142,0.0053313,0.0070417,0.0089223,0.010951,0.013109,0.015376,0.017735,0.02017,0.022668,0.025214,0.027799,0.03041,0.03304,0.03568,0.038323,0.040962,0.043591,0.046205,0.0488,0.05137,0.053914,0.056425,0.058902,0.061341,0.063738,0.066091,0.068396,0.07065,0.07285,0.074992,0.077074,0.079091,0.08104,0.082917,0.084718,0.086439,0.088076,0.089623,0.091076,0.09243,0.093679,0.094819,0.095842,0.096744,0.097518,0.098158,0.098657,0.099007,0.099202,0.099235,0.099097,0.098781,0.09828,0.097584,0.096686,0.095577,0.09425,0.092696,0.090908,0.088878,0.0866,0.084068,0.081278,0.078227,0.074916,0.071347,0.067526,0.063465,0.059179,0.05469,0.050029,0.045232,0.040345,0.035422,0.030525,0.025725,0.021098,0.016726,0.012693,0.009083,0.005977,0.0034511,0.001574,0.00040633,0
0,0.00017907,0.00068626,0.0014949,0.002578,0.0039086,0.0054607,0.0072089,0.009129,0.011198,0.013396,0.015702,0.018099,0.020571,0.023103,0.025681,0.028294,0.030933,0.033586,0.036247,0.038908,0.041562,0.044204,0.046829,0.049433,0.05201,0.054558,0.057074,0.059552,0.061992,0.064389,0.066741,0.069044,0.071296,0.073494,0.075635,0.077715,0.079731,0.081679,0.083557,0.085359,0.087083,0.088723,0.090276,0.091737,0.0931,0.094362,0.095515,0.096556,0.097477,0.098274,0.098938,0.099465,0.099847,0.10008,0.10015,0.10005,0.099781,0.099327,0.098683,0.097839,0.096787,0.095519,0.094026,0.092299,0.090332,0.088115,0.085643,0.08291,0.079911,0.076646,0.073113,0.069319,0.06527,0.060982,0.056472,0.05177,0.046911,0.041939,0.036907,0.031881,0.026932,0.02214,0.017594,0.013382,0.0095978,0.0063297,0.0036628,0.0016744,0.00043357,0
0,0.00018392,0.00070473,0.0015346,0.0026455,0.004009,0.0055978,0.0073852,0.0093459,0.011456,0.013694,0.01604,0.018474,0.020981,0.023544,0.026152,0.028792,0.031453,0.034126,0.036803,0.039478,0.042143,0.044793,0.047424,0.05003,0.052609,0.055156,0.057669,0.060144,0.062578,0.064969,0.067313,0.069609,0.071853,0.074043,0.076175,0.078247,0.080256,0.082198,0.08407,0.085868,0.087588,0.089227,0.09078,0.092243,0.093611,0.094879,0.096042,0.097095,0.098031,0.098845,0.099532,0.10008,0.10049,0.10076,0.10086,0.10081,0.10058,0.10017,0.099577,0.098788,0.097794,0.096586,0.095157,0.093496,0.091596,0.089447,0.087042,0.084375,0.081438,0.07823,0.074747,0.070993,0.066972,0.062696,0.058183,0.053456,0.04855,0.043507,0.038381,0.033236,0.028147,0.023197,0.018479,0.01409,0.010129,0.0066957,0.0038834,0.0017796,0.00046223,0
0,0.00018921,0.00072478,0.0015777,0.0027182,0.0041168,0.0057443,0.0075727,0.0095755,0.011728,0.014007,0.016391,0.018862,0.021402,0.023996,0.02663,0.029292,0.031973,0.034662,0.037351,0.040034,0.042705,0.045358,0.047989,0.050593,0.053166,0.055706,0.05821,0.060674,0.063097,0.065475,0.067806,0.070087,0.072317,0.074492,0.07661,0.078668,0.080663,0.082592,0.084452,0.086239,0.087951,0.089582,0.09113,0.092589,0.093956,0.095225,0.096392,0.097452,0.098398,0.099226,0.09993,0.1005,0.10094,0.10123,0.10137,0.10135,0.10116,0.1008,0.10026,0.099521,0.098585,0.09744,0.096077,0.094485,0.092656,0.090581,0.08825,0.085656,0.082792,0.079651,0.076231,0.07253,0.068553,0.064307,0.059806,0.055072,0.050137,0.04504,0.039835,0.034585,0.029366,0.024265,0.01938,0.014815,0.010677,0.0070749,0.0041132,0.0018896,0.0004924,0
0,0.00019505,0.00074681,0.0016248,0.0027975,0.0042337,0.0059024,0.0077741,0.0098207,0.012016,0.014336,0.01676,0.019266,0.021838,0.024459,0.027117,0.029799,0.032495,0.035195,0.037892,0.040579,0.043249,0.045899,0.048523,0.051118,0.05368,0.056207,0.058695,0.061142,0.063546,0.065905,0.068215,0.070476,0.072684,0.074838,0.076934,0.078971,0.080946,0.082856,0.084697,0.086468,0.088164,0.089782,0.091318,0.092768,0.094127,0.095393,0.096558,0.09762,0.098572,0.099409,0.10012,0.10071,0.10117,0.10148,0.10165,0.10167,0.10152,0.1012,0.10071,0.10003,0.099149,0.098067,0.096771,0.095251,0.093498,0.091501,0.08925,0.086738,0.083954,0.080893,0.077547,0.073915,0.069996,0.065796,0.061326,0.056604,0.051658,0.046526,0.041258,0.035918,0.030582,0.02534,0.020294,0.015555,0.01124,0.0074672,0.0043522,0.0020046,0.00052412,0
0,0.00020156,0.00077126,0.0016768,0.0028848,0.0043617,0.0060746,0.0079922,0.010085,0.012325,0.014687,0.017149,0.01969,0.022292,0.024939,0.027617,0.030315,0.033022,0.035728,0.038427,0.041111,0.043776,0.046416,0.049027,0.051607,0.054151,0.056657,0.059122,0.061545,0.063924,0.066255,0.068538,0.070771,0.07295,0.075075,0.077144,0.079153,0.081101,0.082984,0.084801,0.086548,0.088222,0.08982,0.091338,0.092772,0.094119,0.095375,0.096534,0.097591,0.098543,0.099384,0.10011,0.10071,0.10118,0.10152,0.10171,0.10176,0.10165,0.10137,0.10092,0.10029,0.099473,0.098455,0.097227,0.095781,0.094106,0.092192,0.090028,0.087604,0.08491,0.081937,0.078679,0.075129,0.071284,0.067148,0.062727,0.058036,0.0531,0.047952,0.04264,0.037226,0.031788,0.026416,0.021218,0.01631,0.011818,0.0078726,0.0046007,0.0021249,0.0005575,0
0,0.0002089,0.00079869,0.0017349,0.0029817,0.0045031,0.0062639,0.0082306,0.010371,0.012658,0.015063,0.017563,0.020138,0.022768,0.025437,0.028133,0.030842,0.033554,0.036262,0.038957,0.041633,0.044285,0.046908,0.0495,0.052056,0.054575,0.057053,0.059488,0.06188,0.064225,0.066522,0.06877,0.070967,0.073111,0.0752,0.077233,0.079207,0.081121,0.082971,0.084756,0.086473,0.088118,0.08969,0.091183,0.092596,0.093924,0.095163,0.09631,0.097358,0.098305,0.099144,0.09987,0.10048,0.10096,0.10132,0.10153,0.1016,0.10153,0.10129,0.10089,0.10031,0.099545,0.098589,0.097431,0.09606,0.094466,0.092638,0.090566,0.088237,0.085641,0.082768,0.079608,0.076153,0.072399,0.068344,0.063991,0.059352,0.054446,0.049303,0.043969,0.038501,0.032977,0.027489,0.022148,0.017077,0.012411,0.0082911,0.004859,0.0022506,0.00059264,0
0,0.00021726,0.00082975,0.0018003,0.0030903,0.0046607,0.0064736,0.0084929,0.010685,0.013019,0.015468,0.018007,0.020613,0.023269,0.025958,0.028666,0.031382,0.034095,0.036797,0.039482,0.042142,0.044775,0.047375,0.049939,0.052465,0.05495,0.057392,0.05979,0.062141,0.064446,0.066701,0.068906,0.07106,0.07316,0.075206,0.077196,0.079128,0.081,0.08281,0.084556,0.086235,0.087845,0.089383,0.090846,0.092231,0.093533,0.09475,0.095878,0.096911,0.097846,0.098678,0.099402,0.10001,0.1005,0.10087,0.1011,0.1012,0.10115,0.10095,0.10059,0.10006,0.099352,0.098459,0.09737,0.096075,0.094564,0.092826,0.090848,0.08862,0.08613,0.083365,0.080315,0.07697,0.073321,0.069364,0.065099,0.060533,0.05568,0.050566,0.045231,0.039731,0.034141,0.028553,0.02308,0.017854,0.013017,0.0087226,0.0051272,0.0023821,0.00062965,0
0,0.00022687,0.00086522,0.0018747,0.0032129,0.0048376,0.0067075,0.0087836,0.01103,0.013414,0.015907,0.018484,0.021121,0.0238,0.026504,0.02922,0.031937,0.034645,0.037335,0.040002,0.04264,0.045245,0.047813,0.050341,0.052828,0.055272,0.05767,0.060021,0.062325,0.06458,0.066785,0.068939,0.071041,0.073091,0.075085,0.077024,0.078906,0.080729,0.082492,0.084191,0.085826,0.087394,0.088892,0.090317,0.091667,0.092938,0.094126,0.095228,0.096241,0.097159,0.097978,0.098694,0.099301,0.099794,0.10017,0.10042,0.10053,0.10051,0.10034,0.10002,0.099534,0.09888,0.098049,0.097029,0.095811,0.094384,0.092737,0.090859,0.088738,0.086359,0.083712,0.080782,0.077558,0.07403,0.07019,0.066032,0.061561,0.056784,0.051723,0.046413,0.040905,0.035269,0.0296,0.024011,0.018638,0.013635,0.0091673,0.0054059,0.0025197,0.0006687,0
0,0.00023801,0.00090606,0.0019597,0.0033524,0.0050375,0.00697,0.0091076,0.011412,0.013848,0.016386,0.018999,0.021664,0.024363,0.027078,0.029797,0.032508,0.035203,0.037874,0.040515,0.043122,0.045691,0.048218,0.050703,0.053142,0.055535,0.05788,0.060176,0.062423,0.06462,0.066766,0.068861,0.070904,0.072893,0.074828,0.076709,0.078533,0.080299,0.082006,0.083652,0.085235,0.086753,0.088204,0.089585,0.090893,0.092125,0.093279,0.09435,0.095335,0.096231,0.097031,0.097734,0.098332,0.098823,0.099199,0.099455,0.099586,0.099585,0.099445,0.099159,0.098719,0.098117,0.097345,0.096393,0.095252,0.09391,0.092358,0.090582,0.088571,0.086311,0.083788,0.080989,0.0779,0.074507,0.070799,0.06677,0.062415,0.057739,0.052757,0.047498,0.042008,0.036352,0.030623,0.024935,0.019428,0.014265,0.0096253,0.0056956,0.002664,0.00070997,0
0,0.00025103,0.00095342,0.0020577,0.003512,0.0052647,0.0072661,0.0094704,0.011836,0.014326,0.016909,0.019557,0.022248,0.024961,0.027682,0.030397,0.033095,0.035769,0.038412,0.041019,0.043585,0.046108,0.048586,0.051016,0.053398,0.055731,0.058013,0.060245,0.062426,0.064556,0.066634,0.068661,0.070635,0.072556,0.074424,0.076237,0.077996,0.079697,0.081341,0.082926,0.08445,0.085911,0.087308,0.088637,0.089897,0.091084,0.092197,0.09323,0.094182,0.095048,0.095825,0.096508,0.097093,0.097575,0.097949,0.09821,0.098352,0.098368,0.098253,0.098,0.097601,0.097048,0.096334,0.095449,0.094383,0.093127,0.09167,0.089999,0.088102,0.085966,0.083575,0.080916,0.077972,0.074728,0.071171,0.067289,0.063073,0.058523,0.053648,0.048469,0.043025,0.037377,0.031613,0.025845,0.02022,0.014906,0.010097,0.005997,0.0028154,0.00075373,0
0,0.00026635,0.0010087,0.0021713,0.0036957,0.0055241,0.0076015,0.0098779,0.012308,0.014854,0.017481,0.020162,0.022873,0.025596,0.028315,0.031018,0.033695,0.036339,0.038945,0.041507,0.044022,0.046489,0.048907,0.051272,0.053587,0.055849,0.058058,0.060216,0.062321,0.064375,0.066376,0.068325,0.070222,0.072066,0.073858,0.075596,0.07728,0.078909,0.080482,0.081998,0.083456,0.084853,0.086188,0.087459,0.088664,0.089799,0.090864,0.091853,0.092766,0.093597,0.094344,0.095002,0.095568,0.096037,0.096404,0.096664,0.096812,0.096842,0.096748,0.096524,0.096163,0.095657,0.094998,0.094178,0.093188,0.092018,0.090656,0.089092,0.087313,0.085305,0.083053,0.080541,0.077754,0.074673,0.071282,0.067566,0.063513,0.059115,0.054375,0.049306,0.04394,0.038331,0.032559,0.026736,0.02101,0.015556,0.010582,0.0063111,0.0029749,0.00080029,0
0,0.00028451,0.0010736,0.0023036,0.003908,0.0058213,0.0079826,0.010337,0.012835,0.015437,0.018107,0.020817,0.023543,0.026268,0.028977,0.031659,0.034304,0.036907,0.039464,0.04197,0.044423,0.046823,0.049168,0.051458,0.053693,0.055874,0.058001,0.060073,0.062093,0.06406,0.065974,0.067836,0.069647,0.071405,0.073112,0.074766,0.076368,0.077917,0.079411,0.080851,0.082234,0.08356,0.084827,0.086032,0.087175,0.088253,0.089263,0.090202,0.091069,0.09186,0.092571,0.093199,0.09374,0.09419,0.094545,0.0948,0.09495,0.09499,0.094913,0.094715,0.094388,0.093926,0.093321,0.092565,0.091649,0.090563,0.089299,0.087843,0.086184,0.084308,0.0822,0.079844,0.077222,0.074316,0.071107,0.067577,0.063708,0.059489,0.054913,0.049987,0.044733,0.039195,0.033448,0.027599,0.021793,0.016214,0.011082,0.006639,0.0031435,0.00085008,0
0,0.00030619,0.0011504,0.0024586,0.0041543,0.006163,0.0084164,0.010854,0.013423,0.01608,0.018789,0.021522,0.024257,0.026975,0.029663,0.032311,0.034913,0.037463,0.039957,0.042394,0.044773,0.047092,0.049353,0.051555,0.0537,0.055788,0.05782,0.059797,0.06172,0.06359,0.065407,0.067173,0.068888,0.070551,0.072164,0.073727,0.075238,0.076698,0.078106,0.079462,0.080764,0.082011,0.083202,0.084336,0.08541,0.086423,0.087373,0.088256,0.089072,0.089816,0.090486,0.091079,0.09159,0.092017,0.092355,0.0926,0.092748,0.092793,0.09273,0.092554,0.092259,0.091837,0.091283,0.090589,0.089746,0.088745,0.087577,0.086231,0.084694,0.082953,0.080994,0.0788,0.076353,0.073634,0.070621,0.067294,0.063632,0.059617,0.055235,0.050486,0.04538,0.039953,0.034267,0.028423,0.022564,0.016878,0.011596,0.0069823,0.0033224,0.00090367,0
0,0.00033224,0.0012415,0.0026409,0.004441,0.0065565,0.0089104,0.011436,0.014076,0.016786,0.01953,0.022278,0.02501,0.027708,0.030363,0.032964,0.035508,0.03799,0.040408,0.042762,0.045051,0.047277,0.049439,0.051541,0.053582,0.055564,0.05749,0.05936,0.061175,0.062938,0.064649,0.066308,0.067918,0.069478,0.070988,0.07245,0.073863,0.075226,0.07654,0.077805,0.079018,0.08018,0.081289,0.082344,0.083344,0.084287,0.08517,0.085992,0.08675,0.087443,0.088067,0.088619,0.089096,0.089495,0.089811,0.090043,0.090184,0.09023,0.090178,0.090021,0.089754,0.089371,0.088866,0.088231,0.087459,0.086542,0.085471,0.084234,0.082821,0.081218,0.079412,0.077386,0.075122,0.072599,0.069796,0.066689,0.063254,0.059469,0.055313,0.050775,0.045856,0.04058,0.034997,0.029196,0.023316,0.017546,0.012126,0.007343,0.0035136,0.0009618,0
0,0.0003638,0.0013505,0.0028562,0.0047757,0.0070101,0.0094724,0.012089,0.0148,0.017558,0.020326,0.023078,0.025793,0.028458,0.031062,0.0336,0.036069,0.038466,0.040791,0.043045,0.04523,0.047346,0.049396,0.051382,0.053307,0.055171,0.056978,0.058729,0.060427,0.062071,0.063665,0.065209,0.066704,0.068151,0.069551,0.070904,0.07221,0.07347,0.074683,0.075849,0.076967,0.078037,0.079058,0.080029,0.080948,0.081815,0.082626,0.083381,0.084078,0.084714,0.085287,0.085794,0.086232,0.086599,0.08689,0.087104,0.087235,0.08728,0.087234,0.087093,0.086851,0.086504,0.086046,0.085469,0.084767,0.083933,0.082957,0.08183,0.080542,0.079079,0.077429,0.075576,0.0735,0.071183,0.068602,0.065731,0.062543,0.059012,0.055111,0.05082,0.04613,0.041049,0.035614,0.029902,0.024039,0.018212,0.012671,0.0077237,0.0037194,0.0010255,0
0,0.00040234,0.0014816,0.0031117,0.005167,0.0075327,0.01011,0.012819,0.015595,0.018391,0.021171,0.02391,0.026591,0.029202,0.031737,0.034192,0.036566,0.038859,0.041072,0.043209,0.045271,0.047262,0.049184,0.051041,0.052834,0.054568,0.056244,0.057865,0.059432,0.060948,0.062415,0.063834,0.065205,0.066531,0.067812,0.069049,0.070241,0.07139,0.072496,0.073557,0.074575,0.075547,0.076475,0.077356,0.078189,0.078975,0.07971,0.080394,0.081024,0.081599,0.082117,0.082575,0.082971,0.083302,0.083565,0.083757,0.083875,0.083915,0.083873,0.083745,0.083527,0.083213,0.082799,0.082279,0.081645,0.080892,0.080012,0.078995,0.077832,0.076511,0.075019,0.073341,0.071461,0.069357,0.067007,0.064385,0.061463,0.058209,0.054593,0.050585,0.046165,0.041327,0.036092,0.030519,0.024719,0.018872,0.013233,0.0081273,0.0039428,0.0010962,0
0,0.00044988,0.0016403,0.0034159,0.0056251,0.0081337,0.01083,0.013627,0.016459,0.019277,0.02205,0.024755,0.027378,0.029911,0.032352,0.0347,0.036957,0.039124,0.041205,0.043205,0.045127,0.046975,0.048753,0.050465,0.052114,0.053703,0.055236,0.056714,0.058142,0.059519,0.06085,0.062134,0.063374,0.064571,0.065726,0.06684,0.067912,0.068944,0.069936,0.070888,0.071799,0.072669,0.073498,0.074285,0.075029,0.07573,0.076385,0.076993,0.077554,0.078065,0.078524,0.07893,0.079281,0.079573,0.079805,0.079973,0.080075,0.080108,0.080068,0.079951,0.079754,0.079472,0.079101,0.078635,0.078068,0.077396,0.07661,0.075702,0.074664,0.073485,0.072153,0.070654,0.068971,0.067086,0.064977,0.062616,0.059975,0.057019,0.053714,0.050024,0.045917,0.041373,0.036394,0.031018,0.025337,0.019517,0.013809,0.0085573,0.0041881,0.0011758,0
0,0.00050923,0.0018341,0.0037795,0.0061611,0.0088214,0.011636,0.014511,0.017379,0.020197,0.022935,0.025576,0.028112,0.030539,0.032858,0.035072,0.037185,0.039202,0.041129,0.042971,0.044733,0.04642,0.048038,0.04959,0.051081,0.052513,0.053891,0.055217,0.056494,0.057724,0.05891,0.060053,0.061154,0.062216,0.063238,0.064223,0.06517,0.066081,0.066955,0.067792,0.068593,0.069357,0.070085,0.070774,0.071426,0.072038,0.07261,0.073141,0.07363,0.074074,0.074473,0.074825,0.075128,0.07538,0.075578,0.075721,0.075806,0.07583,0.075789,0.075682,0.075505,0.075253,0.074923,0.07451,0.074009,0.073416,0.072723,0.071923,0.07101,0.069972,0.0688,0.067481,0.065999,0.064337,0.062474,0.060383,0.058035,0.055396,0.052427,0.049088,0.045336,0.041137,0.036475,0.031363,0.025867,0.020131,0.014396,0.0090175,0.0044605,0.0012671,0
0,0.0005844,0.0020725,0.0042153,0.0067865,0.0096021,0.012524,0.015455,0.018332,0.021115,0.023782,0.026322,0.028734,0.031019,0.033183,0.035232,0.037174,0.039015,0.040764,0.042426,0.04401,0.045519,0.046961,0.048339,0.049658,0.050922,0.052135,0.053299,0.054417,0.055492,0.056526,0.057521,0.058479,0.0594,0.060286,0.061137,0.061956,0.062741,0.063494,0.064215,0.064903,0.06556,0.066183,0.066774,0.067331,0.067854,0.068342,0.068794,0.06921,0.069587,0.069925,0.070222,0.070476,0.070687,0.070851,0.070967,0.071034,0.071048,0.071007,0.070908,0.070749,0.070526,0.070236,0.069875,0.069439,0.068923,0.068322,0.06763,0.06684,0.065943,0.06493,0.06379,0.062509,0.061072,0.059457,0.057641,0.055596,0.053288,0.050676,0.047716,0.044359,0.040558,0.036276,0.031502,0.02627,0.020691,0.014986,0.0095112,0.0047674,0.0013742,0
0,0.00068136,0.0023688,0.0047384,0.0075114,0.010475,0.01348,0.016431,0.019272,0.021972,0.02452,0.026913,0.029157,0.03126,0.033231,0.035082,0.036822,0.038462,0.040009,0.041472,0.042858,0.044174,0.045425,0.046617,0.047753,0.04884,0.049879,0.050873,0.051827,0.052742,0.05362,0.054463,0.055273,0.05605,0.056797,0.057514,0.058202,0.058862,0.059493,0.060096,0.060672,0.06122,0.06174,0.062231,0.062695,0.063129,0.063533,0.063907,0.06425,0.06456,0.064837,0.065079,0.065286,0.065455,0.065586,0.065676,0.065725,0.065729,0.065687,0.065596,0.065455,0.065261,0.065011,0.064701,0.064328,0.063888,0.063378,0.062791,0.062121,0.061363,0.060507,0.059544,0.058463,0.057248,0.055882,0.054344,0.052607,0.050638,0.048398,0.045841,0.042913,0.039558,0.035721,0.031365,0.026488,0.02116,0.015563,0.010039,0.0051176,0.0015033,0
0,0.00080924,0.0027402,0.0053648,0.0083397,0.011424,0.014466,0.017379,0.020121,0.022675,0.025043,0.027233,0.029258,0.031134,0.032874,0.034493,0.036003,0.037415,0.038738,0.039983,0.041156,0.042265,0.043315,0.044311,0.045258,0.04616,0.047021,0.047843,0.048628,0.04938,0.050101,0.050791,0.051453,0.052087,0.052696,0.053279,0.053838,0.054372,0.054883,0.055371,0.055836,0.056278,0.056696,0.057091,0.057463,0.05781,0.058133,0.058431,0.058703,0.058949,0.059167,0.059357,0.059518,0.059648,0.059746,0.059812,0.059843,0.059839,0.059797,0.059715,0.059592,0.059426,0.059215,0.058955,0.058644,0.05828,0.057857,0.057372,0.056821,0.056198,0.055495,0.054705,0.053818,0.052822,0.051701,0.050437,0.049007,0.04738,0.04552,0.043381,0.04091,0.038044,0.034715,0.03086,0.026441,0.021476,0.016094,0.010597,0.0055218,0.0016635,0
0,0.00098241,0.0032093,0.0061068,0.0092587,0.012405,0.015405,0.018194,0.020749,0.023077,0.025193,0.027117,0.028871,0.030474,0.031945,0.0333,0.034554,0.035717,0.0368,0.037813,0.038763,0.039656,0.040498,0.041295,0.042049,0.042765,0.043447,0.044096,0.044715,0.045306,0.045871,0.046412,0.046929,0.047424,0.047898,0.048351,0.048785,0.0492,0.049595,0.049972,0.050331,0.050671,0.050992,0.051295,0.05158,0.051845,0.052091,0.052317,0.052523,0.052708,0.052872,0.053013,0.053131,0.053226,0.053295,0.053338,0.053355,0.053344,0.053303,0.053231,0.053128,0.05299,0.052817,0.052606,0.052356,0.052064,0.051726,0.051341,0.050904,0.05041,0.049854,0.049231,0.048531,0.047745,0.046861,0.045864,0.044732,0.043442,0.04196,0.040246,0.038248,0.035902,0.033132,0.029859,0.026008,0.021542,0.016517,0.011163,0.0059897,0.0018689,0
0,0.0012235,0.0038007,0.0069596,0.010216,0.013315,0.016151,0.018694,0.020955,0.022963,0.024749,0.026343,0.027773,0.029063,0.030233,0.031301,0.032279,0.03318,0.034014,0.034789,0.035512,0.036189,0.036824,0.037423,0.037989,0.038524,0.039031,0.039514,0.039973,0.04041,0.040827,0.041225,0.041606,0.04197,0.042317,0.042649,0.042966,0.043268,0.043556,0.04383,0.04409,0.044337,0.044569,0.044788,0.044992,0.045183,0.045358,0.045519,0.045665,0.045796,0.04591,0.046008,0.046088,0.046151,0.046196,0.046221,0.046226,0.04621,0.046173,0.046113,0.046029,0.04592,0.045785,0.045622,0.045431,0.045208,0.044951,0.04466,0.04433,0.043959,0.043542,0.043075,0.042551,0.041964,0.041303,0.040558,0.039711,0.038743,0.037627,0.036329,0.034804,0.032992,0.030819,0.028195,0.025019,0.021204,0.016717,0.011682,0.0065216,0.0021397,0
0,0.0015664,0.0045269,0.0078656,0.01107,0.013941,0.016437,0.018585,0.020429,0.022021,0.023403,0.024613,0.025681,0.026631,0.027482,0.028251,0.028949,0.029588,0.030176,0.030718,0.031222,0.031692,0.032131,0.032543,0.032931,0.033297,0.033644,0.033972,0.034284,0.034581,0.034863,0.035133,0.035389,0.035634,0.035867,0.03609,0.036302,0.036505,0.036697,0.036879,0.037052,0.037216,0.03737,0.037514,0.037649,0.037773,0.037888,0.037993,0.038087,0.038171,0.038243,0.038304,0.038354,0.038391,0.038415,0.038426,0.038424,0.038407,0.038376,0.038329,0.038266,0.038186,0.038088,0.037971,0.037834,0.037676,0.037495,0.037291,0.03706,0.036801,0.036511,0.036187,0.035825,0.035418,0.034962,0.034446,0.03386,0.03319,0.032415,0.031509,0.030436,0.029149,0.027581,0.025646,0.023235,0.02022,0.016489,0.012024,0.0070837,0.0024998,0
0,0.0020483,0.0053339,0.0086238,0.011492,0.013872,0.015817,0.01741,0.018725,0.019825,0.020757,0.021555,0.022248,0.022856,0.023394,0.023876,0.02431,0.024704,0.025064,0.025395,0.025701,0.025985,0.026249,0.026497,0.02673,0.026948,0.027155,0.02735,0.027535,0.027711,0.027878,0.028037,0.028188,0.028332,0.028469,0.0286,0.028724,0.028842,0.028954,0.029061,0.029161,0.029256,0.029344,0.029427,0.029505,0.029576,0.029641,0.0297,0.029753,0.029799,0.029838,0.029871,0.029896,0.029915,0.029925,0.029927,0.029922,0.029907,0.029884,0.029851,0.029809,0.029756,0.029693,0.029618,0.029531,0.029432,0.029319,0.029192,0.029049,0.028889,0.02871,0.028511,0.028288,0.02804,0.02776,0.027445,0.027087,0.026677,0.026202,0.025645,0.024981,0.024177,0.023183,0.021932,0.020325,0.018227,0.015473,0.011906,0.0075412,0.0029555,0
0,0.002641,0.0059187,0.0086778,0.010789,0.012376,0.013578,0.014507,0.015241,0.015833,0.016322,0.016732,0.017081,0.017384,0.017649,0.017885,0.018095,0.018285,0.018457,0.018615,0.01876,0.018894,0.019019,0.019136,0.019245,0.019348,0.019444,0.019535,0.019622,0.019703,0.019781,0.019855,0.019925,0.019991,0.020054,0.020114,0.020172,0.020226,0.020277,0.020326,0.020371,0.020414,0.020454,0.020492,0.020526,0.020558,0.020587,0.020612,0.020635,0.020655,0.020671,0.020684,0.020694,0.0207,0.020702,0.020701,0.020695,0.020686,0.020672,0.020653,0.02063,0.020602,0.020569,0.020531,0.020486,0.020436,0.020379,0.020316,0.020244,0.020165,0.020077,0.019979,0.019869,0.019747,0.019611,0.019457,0.019282,0.019081,0.018848,0.018575,0.018247,0.017848,0.017348,0.016707,0.015858,0.0147,0.013071,0.010745,0.0074883,0.0034001,0
0,0.0028675,0.0051906,0.0066947,0.0076511,0.0082777,0.0087067,0.0090139,0.0092435,0.0094215,0.0095639,0.0096807,0.0097787,0.0098624,0.009935,0.0099989,0.010056,0.010107,0.010153,0.010195,0.010233,0.010269,0.010302,0.010333,0.010361,0.010388,0.010414,0.010437,0.01046,0.010481,0.010502,0.010521,0.010539,0.010556,0.010573,0.010588,0.010603,0.010617,0.01063,0.010642,0.010654,0.010664,0.010675,0.010684,0.010692,0.0107,0.010707,0.010713,0.010718,0.010723,0.010726,0.010729,0.01073,0.010731,0.01073,0.010729,0.010726,0.010722,0.010717,0.010711,0.010703,0.010694,0.010684,0.010672,0.010659,0.010644,0.010627,0.010608,0.010587,0.010564,0.010538,0.010509,0.010478,0.010443,0.010403,0.010359,0.010309,0.010251,0.010185,0.010106,0.010011,0.0098953,0.0097485,0.0095567,0.0092956,0.0089212,0.0083506,0.007423,0.005846,0.0032464,0
0,0,0,0,0,0,0,0,0,0,0,0,0,0,0,0,0,0,0,0,0,0,0,0,0,0,0,0,0,0,0,0,0,0,0,0,0,0,0,0,0,0,0,0,0,0,0,0,0,0,0,0,0,0,0,0,0,0,0,0,0,0,0,0,0,0,0,0,0,0,0,0,0,0,0,0,0,0,0,0,0,0,0,0,0,0,0,0,0,0,0
