0,0,0,0,0,0,0,0,0,0,0,0,0,0,0,0,0,0,0,0,0,0,0,0,0,0,0,0,0,0,0,0,0,0,0,0,0,0,0,0,0,0,0,0,0,0,0,0,0,0,0,0,0,0,0,0,0,0,0,0,0,0,0,0,0,0,0,0,0,0,0,0,0,0,0,0,0,0,0,0,0,0,0,0,0,0,0,0,0,0,0
0,0.70766,0.92261,0.99991,-0.0055661,-0.86489,-0.94471,-0.96952,-0.98091,-0.98713,-0.99088,-0.9933,-0.99494,-0.9961,-0.99694,-0.99756,-0.99803,-0.9984,-0.99868,-0.99891,-0.99909,-0.99923,-0.99935,-0.99945,-0.99954,-0.9996,-0.99966,-0.99971,-0.99975,-0.99979,-0.99982,-0.99985,-0.99987,-0.99989,-0.99991,-0.99992,-0.99994,-0.99995,-0.99996,-0.99997,-0.99998,-0.99998,-0.99999,-0.99999,-1,-1,-1,-1,-1,-1,-0.99999,-0.99999,-0.99998,-0.99998,-0.99997,-0.99995,-0.99994,-0.99992,-0.9999,-0.99988,-0.99985,-0.99982,-0.99978,-0.99974,-0.99968,-0.99962,-0.99954,-0.99945,-0.99934,-0.99921,-0.99905,-0.99885,-0.99861,-0.9983,-0.9979,-0.99739,-0.99673,-0.99583,-0.99461,-0.99286,-0.99029,-0.9863,-0.97964,-0.96727,-0.93934,-0.84048,0.3429,0.99869,0.91997,0.70711,0
0,0.38846,0.71205,-0.57681,-0.76119,-0.84652,-0.8968,-0.92817,-0.94848,-0.96208,-0.97146,-0.9781,-0.98292,-0.98649,-0.98918,-0.99124,-0.99284,-0.9941,-0.9951,-0.99591,-0.99657,-0.9971,-0.99755,-0.99792,-0.99822,-0.99848,-0.9987,-0.99889,-0.99905,-0.99919,-0.99931,-0.99941,-0.9995,-0.99958,-0.99965,-0.99971,-0.99976,-0.99981,-0.99985,-0.99988,-0.99991,-0.99994,-0.99996,-0.99997,-0.99999,-0.99999,-1,-1,-1,-0.99999,-0.99998,-0.99996,-0.99993,-0.9999,-0.99987,-0.99982,-0.99977,-0.9997,-0.99963,-0.99954,-0.99943,-0.99931,-0.99916,-0.99899,-0.99878,-0.99854,-0.99826,-0.99792,-0.99752,-0.99703,-0.99644,-0.99573,-0.99485,-0.99376,-0.99241,-0.99069,-0.98849,-0.98564,-0.98187,-0.9768,-0.96983,-0.96001,-0.94576,-0.92445,-0.89136,-0.83762,-0.74315,-0.49923,0.71263,0.39374,0
0,0.021128,-0.81241,-0.70616,-0.75238,-0.80592,-0.85085,-0.88568,-0.91194,-0.9316,-0.94635,-0.95749,-0.96599,-0.97254,-0.97764,-0.98165,-0.98484,-0.98739,-0.98946,-0.99114,-0.99252,-0.99366,-0.99461,-0.9954,-0.99607,-0.99664,-0.99712,-0.99753,-0.99789,-0.99819,-0.99846,-0.99869,-0.99889,-0.99906,-0.99922,-0.99935,-0.99947,-0.99957,-0.99966,-0.99974,-0.9998,-0.99986,-0.9999,-0.99994,-0.99997,-0.99999,-1,-1,-0.99999,-0.99997,-0.99994,-0.9999,-0.99985,-0.99978,-0.9997,-0.99959,-0.99947,-0.99933,-0.99916,-0.99896,-0.99872,-0.99844,-0.99812,-0.99774,-0.99729,-0.99677,-0.99615,-0.99541,-0.99454,-0.9935,-0.99225,-0.99075,-0.98892,-0.98669,-0.98395,-0.98054,-0.97628,-0.97089,-0.964,-0.9551,-0.9435,-0.92821,-0.90791,-0.88089,-0.84521,-0.79943,-0.74545,-0.70179,-0.85657,0.061149,0
0,-0.99986,-0.64704,-0.65851,-0.70762,-0.75893,-0.80456,-0.84269,-0.8736,-0.89826,-0.9178,-0.93326,-0.94551,-0.95525,-0.96305,-0.96932,-0.97439,-0.97853,-0.98191,-0.98471,-0.98702,-0.98895,-0.99057,-0.99194,-0.99309,-0.99408,-0.99492,-0.99564,-0.99626,-0.9968,-0.99726,-0.99767,-0.99802,-0.99833,-0.99861,-0.99884,-0.99905,-0.99923,-0.99939,-0.99953,-0.99965,-0.99975,-0.99983,-0.9999,-0.99995,-0.99998,-1,-1,-0.99998,-0.99995,-0.99989,-0.99982,-0.99972,-0.9996,-0.99945,-0.99927,-0.99905,-0.99879,-0.99849,-0.99813,-0.99771,-0.99722,-0.99665,-0.99598,-0.9952,-0.99428,-0.99321,-0.99194,-0.99044,-0.98867,-0.98655,-0.98403,-0.981,-0.97734,-0.9729,-0.96748,-0.96082,-0.9526,-0.94239,-0.92963,-0.91363,-0.89353,-0.86832,-0.83693,-0.79849,-0.75298,-0.70274,-0.6573,-0.66121,-0.90729,0
0,-0.50257,-0.53254,-0.59328,-0.65363,-0.70893,-0.75759,-0.79925,-0.83423,-0.8632,-0.88701,-0.90647,-0.92236,-0.93533,-0.94594,-0.95464,-0.9618,-0.96772,-0.97264,-0.97673,-0.98016,-0.98304,-0.98547,-0.98754,-0.98929,-0.9908,-0.99209,-0.9932,-0.99416,-0.99499,-0.99572,-0.99635,-0.9969,-0.99739,-0.99782,-0.99819,-0.99852,-0.9988,-0.99905,-0.99927,-0.99945,-0.99961,-0.99974,-0.99984,-0.99992,-0.99997,-1,-1,-0.99997,-0.99991,-0.99983,-0.99971,-0.99955,-0.99936,-0.99912,-0.99883,-0.99849,-0.99808,-0.99761,-0.99705,-0.99639,-0.99563,-0.99474,-0.99371,-0.9925,-0.99109,-0.98944,-0.98751,-0.98524,-0.98257,-0.97941,-0.97568,-0.97123,-0.96592,-0.95957,-0.95193,-0.94271,-0.93155,-0.91799,-0.90151,-0.88146,-0.85712,-0.82771,-0.79249,-0.7509,-0.70285,-0.64908,-0.59204,-0.53931,-0.5454,0
0,-0.32866,-0.444,-0.52818,-0.59798,-0.6582,-0.71049,-0.75564,-0.79428,-0.82707,-0.85469,-0.87784,-0.89718,-0.91331,-0.92675,-0.93796,-0.94733,-0.95518,-0.96176,-0.96731,-0.972,-0.97597,-0.97934,-0.98222,-0.98469,-0.98681,-0.98863,-0.99021,-0.99158,-0.99278,-0.99382,-0.99473,-0.99553,-0.99623,-0.99684,-0.99738,-0.99785,-0.99827,-0.99863,-0.99894,-0.99921,-0.99944,-0.99962,-0.99977,-0.99988,-0.99996,-1,-0.99999,-0.99995,-0.99987,-0.99974,-0.99957,-0.99934,-0.99906,-0.99871,-0.99829,-0.99779,-0.9972,-0.99651,-0.9957,-0.99476,-0.99366,-0.99239,-0.99091,-0.98919,-0.98719,-0.98486,-0.98214,-0.97897,-0.97526,-0.97091,-0.9658,-0.95977,-0.95266,-0.94424,-0.93426,-0.9224,-0.90828,-0.89148,-0.8715,-0.84775,-0.81965,-0.78655,-0.74787,-0.70307,-0.65168,-0.59316,-0.52626,-0.44706,-0.34111,0
0,-0.24638,-0.37501,-0.46864,-0.54431,-0.60853,-0.66409,-0.71237,-0.75425,-0.79039,-0.82141,-0.84792,-0.87047,-0.88962,-0.90584,-0.91958,-0.93121,-0.94107,-0.94944,-0.95655,-0.96261,-0.96779,-0.97222,-0.97602,-0.97929,-0.98212,-0.98456,-0.98669,-0.98854,-0.99015,-0.99156,-0.9928,-0.99388,-0.99484,-0.99568,-0.99642,-0.99707,-0.99763,-0.99813,-0.99856,-0.99893,-0.99924,-0.99949,-0.99969,-0.99985,-0.99995,-0.99999,-0.99999,-0.99993,-0.99982,-0.99964,-0.9994,-0.99908,-0.99869,-0.99821,-0.99763,-0.99695,-0.99614,-0.99519,-0.99409,-0.9928,-0.99131,-0.98958,-0.98758,-0.98527,-0.98258,-0.97947,-0.97586,-0.97167,-0.96679,-0.96112,-0.9545,-0.94678,-0.93775,-0.92718,-0.9148,-0.90029,-0.8833,-0.86341,-0.84017,-0.81309,-0.78166,-0.74535,-0.70363,-0.65591,-0.60146,-0.539,-0.46592,-0.3758,-0.25115,0
0,-0.19649,-0.32087,-0.41626,-0.49449,-0.56119,-0.6192,-0.67002,-0.71461,-0.75362,-0.78763,-0.81714,-0.84266,-0.86465,-0.88355,-0.89977,-0.91367,-0.92558,-0.9358,-0.94456,-0.95209,-0.95856,-0.96414,-0.96896,-0.97312,-0.97674,-0.97988,-0.98262,-0.98501,-0.9871,-0.98894,-0.99055,-0.99197,-0.99322,-0.99432,-0.99529,-0.99615,-0.99689,-0.99754,-0.99811,-0.99859,-0.999,-0.99934,-0.9996,-0.9998,-0.99993,-0.99999,-0.99999,-0.99991,-0.99975,-0.99952,-0.99919,-0.99877,-0.99825,-0.99762,-0.99685,-0.99595,-0.99489,-0.99364,-0.99219,-0.99051,-0.98857,-0.98632,-0.98373,-0.98073,-0.97728,-0.97329,-0.96869,-0.96337,-0.95723,-0.95013,-0.94191,-0.93239,-0.92138,-0.90862,-0.89384,-0.87675,-0.857,-0.83423,-0.80803,-0.77799,-0.74368,-0.70464,-0.66038,-0.61031,-0.55356,-0.48865,-0.41279,-0.32018,-0.19821,0
0,-0.16257,-0.27794,-0.37102,-0.44931,-0.517,-0.57648,-0.62914,-0.67584,-0.71722,-0.75377,-0.78593,-0.81412,-0.83873,-0.86016,-0.87878,-0.89491,-0.90889,-0.92098,-0.93144,-0.9405,-0.94835,-0.95515,-0.96107,-0.96621,-0.97069,-0.9746,-0.97802,-0.98101,-0.98364,-0.98596,-0.988,-0.98979,-0.99138,-0.99278,-0.99401,-0.99509,-0.99604,-0.99687,-0.99759,-0.99821,-0.99873,-0.99916,-0.9995,-0.99975,-0.99992,-0.99999,-0.99998,-0.99988,-0.99968,-0.99937,-0.99895,-0.99842,-0.99775,-0.99693,-0.99596,-0.9948,-0.99344,-0.99186,-0.99002,-0.98789,-0.98544,-0.98261,-0.97935,-0.9756,-0.9713,-0.96635,-0.96067,-0.95414,-0.94665,-0.93804,-0.92815,-0.91679,-0.90376,-0.88881,-0.8717,-0.85213,-0.8298,-0.80438,-0.77554,-0.74293,-0.70619,-0.66493,-0.61872,-0.56698,-0.50887,-0.443,-0.36694,-0.27625,-0.16278,0
0,-0.13795,-0.24347,-0.33226,-0.40893,-0.47636,-0.53639,-0.59014,-0.63836,-0.68159,-0.72023,-0.75465,-0.7852,-0.81219,-0.83598,-0.85686,-0.87516,-0.89116,-0.90513,-0.91732,-0.92795,-0.93723,-0.94532,-0.95239,-0.95857,-0.96398,-0.96872,-0.97289,-0.97655,-0.97977,-0.98262,-0.98512,-0.98734,-0.9893,-0.99103,-0.99256,-0.9939,-0.99509,-0.99612,-0.99701,-0.99778,-0.99843,-0.99896,-0.99938,-0.99969,-0.9999,-0.99999,-0.99998,-0.99984,-0.99959,-0.9992,-0.99868,-0.99801,-0.99717,-0.99615,-0.99493,-0.9935,-0.99181,-0.98985,-0.98757,-0.98495,-0.98192,-0.97845,-0.97447,-0.9699,-0.96467,-0.95869,-0.95186,-0.94405,-0.93513,-0.92496,-0.91335,-0.90014,-0.8851,-0.86803,-0.84866,-0.82676,-0.80205,-0.77427,-0.74312,-0.70834,-0.66963,-0.62667,-0.5791,-0.52641,-0.46785,-0.40225,-0.32772,-0.24111,-0.1373,0
0,-0.11928,-0.21544,-0.29914,-0.37314,-0.43939,-0.49917,-0.55335,-0.60251,-0.64707,-0.68735,-0.72365,-0.75622,-0.78534,-0.81126,-0.83426,-0.85461,-0.87258,-0.8884,-0.90231,-0.91453,-0.92527,-0.9347,-0.94298,-0.95026,-0.95665,-0.96229,-0.96725,-0.97163,-0.9755,-0.97891,-0.98194,-0.98462,-0.98699,-0.98909,-0.99094,-0.99258,-0.99402,-0.99528,-0.99637,-0.9973,-0.99809,-0.99874,-0.99925,-0.99963,-0.99988,-0.99999,-0.99997,-0.9998,-0.99949,-0.99901,-0.99837,-0.99755,-0.99652,-0.99528,-0.99379,-0.99204,-0.98999,-0.98761,-0.98485,-0.98168,-0.97804,-0.97387,-0.96909,-0.96365,-0.95743,-0.95036,-0.94231,-0.93317,-0.92279,-0.91102,-0.89769,-0.88263,-0.86564,-0.84651,-0.82502,-0.80097,-0.77412,-0.74425,-0.71115,-0.6746,-0.63438,-0.59023,-0.54186,-0.48886,-0.43062,-0.36623,-0.29428,-0.21263,-0.11813,0
0,-0.10467,-0.19237,-0.27079,-0.34158,-0.40599,-0.46491,-0.51894,-0.56851,-0.61393,-0.65543,-0.69322,-0.72749,-0.75844,-0.78628,-0.81122,-0.8335,-0.85333,-0.87094,-0.88655,-0.90036,-0.91257,-0.92336,-0.93289,-0.9413,-0.94874,-0.95531,-0.96112,-0.96626,-0.97082,-0.97486,-0.97845,-0.98163,-0.98445,-0.98695,-0.98916,-0.99112,-0.99284,-0.99435,-0.99565,-0.99677,-0.99772,-0.9985,-0.99911,-0.99956,-0.99986,-0.99999,-0.99996,-0.99976,-0.99938,-0.9988,-0.99803,-0.99703,-0.9958,-0.99431,-0.99253,-0.99043,-0.98799,-0.98515,-0.98187,-0.97811,-0.9738,-0.96887,-0.96326,-0.95688,-0.94963,-0.94141,-0.93211,-0.92159,-0.90973,-0.89636,-0.88133,-0.86446,-0.84558,-0.82452,-0.80107,-0.77507,-0.74633,-0.71468,-0.67998,-0.64205,-0.60073,-0.55586,-0.5072,-0.45444,-0.39711,-0.33455,-0.26575,-0.18929,-0.10322,0
0,-0.092977,-0.17317,-0.24645,-0.31379,-0.37598,-0.43358,-0.487,-0.53654,-0.58239,-0.62471,-0.66362,-0.69927,-0.73177,-0.76128,-0.78797,-0.81201,-0.8336,-0.85292,-0.87018,-0.88555,-0.89923,-0.91139,-0.92219,-0.93177,-0.94027,-0.94782,-0.95452,-0.96048,-0.96577,-0.97047,-0.97465,-0.97837,-0.98168,-0.98462,-0.98722,-0.98952,-0.99155,-0.99333,-0.99487,-0.99619,-0.99731,-0.99823,-0.99895,-0.99949,-0.99984,-0.99999,-0.99995,-0.99971,-0.99925,-0.99857,-0.99765,-0.99648,-0.99502,-0.99325,-0.99115,-0.98868,-0.98581,-0.98248,-0.97864,-0.97425,-0.96922,-0.96351,-0.95701,-0.94965,-0.94133,-0.93193,-0.92134,-0.90944,-0.89608,-0.88113,-0.86443,-0.84583,-0.82517,-0.8023,-0.77707,-0.74934,-0.71897,-0.68585,-0.64987,-0.61093,-0.56892,-0.52373,-0.4752,-0.42311,-0.36713,-0.30677,-0.24135,-0.16995,-0.091342,0
0,-0.08343,-0.15704,-0.22549,-0.28934,-0.34908,-0.40506,-0.45753,-0.50667,-0.55259,-0.59537,-0.63507,-0.67177,-0.70555,-0.73649,-0.76472,-0.79037,-0.81357,-0.83451,-0.85334,-0.87023,-0.88536,-0.89888,-0.91095,-0.92171,-0.93131,-0.93987,-0.9475,-0.95429,-0.96035,-0.96576,-0.97057,-0.97487,-0.97869,-0.98209,-0.98512,-0.98779,-0.99015,-0.99222,-0.99402,-0.99556,-0.99687,-0.99794,-0.99878,-0.99941,-0.99981,-0.99999,-0.99994,-0.99965,-0.99912,-0.99832,-0.99725,-0.99587,-0.99417,-0.99211,-0.98967,-0.9868,-0.98347,-0.97961,-0.97518,-0.97012,-0.96435,-0.9578,-0.95039,-0.94202,-0.93259,-0.92199,-0.91011,-0.89682,-0.882,-0.8655,-0.84719,-0.82695,-0.80463,-0.78012,-0.75329,-0.72405,-0.69231,-0.658,-0.62106,-0.58143,-0.53907,-0.49391,-0.44586,-0.39476,-0.3404,-0.28244,-0.22043,-0.15377,-0.081707,0
0,-0.075521,-0.14336,-0.20735,-0.26781,-0.32503,-0.3792,-0.43047,-0.47892,-0.5246,-0.56753,-0.60773,-0.64521,-0.67999,-0.71212,-0.74168,-0.76875,-0.79343,-0.81586,-0.83618,-0.85452,-0.87105,-0.88591,-0.89925,-0.9112,-0.92191,-0.9315,-0.94007,-0.94774,-0.9546,-0.96074,-0.96622,-0.97112,-0.97549,-0.97939,-0.98285,-0.98593,-0.98864,-0.99103,-0.9931,-0.99488,-0.99638,-0.99762,-0.9986,-0.99932,-0.99978,-0.99999,-0.99993,-0.9996,-0.99898,-0.99806,-0.99682,-0.99523,-0.99327,-0.9909,-0.98809,-0.9848,-0.98098,-0.97657,-0.97152,-0.96576,-0.95921,-0.95181,-0.94345,-0.93405,-0.9235,-0.91169,-0.89852,-0.88387,-0.86761,-0.84962,-0.8298,-0.80801,-0.78417,-0.75818,-0.72995,-0.69944,-0.66657,-0.63134,-0.59372,-0.5537,-0.51127,-0.46642,-0.41909,-0.36921,-0.31662,-0.26113,-0.20243,-0.14014,-0.073773,0
0,-0.068886,-0.13167,-0.19159,-0.24883,-0.30353,-0.35579,-0.40569,-0.45325,-0.49846,-0.54129,-0.58171,-0.61971,-0.65525,-0.68835,-0.71903,-0.74734,-0.77334,-0.79714,-0.81884,-0.83856,-0.85644,-0.8726,-0.88718,-0.90032,-0.91213,-0.92276,-0.9323,-0.94086,-0.94855,-0.95543,-0.96161,-0.96714,-0.97209,-0.97651,-0.98044,-0.98394,-0.98703,-0.98975,-0.99211,-0.99415,-0.99586,-0.99728,-0.9984,-0.99922,-0.99975,-0.99999,-0.99992,-0.99954,-0.99883,-0.99778,-0.99636,-0.99455,-0.99232,-0.98962,-0.98643,-0.98269,-0.97836,-0.97338,-0.96768,-0.9612,-0.95386,-0.94557,-0.93625,-0.92581,-0.91414,-0.90113,-0.88669,-0.87071,-0.85307,-0.83367,-0.81241,-0.78922,-0.764,-0.7367,-0.70727,-0.67568,-0.64193,-0.60602,-0.56797,-0.5278,-0.48554,-0.4412,-0.39478,-0.34625,-0.29552,-0.24246,-0.18689,-0.12855,-0.067161,0
0,-0.063264,-0.12162,-0.17785,-0.23206,-0.28431,-0.33465,-0.38309,-0.4296,-0.47415,-0.51667,-0.5571,-0.59539,-0.63147,-0.66532,-0.69692,-0.72629,-0.75346,-0.7785,-0.80147,-0.82248,-0.84163,-0.85904,-0.87483,-0.88913,-0.90205,-0.91371,-0.92422,-0.93369,-0.94221,-0.94988,-0.95677,-0.96295,-0.9685,-0.97346,-0.97789,-0.98183,-0.98532,-0.98838,-0.99106,-0.99336,-0.99531,-0.99691,-0.99818,-0.99911,-0.99972,-0.99999,-0.99991,-0.99948,-0.99868,-0.99749,-0.99589,-0.99385,-0.99133,-0.98829,-0.9847,-0.9805,-0.97565,-0.97007,-0.96371,-0.95649,-0.94833,-0.93915,-0.92887,-0.91738,-0.9046,-0.89042,-0.87474,-0.85747,-0.83852,-0.81779,-0.79522,-0.77073,-0.74429,-0.71585,-0.6854,-0.65295,-0.61852,-0.58214,-0.54387,-0.50375,-0.46184,-0.41818,-0.37279,-0.32567,-0.2768,-0.22608,-0.17342,-0.11865,-0.061598,0
0,-0.058457,-0.11291,-0.16582,-0.21722,-0.26714,-0.31557,-0.3625,-0.40788,-0.45163,-0.49368,-0.53394,-0.57232,-0.60875,-0.64315,-0.6755,-0.70576,-0.73394,-0.76007,-0.78419,-0.80639,-0.82674,-0.84534,-0.8623,-0.87772,-0.89172,-0.90441,-0.91589,-0.92627,-0.93564,-0.9441,-0.95172,-0.95857,-0.96473,-0.97026,-0.9752,-0.9796,-0.9835,-0.98694,-0.98994,-0.99252,-0.99471,-0.99651,-0.99794,-0.999,-0.99968,-0.99998,-0.9999,-0.99942,-0.99853,-0.9972,-0.99541,-0.99312,-0.99031,-0.98692,-0.98292,-0.97825,-0.97285,-0.96667,-0.95963,-0.95166,-0.94269,-0.93262,-0.92137,-0.90885,-0.89498,-0.87965,-0.86278,-0.84429,-0.8241,-0.80215,-0.77837,-0.75273,-0.7252,-0.69579,-0.6645,-0.63136,-0.59644,-0.55978,-0.52146,-0.48155,-0.44012,-0.39724,-0.35295,-0.30727,-0.2602,-0.21171,-0.16172,-0.11015,-0.056879,0
0,-0.054319,-0.10534,-0.15525,-0.20406,-0.25177,-0.29836,-0.34378,-0.38797,-0.43084,-0.4723,-0.51224,-0.55056,-0.58716,-0.62194,-0.65486,-0.68585,-0.71488,-0.74197,-0.76714,-0.79042,-0.81188,-0.8316,-0.84967,-0.86617,-0.88122,-0.89492,-0.90736,-0.91865,-0.92887,-0.93812,-0.94648,-0.95402,-0.96081,-0.96692,-0.97238,-0.97726,-0.9816,-0.98542,-0.98876,-0.99164,-0.99408,-0.99609,-0.99769,-0.99887,-0.99963,-0.99998,-0.9999,-0.99937,-0.99838,-0.99691,-0.99492,-0.99239,-0.98927,-0.98552,-0.9811,-0.97595,-0.97001,-0.96321,-0.95549,-0.94677,-0.93698,-0.92603,-0.91383,-0.90031,-0.88537,-0.86894,-0.85094,-0.8313,-0.80996,-0.78687,-0.762,-0.73533,-0.70687,-0.67663,-0.64466,-0.61101,-0.57575,-0.53896,-0.50073,-0.46115,-0.4203,-0.37826,-0.33509,-0.29083,-0.24549,-0.19907,-0.15153,-0.10281,-0.05285,0
0,-0.050733,-0.098719,-0.14593,-0.19237,-0.23802,-0.28285,-0.32679,-0.36977,-0.4117,-0.45248,-0.49199,-0.53011,-0.56674,-0.60176,-0.63509,-0.66666,-0.69641,-0.72433,-0.75041,-0.77467,-0.79716,-0.81792,-0.83703,-0.85457,-0.87064,-0.88531,-0.89869,-0.91088,-0.92195,-0.932,-0.9411,-0.94933,-0.95676,-0.96345,-0.96946,-0.97483,-0.97961,-0.98383,-0.98752,-0.9907,-0.99341,-0.99564,-0.99741,-0.99873,-0.99958,-0.99997,-0.99989,-0.99932,-0.99824,-0.99662,-0.99443,-0.99165,-0.98823,-0.98412,-0.97927,-0.97364,-0.96715,-0.95974,-0.95134,-0.94187,-0.93127,-0.91945,-0.90633,-0.89182,-0.87587,-0.85839,-0.83932,-0.8186,-0.7962,-0.77208,-0.74623,-0.71867,-0.68941,-0.65849,-0.62598,-0.59194,-0.55648,-0.51969,-0.48165,-0.44249,-0.40228,-0.36112,-0.31906,-0.27617,-0.23247,-0.18796,-0.14264,-0.096462,-0.049391,0
0,-0.04761,-0.092909,-0.1377,-0.18198,-0.22571,-0.26886,-0.31136,-0.35315,-0.39412,-0.43416,-0.47315,-0.51098,-0.54752,-0.58264,-0.61626,-0.64827,-0.67861,-0.70723,-0.73411,-0.75925,-0.78266,-0.80438,-0.82447,-0.84299,-0.86003,-0.87565,-0.88994,-0.903,-0.91491,-0.92575,-0.93559,-0.94452,-0.9526,-0.95988,-0.96644,-0.97231,-0.97754,-0.98217,-0.98622,-0.98972,-0.9927,-0.99516,-0.99712,-0.99857,-0.99953,-0.99997,-0.99989,-0.99927,-0.9981,-0.99634,-0.99396,-0.99093,-0.9872,-0.98272,-0.97746,-0.97133,-0.9643,-0.95628,-0.94721,-0.93701,-0.92562,-0.91295,-0.89893,-0.88349,-0.86656,-0.84809,-0.82802,-0.80631,-0.78293,-0.75789,-0.73118,-0.70283,-0.67289,-0.64142,-0.60849,-0.5742,-0.53865,-0.50194,-0.46418,-0.42549,-0.38595,-0.34567,-0.3047,-0.26311,-0.22093,-0.17818,-0.13486,-0.090945,-0.046409,0
0,-0.044876,-0.087791,-0.13041,-0.17271,-0.21467,-0.25625,-0.29738,-0.33799,-0.37799,-0.41726,-0.45569,-0.49314,-0.52949,-0.56462,-0.5984,-0.63074,-0.66154,-0.69075,-0.71832,-0.74423,-0.76847,-0.79108,-0.81207,-0.83151,-0.84946,-0.86599,-0.88116,-0.89508,-0.9078,-0.91942,-0.93,-0.93961,-0.94834,-0.95622,-0.96333,-0.96971,-0.9754,-0.98044,-0.98487,-0.9887,-0.99195,-0.99465,-0.9968,-0.99841,-0.99946,-0.99996,-0.99989,-0.99923,-0.99797,-0.99607,-0.9935,-0.99022,-0.98619,-0.98136,-0.97567,-0.96907,-0.96149,-0.95288,-0.94315,-0.93224,-0.92008,-0.90659,-0.89171,-0.87538,-0.85754,-0.83813,-0.81713,-0.79451,-0.77026,-0.74438,-0.71692,-0.6879,-0.65739,-0.62547,-0.59224,-0.55778,-0.52222,-0.48568,-0.44825,-0.41006,-0.37121,-0.33178,-0.29186,-0.25149,-0.21072,-0.16957,-0.12805,-0.086141,-0.043829,0
0,-0.042475,-0.08327,-0.12393,-0.16443,-0.20476,-0.24487,-0.28471,-0.32419,-0.36323,-0.40172,-0.43953,-0.47655,-0.51265,-0.54768,-0.58153,-0.61409,-0.64526,-0.67495,-0.7031,-0.72968,-0.75467,-0.77807,-0.7999,-0.82019,-0.839,-0.85639,-0.87241,-0.88714,-0.90066,-0.91304,-0.92434,-0.93464,-0.94401,-0.95249,-0.96015,-0.96704,-0.9732,-0.97866,-0.98346,-0.98763,-0.99117,-0.99412,-0.99647,-0.99822,-0.99939,-0.99995,-0.99989,-0.9992,-0.99786,-0.99582,-0.99307,-0.98955,-0.98522,-0.98003,-0.97394,-0.96687,-0.95877,-0.94957,-0.9392,-0.9276,-0.9147,-0.90044,-0.88474,-0.86757,-0.84886,-0.82859,-0.80674,-0.78328,-0.75824,-0.73164,-0.70351,-0.67392,-0.64295,-0.61068,-0.57722,-0.54268,-0.50719,-0.47085,-0.43379,-0.39612,-0.35794,-0.31934,-0.2804,-0.24117,-0.20169,-0.16199,-0.12208,-0.081952,-0.041591,0
0,-0.040358,-0.079265,-0.11816,-0.15704,-0.19587,-0.23461,-0.27322,-0.31163,-0.34973,-0.38743,-0.42462,-0.46117,-0.49695,-0.53183,-0.56567,-0.59836,-0.62979,-0.65986,-0.68851,-0.71567,-0.74132,-0.76543,-0.78802,-0.8091,-0.82871,-0.8469,-0.86373,-0.87925,-0.89353,-0.90665,-0.91866,-0.92963,-0.93963,-0.94871,-0.95692,-0.96432,-0.97094,-0.97683,-0.98201,-0.98651,-0.99035,-0.99355,-0.9961,-0.99802,-0.9993,-0.99993,-0.9999,-0.99918,-0.99776,-0.9956,-0.99266,-0.98891,-0.9843,-0.97877,-0.97228,-0.96476,-0.95615,-0.94639,-0.93541,-0.92315,-0.90955,-0.89454,-0.87808,-0.86011,-0.84061,-0.81954,-0.79691,-0.7727,-0.74696,-0.71971,-0.69101,-0.66094,-0.62958,-0.59704,-0.56344,-0.52888,-0.49349,-0.4574,-0.42072,-0.38357,-0.34604,-0.30823,-0.2702,-0.23201,-0.19371,-0.15532,-0.11685,-0.078295,-0.039645,0
0,-0.038486,-0.075707,-0.11302,-0.15041,-0.18787,-0.22536,-0.26282,-0.3002,-0.3374,-0.37434,-0.41089,-0.44695,-0.48237,-0.51703,-0.5508,-0.58354,-0.61515,-0.64553,-0.67458,-0.70223,-0.72845,-0.7532,-0.77647,-0.79828,-0.81864,-0.83758,-0.85517,-0.87144,-0.88645,-0.90028,-0.91298,-0.9246,-0.93522,-0.94488,-0.95364,-0.96155,-0.96864,-0.97495,-0.98052,-0.98536,-0.9895,-0.99295,-0.99572,-0.9978,-0.9992,-0.99991,-0.99991,-0.99918,-0.99769,-0.99541,-0.9923,-0.98833,-0.98345,-0.97759,-0.97072,-0.96276,-0.95367,-0.94337,-0.93181,-0.91893,-0.90466,-0.88895,-0.87177,-0.85307,-0.83283,-0.81104,-0.78769,-0.76282,-0.73644,-0.70863,-0.67944,-0.64897,-0.6173,-0.58456,-0.55086,-0.51633,-0.48109,-0.44526,-0.40897,-0.37232,-0.33541,-0.29833,-0.26115,-0.22391,-0.18668,-0.14946,-0.11226,-0.075101,-0.037952,0
0,-0.036827,-0.072542,-0.10843,-0.14448,-0.18068,-0.21701,-0.2534,-0.28981,-0.32615,-0.36234,-0.39826,-0.43381,-0.46885,-0.50326,-0.5369,-0.56964,-0.60136,-0.63196,-0.66133,-0.6894,-0.71612,-0.74143,-0.76532,-0.78778,-0.80882,-0.82847,-0.84676,-0.86374,-0.87946,-0.89397,-0.90732,-0.91958,-0.9308,-0.94104,-0.95034,-0.95874,-0.96629,-0.97303,-0.97898,-0.98417,-0.98861,-0.99232,-0.9953,-0.99756,-0.99909,-0.99989,-0.99992,-0.99918,-0.99763,-0.99525,-0.99199,-0.98781,-0.98267,-0.97651,-0.96927,-0.96091,-0.95135,-0.94055,-0.92844,-0.91496,-0.90007,-0.88372,-0.86587,-0.8465,-0.82558,-0.80313,-0.77914,-0.75367,-0.72674,-0.69844,-0.66883,-0.63802,-0.60611,-0.57322,-0.53948,-0.505,-0.46992,-0.43437,-0.39845,-0.36228,-0.32595,-0.28955,-0.25314,-0.21677,-0.18049,-0.14431,-0.10825,-0.072313,-0.036478,0
0,-0.035352,-0.069719,-0.10432,-0.13916,-0.17421,-0.20946,-0.24487,-0.28037,-0.3159,-0.35136,-0.38667,-0.42171,-0.45635,-0.49047,-0.52394,-0.55662,-0.5884,-0.61915,-0.64878,-0.6772,-0.70434,-0.73015,-0.75458,-0.77763,-0.7993,-0.8196,-0.83855,-0.8562,-0.87257,-0.88773,-0.90172,-0.91459,-0.9264,-0.93719,-0.94701,-0.95591,-0.96392,-0.97107,-0.97741,-0.98293,-0.98768,-0.99165,-0.99486,-0.9973,-0.99897,-0.99985,-0.99994,-0.9992,-0.99761,-0.99513,-0.99173,-0.98736,-0.98198,-0.97553,-0.96796,-0.95921,-0.94922,-0.93795,-0.92532,-0.9113,-0.89584,-0.87889,-0.86042,-0.84043,-0.8189,-0.79585,-0.7713,-0.74529,-0.71788,-0.68915,-0.65919,-0.6281,-0.59599,-0.563,-0.52924,-0.49484,-0.45994,-0.42465,-0.3891,-0.35338,-0.31758,-0.28179,-0.24608,-0.21049,-0.17506,-0.13981,-0.10475,-0.069884,-0.035195,0
0,-0.034039,-0.067199,-0.10064,-0.13438,-0.16839,-0.20266,-0.23714,-0.27179,-0.30655,-0.34133,-0.37604,-0.41057,-0.44481,-0.47862,-0.51189,-0.54448,-0.57626,-0.60711,-0.63694,-0.66564,-0.69314,-0.71937,-0.74429,-0.76787,-0.79011,-0.811,-0.83057,-0.84883,-0.86583,-0.8816,-0.89619,-0.90965,-0.92202,-0.93335,-0.94368,-0.95306,-0.96152,-0.96909,-0.97579,-0.98167,-0.98672,-0.99095,-0.99439,-0.99701,-0.99882,-0.99981,-0.99995,-0.99923,-0.99761,-0.99505,-0.99153,-0.98699,-0.98139,-0.97467,-0.96679,-0.95769,-0.94731,-0.93559,-0.9225,-0.90797,-0.89197,-0.87448,-0.85545,-0.8349,-0.81282,-0.78923,-0.76417,-0.73769,-0.70987,-0.68077,-0.65051,-0.61919,-0.58693,-0.55386,-0.52011,-0.48581,-0.45109,-0.41606,-0.38084,-0.34553,-0.31022,-0.27499,-0.2399,-0.20499,-0.17032,-0.13588,-0.1017,-0.067772,-0.034082,0
0,-0.032868,-0.064945,-0.097348,-0.13008,-0.16314,-0.1965,-0.23014,-0.26401,-0.29804,-0.33217,-0.3663,-0.40034,-0.43417,-0.46767,-0.50071,-0.53317,-0.56491,-0.59583,-0.62579,-0.65472,-0.68252,-0.70911,-0.73446,-0.75851,-0.78126,-0.8027,-0.82282,-0.84166,-0.85924,-0.87559,-0.89075,-0.90477,-0.91768,-0.92953,-0.94035,-0.9502,-0.95909,-0.96707,-0.97415,-0.98036,-0.98571,-0.99022,-0.99388,-0.9967,-0.99866,-0.99976,-0.99997,-0.99927,-0.99763,-0.99502,-0.99139,-0.9867,-0.98091,-0.97395,-0.96579,-0.95636,-0.94562,-0.9335,-0.91998,-0.90499,-0.88851,-0.87052,-0.85099,-0.82994,-0.80736,-0.7833,-0.75779,-0.73091,-0.70271,-0.6733,-0.64279,-0.61128,-0.57891,-0.54579,-0.51206,-0.47786,-0.4433,-0.40851,-0.3736,-0.33866,-0.30379,-0.26905,-0.23451,-0.20022,-0.1662,-0.13248,-0.099059,-0.065944,-0.033119,0
0,-0.031822,-0.062926,-0.09439,-0.12622,-0.15841,-0.19095,-0.22381,-0.25694,-0.2903,-0.32381,-0.3574,-0.39096,-0.42438,-0.45756,-0.49036,-0.52266,-0.55434,-0.58527,-0.61533,-0.64443,-0.67248,-0.69939,-0.7251,-0.74957,-0.77278,-0.79471,-0.81535,-0.83471,-0.85283,-0.86972,-0.88542,-0.89996,-0.91339,-0.92573,-0.93704,-0.94733,-0.95665,-0.96502,-0.97247,-0.97902,-0.98467,-0.98945,-0.99334,-0.99635,-0.99847,-0.99969,-0.99998,-0.99932,-0.99769,-0.99503,-0.99132,-0.9865,-0.98054,-0.97337,-0.96496,-0.95524,-0.94417,-0.9317,-0.91779,-0.90239,-0.88548,-0.86704,-0.84706,-0.82556,-0.80255,-0.77807,-0.75217,-0.72493,-0.69642,-0.66674,-0.63602,-0.60436,-0.57189,-0.53874,-0.50505,-0.47094,-0.43654,-0.40197,-0.36734,-0.33273,-0.29824,-0.26393,-0.22988,-0.19611,-0.16266,-0.12955,-0.096788,-0.064372,-0.03229,0
0,-0.030887,-0.061117,-0.091734,-0.12274,-0.15415,-0.18593,-0.21807,-0.25053,-0.28326,-0.31619,-0.34926,-0.38235,-0.41539,-0.44824,-0.48079,-0.51292,-0.5445,-0.57542,-0.60554,-0.63477,-0.66301,-0.69019,-0.71622,-0.74106,-0.76467,-0.78704,-0.80815,-0.828,-0.84662,-0.86401,-0.88021,-0.89525,-0.90916,-0.92198,-0.93374,-0.94447,-0.9542,-0.96296,-0.97077,-0.97764,-0.9836,-0.98864,-0.99276,-0.99598,-0.99826,-0.99961,-0.99999,-0.99939,-0.99777,-0.99509,-0.99131,-0.9864,-0.98029,-0.97295,-0.96431,-0.95434,-0.94299,-0.9302,-0.91594,-0.90017,-0.88288,-0.86405,-0.84368,-0.82178,-0.79839,-0.77355,-0.74731,-0.71976,-0.69098,-0.66108,-0.63018,-0.59839,-0.56585,-0.53269,-0.49903,-0.46502,-0.43076,-0.39638,-0.36199,-0.32767,-0.29351,-0.25957,-0.22593,-0.19261,-0.15964,-0.12706,-0.094854,-0.063034,-0.031582,0
0,-0.03005,-0.059495,-0.089347,-0.11962,-0.1503,-0.1814,-0.21288,-0.24472,-0.27686,-0.30925,-0.34182,-0.37448,-0.40713,-0.43966,-0.47196,-0.50391,-0.53538,-0.56624,-0.5964,-0.62572,-0.65412,-0.68151,-0.70781,-0.73297,-0.75694,-0.7797,-0.80123,-0.82153,-0.8406,-0.85846,-0.87513,-0.89064,-0.90501,-0.91827,-0.93046,-0.94161,-0.95174,-0.96087,-0.96903,-0.97623,-0.98248,-0.98778,-0.99215,-0.99557,-0.99803,-0.99951,-1,-0.99947,-0.99788,-0.99519,-0.99138,-0.98638,-0.98017,-0.97267,-0.96386,-0.95367,-0.94207,-0.92901,-0.91445,-0.89837,-0.88074,-0.86157,-0.84086,-0.81862,-0.7949,-0.76974,-0.74321,-0.7154,-0.68639,-0.65631,-0.62526,-0.59337,-0.56077,-0.5276,-0.49398,-0.46004,-0.42591,-0.3917,-0.35751,-0.32343,-0.28955,-0.25593,-0.22262,-0.18968,-0.15712,-0.12497,-0.093233,-0.061909,-0.030986,0
0,-0.0293,-0.058039,-0.087203,-0.1168,-0.14684,-0.1773,-0.20818,-0.23945,-0.27105,-0.30294,-0.33504,-0.36729,-0.39957,-0.43179,-0.46383,-0.49559,-0.52692,-0.55772,-0.58787,-0.61726,-0.64577,-0.67334,-0.69987,-0.7253,-0.74959,-0.7727,-0.79461,-0.81531,-0.8348,-0.85309,-0.87019,-0.88613,-0.90093,-0.91462,-0.92722,-0.93876,-0.94927,-0.95876,-0.96726,-0.97477,-0.98131,-0.98689,-0.99149,-0.99512,-0.99776,-0.99939,-1,-0.99955,-0.99801,-0.99534,-0.99151,-0.98647,-0.98017,-0.97256,-0.9636,-0.95324,-0.94143,-0.92813,-0.91332,-0.89697,-0.87907,-0.8596,-0.8386,-0.81607,-0.79207,-0.76665,-0.73987,-0.71184,-0.68265,-0.65241,-0.62124,-0.58927,-0.55662,-0.52345,-0.48986,-0.45599,-0.42197,-0.38789,-0.35387,-0.31999,-0.28633,-0.25296,-0.21993,-0.18729,-0.15506,-0.12326,-0.091903,-0.060984,-0.030493,0
0,-0.028628,-0.056733,-0.085276,-0.11427,-0.14371,-0.17361,-0.20394,-0.23467,-0.26578,-0.2972,-0.32887,-0.36072,-0.39265,-0.42456,-0.45636,-0.48791,-0.5191,-0.54982,-0.57994,-0.60936,-0.63796,-0.66567,-0.69239,-0.71806,-0.74262,-0.76604,-0.78828,-0.80934,-0.82921,-0.84789,-0.86539,-0.88173,-0.89693,-0.91101,-0.924,-0.93592,-0.94679,-0.95663,-0.96546,-0.97328,-0.98011,-0.98595,-0.99079,-0.99463,-0.99745,-0.99925,-0.99998,-0.99963,-0.99816,-0.99554,-0.99172,-0.98665,-0.9803,-0.97261,-0.96354,-0.95304,-0.94106,-0.92758,-0.91257,-0.896,-0.87786,-0.85816,-0.83691,-0.81414,-0.78991,-0.76427,-0.7373,-0.70908,-0.67974,-0.64937,-0.6181,-0.58606,-0.55339,-0.5202,-0.48664,-0.45283,-0.41888,-0.38491,-0.35102,-0.31729,-0.28381,-0.25063,-0.21782,-0.18541,-0.15343,-0.12191,-0.090848,-0.060247,-0.030097,0
0,-0.028026,-0.055561,-0.083545,-0.11199,-0.1409,-0.17028,-0.2001,-0.23036,-0.261,-0.29198,-0.32325,-0.35473,-0.38632,-0.41795,-0.44949,-0.48085,-0.51189,-0.54251,-0.57258,-0.60201,-0.63067,-0.65848,-0.68535,-0.71122,-0.73602,-0.7597,-0.78225,-0.80363,-0.82383,-0.84287,-0.86073,-0.87744,-0.89302,-0.90747,-0.92082,-0.9331,-0.94431,-0.95448,-0.96363,-0.97175,-0.97886,-0.98496,-0.99004,-0.99409,-0.99711,-0.99907,-0.99995,-0.99972,-0.99834,-0.99578,-0.99199,-0.98693,-0.98056,-0.97282,-0.96368,-0.95308,-0.94098,-0.92736,-0.91219,-0.89544,-0.87712,-0.85723,-0.83579,-0.81283,-0.78841,-0.7626,-0.73547,-0.70711,-0.67765,-0.64718,-0.61583,-0.58374,-0.55104,-0.51785,-0.4843,-0.45053,-0.41664,-0.38275,-0.34895,-0.31533,-0.28197,-0.24893,-0.21627,-0.18402,-0.15223,-0.1209,-0.090055,-0.059688,-0.029792,0
0,-0.027487,-0.054511,-0.081992,-0.10994,-0.13837,-0.16728,-0.19664,-0.22646,-0.25668,-0.28726,-0.31815,-0.34928,-0.38056,-0.4119,-0.4432,-0.47435,-0.50524,-0.53575,-0.56577,-0.59517,-0.62387,-0.65176,-0.67875,-0.70478,-0.72977,-0.75369,-0.7765,-0.79816,-0.81867,-0.83803,-0.85622,-0.87327,-0.88919,-0.90398,-0.91768,-0.93029,-0.94183,-0.95232,-0.96176,-0.97017,-0.97756,-0.98391,-0.98923,-0.99351,-0.99673,-0.99887,-0.9999,-0.9998,-0.99853,-0.99606,-0.99233,-0.98731,-0.98095,-0.9732,-0.96401,-0.95336,-0.94119,-0.92747,-0.91218,-0.89531,-0.87686,-0.85682,-0.83524,-0.81214,-0.78758,-0.76163,-0.73438,-0.70592,-0.67636,-0.64582,-0.61441,-0.58228,-0.54955,-0.51636,-0.48282,-0.44907,-0.41521,-0.38136,-0.34762,-0.31406,-0.28078,-0.24782,-0.21525,-0.18311,-0.15143,-0.12023,-0.089516,-0.059301,-0.029576,0
0,-0.027005,-0.053571,-0.080601,-0.10811,-0.1361,-0.16458,-0.19353,-0.22294,-0.25277,-0.28298,-0.31353,-0.34433,-0.37531,-0.40638,-0.43745,-0.4684,-0.49913,-0.52953,-0.55946,-0.58884,-0.61754,-0.64548,-0.67257,-0.69873,-0.72389,-0.748,-0.77103,-0.79294,-0.81372,-0.83336,-0.85186,-0.86922,-0.88544,-0.90056,-0.91457,-0.92749,-0.93934,-0.95013,-0.95986,-0.96856,-0.97621,-0.98282,-0.98838,-0.99287,-0.9963,-0.99862,-0.99983,-0.99988,-0.99874,-0.99637,-0.99273,-0.98777,-0.98145,-0.97373,-0.96455,-0.95388,-0.94167,-0.9279,-0.91255,-0.8956,-0.87706,-0.85693,-0.83525,-0.81205,-0.7874,-0.76136,-0.73403,-0.70549,-0.67587,-0.64527,-0.61383,-0.58167,-0.54892,-0.51571,-0.48217,-0.44842,-0.41458,-0.38075,-0.34702,-0.31349,-0.28023,-0.2473,-0.21476,-0.18266,-0.15102,-0.11987,-0.089223,-0.059082,-0.029447,0
0,-0.026575,-0.052731,-0.079357,-0.10647,-0.13407,-0.16216,-0.19074,-0.21978,-0.24925,-0.27913,-0.30934,-0.33984,-0.37054,-0.40136,-0.4322,-0.46296,-0.49353,-0.5238,-0.55365,-0.58298,-0.61167,-0.63964,-0.66679,-0.69305,-0.71834,-0.74262,-0.76584,-0.78797,-0.80898,-0.82888,-0.84764,-0.86527,-0.88179,-0.89719,-0.91149,-0.9247,-0.93684,-0.94791,-0.95793,-0.96689,-0.9748,-0.98166,-0.98746,-0.99218,-0.99582,-0.99834,-0.99972,-0.99994,-0.99895,-0.99671,-0.99318,-0.98832,-0.98208,-0.97441,-0.96527,-0.95463,-0.94243,-0.92865,-0.91328,-0.89631,-0.87772,-0.85755,-0.83581,-0.81257,-0.78786,-0.76177,-0.73439,-0.70581,-0.67615,-0.64552,-0.61405,-0.58187,-0.54911,-0.51589,-0.48234,-0.44858,-0.41473,-0.38088,-0.34714,-0.31359,-0.2803,-0.24735,-0.21479,-0.18266,-0.151,-0.11983,-0.089172,-0.05903,-0.029403,0
0,-0.026193,-0.051984,-0.078249,-0.105,-0.13225,-0.16,-0.18823,-0.21694,-0.2461,-0.27566,-0.30558,-0.33579,-0.36623,-0.39681,-0.42743,-0.458,-0.48841,-0.51854,-0.5483,-0.57756,-0.60623,-0.63421,-0.6614,-0.68773,-0.71313,-0.73754,-0.76092,-0.78323,-0.80445,-0.82456,-0.84356,-0.86144,-0.87821,-0.89388,-0.90844,-0.92193,-0.93433,-0.94567,-0.95595,-0.96517,-0.97334,-0.98044,-0.98648,-0.99143,-0.99528,-0.99801,-0.99959,-0.99998,-0.99916,-0.99707,-0.99368,-0.98895,-0.98282,-0.97524,-0.96619,-0.9556,-0.94346,-0.92972,-0.91438,-0.89741,-0.87884,-0.85866,-0.83692,-0.81367,-0.78895,-0.76285,-0.73545,-0.70686,-0.67719,-0.64655,-0.61508,-0.58288,-0.55011,-0.51687,-0.4833,-0.44952,-0.41563,-0.38174,-0.34795,-0.31434,-0.28099,-0.24796,-0.21532,-0.18311,-0.15136,-0.12011,-0.089362,-0.059141,-0.029444,0
0,-0.025854,-0.051322,-0.077266,-0.1037,-0.13064,-0.15807,-0.186,-0.21441,-0.24327,-0.27255,-0.30219,-0.33215,-0.36234,-0.39269,-0.4231,-0.45348,-0.48373,-0.51374,-0.54339,-0.57258,-0.6012,-0.62916,-0.65637,-0.68275,-0.70823,-0.73275,-0.75625,-0.77872,-0.80011,-0.82041,-0.83962,-0.85772,-0.87472,-0.89062,-0.90543,-0.91916,-0.93182,-0.94341,-0.95394,-0.96341,-0.97182,-0.97916,-0.98543,-0.99061,-0.99468,-0.99763,-0.99941,-1,-0.99936,-0.99745,-0.99423,-0.98965,-0.98366,-0.97621,-0.96727,-0.95679,-0.94474,-0.93109,-0.91582,-0.89892,-0.88039,-0.86027,-0.83856,-0.81534,-0.79065,-0.76457,-0.7372,-0.70863,-0.67897,-0.64834,-0.61687,-0.58468,-0.55189,-0.51864,-0.48504,-0.45121,-0.41727,-0.38331,-0.34944,-0.31573,-0.28227,-0.24913,-0.21635,-0.184,-0.1521,-0.12069,-0.089792,-0.059417,-0.02957,0
0,-0.025556,-0.050738,-0.0764,-0.10255,-0.12921,-0.15637,-0.18403,-0.21217,-0.24076,-0.26978,-0.29917,-0.32888,-0.35884,-0.38898,-0.41919,-0.4494,-0.47948,-0.50935,-0.53889,-0.568,-0.59656,-0.6245,-0.65171,-0.67811,-0.70364,-0.72823,-0.75184,-0.77443,-0.79596,-0.81643,-0.83581,-0.8541,-0.8713,-0.88742,-0.90245,-0.9164,-0.92929,-0.94111,-0.95188,-0.96158,-0.97023,-0.97781,-0.98431,-0.98972,-0.99402,-0.99718,-0.99918,-0.99999,-0.99955,-0.99784,-0.99481,-0.99041,-0.98459,-0.97731,-0.96853,-0.95819,-0.94628,-0.93275,-0.91759,-0.9008,-0.88237,-0.86233,-0.84072,-0.81756,-0.79294,-0.76692,-0.7396,-0.71108,-0.68146,-0.65086,-0.6194,-0.58722,-0.55443,-0.52116,-0.48752,-0.45364,-0.41963,-0.38558,-0.35159,-0.31776,-0.28415,-0.25083,-0.21787,-0.18532,-0.15321,-0.12158,-0.090458,-0.059856,-0.029782,0
0,-0.025296,-0.050229,-0.075642,-0.10155,-0.12796,-0.15488,-0.18229,-0.21019,-0.23854,-0.26733,-0.29649,-0.32598,-0.35573,-0.38566,-0.41568,-0.44571,-0.47564,-0.50537,-0.5348,-0.56381,-0.5923,-0.62019,-0.64738,-0.67379,-0.69934,-0.72399,-0.74767,-0.77035,-0.792,-0.8126,-0.83213,-0.85058,-0.86796,-0.88426,-0.89949,-0.91365,-0.92675,-0.93879,-0.94977,-0.9597,-0.96857,-0.97638,-0.98311,-0.98875,-0.99328,-0.99668,-0.9989,-0.99993,-0.99972,-0.99823,-0.99541,-0.99122,-0.98561,-0.97853,-0.96994,-0.95979,-0.94805,-0.93469,-0.91969,-0.90305,-0.88476,-0.86485,-0.84336,-0.82032,-0.7958,-0.76988,-0.74264,-0.71419,-0.68463,-0.65407,-0.62265,-0.59048,-0.55769,-0.5244,-0.49072,-0.45678,-0.42267,-0.38851,-0.35439,-0.32039,-0.28659,-0.25306,-0.21987,-0.18706,-0.15469,-0.12278,-0.091361,-0.060458,-0.030081,0
0,-0.025072,-0.049789,-0.074988,-0.10068,-0.12688,-0.15358,-0.18078,-0.20846,-0.2366,-0.26518,-0.29413,-0.32341,-0.35296,-0.3827,-0.41255,-0.44241,-0.47218,-0.50178,-0.53108,-0.55999,-0.5884,-0.61623,-0.64338,-0.66977,-0.69533,-0.72,-0.74373,-0.76648,-0.78822,-0.80892,-0.82857,-0.84716,-0.86469,-0.88115,-0.89655,-0.9109,-0.92419,-0.93643,-0.94762,-0.95776,-0.96685,-0.97488,-0.98184,-0.98771,-0.99247,-0.9961,-0.99856,-0.99983,-0.99986,-0.99861,-0.99603,-0.99207,-0.9867,-0.97985,-0.97148,-0.96156,-0.95003,-0.93688,-0.92208,-0.90563,-0.88753,-0.8678,-0.84646,-0.82357,-0.79919,-0.7734,-0.74627,-0.71792,-0.68844,-0.65795,-0.62658,-0.59443,-0.56164,-0.52833,-0.49461,-0.46059,-0.42638,-0.39208,-0.3578,-0.3236,-0.28958,-0.2558,-0.22233,-0.18922,-0.15652,-0.12427,-0.092496,-0.061223,-0.030465,0
0,-0.024882,-0.049415,-0.074431,-0.099942,-0.12595,-0.15247,-0.17948,-0.20698,-0.23493,-0.26331,-0.29208,-0.32117,-0.35054,-0.3801,-0.40977,-0.43947,-0.46909,-0.49854,-0.52772,-0.55652,-0.58484,-0.61259,-0.63969,-0.66604,-0.69159,-0.71626,-0.74002,-0.76281,-0.78461,-0.80539,-0.82514,-0.84384,-0.86149,-0.87809,-0.89364,-0.90815,-0.92161,-0.93403,-0.94541,-0.95575,-0.96505,-0.97329,-0.98047,-0.98657,-0.99157,-0.99544,-0.99815,-0.99967,-0.99995,-0.99896,-0.99664,-0.99296,-0.98784,-0.98126,-0.97316,-0.96349,-0.95222,-0.93931,-0.92476,-0.90854,-0.89066,-0.87114,-0.85,-0.8273,-0.80309,-0.77745,-0.75046,-0.72223,-0.69285,-0.66245,-0.63113,-0.59902,-0.56624,-0.5329,-0.49913,-0.46502,-0.4307,-0.39626,-0.36178,-0.32737,-0.2931,-0.25903,-0.22524,-0.19178,-0.15871,-0.12605,-0.093858,-0.062146,-0.030935,0
0,-0.024725,-0.049105,-0.073968,-0.099325,-0.12518,-0.15154,-0.17839,-0.20572,-0.23351,-0.26172,-0.29032,-0.31924,-0.34844,-0.37783,-0.40734,-0.43688,-0.46635,-0.49566,-0.52471,-0.55339,-0.58161,-0.60927,-0.63629,-0.66259,-0.68811,-0.71276,-0.73652,-0.75933,-0.78116,-0.802,-0.82181,-0.8406,-0.85835,-0.87507,-0.89074,-0.90539,-0.919,-0.93159,-0.94315,-0.95368,-0.96317,-0.97162,-0.97902,-0.98534,-0.99058,-0.99469,-0.99766,-0.99944,-1,-0.99928,-0.99725,-0.99385,-0.98903,-0.98274,-0.97493,-0.96556,-0.95458,-0.94196,-0.92768,-0.91173,-0.89411,-0.87484,-0.85394,-0.83145,-0.80744,-0.78199,-0.75516,-0.72707,-0.69782,-0.66751,-0.63626,-0.60419,-0.57142,-0.53806,-0.50423,-0.47004,-0.43559,-0.40098,-0.36631,-0.33165,-0.2971,-0.26271,-0.22857,-0.19472,-0.16122,-0.12811,-0.095439,-0.063223,-0.031488,0
0,-0.024599,-0.048857,-0.073596,-0.098828,-0.12456,-0.15078,-0.1775,-0.20469,-0.23233,-0.2604,-0.28884,-0.31761,-0.34665,-0.37589,-0.40524,-0.43463,-0.46395,-0.49312,-0.52203,-0.55058,-0.57869,-0.60625,-0.63319,-0.65942,-0.68487,-0.70949,-0.73323,-0.75603,-0.77788,-0.79874,-0.8186,-0.83744,-0.85527,-0.87208,-0.88786,-0.90263,-0.91638,-0.92911,-0.94083,-0.95153,-0.96121,-0.96986,-0.97747,-0.98402,-0.98949,-0.99386,-0.99709,-0.99914,-0.99998,-0.99956,-0.99783,-0.99475,-0.99025,-0.98428,-0.9768,-0.96775,-0.95709,-0.9448,-0.93083,-0.91519,-0.89787,-0.87887,-0.85823,-0.836,-0.81222,-0.78697,-0.76033,-0.7324,-0.70327,-0.67307,-0.6419,-0.60988,-0.57712,-0.54374,-0.50986,-0.47557,-0.44099,-0.40621,-0.37131,-0.3364,-0.30154,-0.26681,-0.23228,-0.198,-0.16404,-0.13043,-0.097225,-0.064446,-0.032121,0
0,-0.024505,-0.048668,-0.073313,-0.098447,-0.12407,-0.15019,-0.1768,-0.20387,-0.23139,-0.25933,-0.28763,-0.31627,-0.34516,-0.37425,-0.40346,-0.43269,-0.46187,-0.4909,-0.51967,-0.54809,-0.57607,-0.60352,-0.63036,-0.6565,-0.68188,-0.70644,-0.73013,-0.75291,-0.77474,-0.79561,-0.81549,-0.83437,-0.85225,-0.86912,-0.88499,-0.89985,-0.91372,-0.92658,-0.93844,-0.9493,-0.95916,-0.968,-0.97582,-0.98259,-0.9883,-0.99292,-0.99641,-0.99875,-0.99989,-0.99978,-0.99838,-0.99562,-0.99147,-0.98585,-0.97872,-0.97003,-0.95974,-0.94779,-0.93418,-0.91887,-0.90187,-0.88319,-0.86285,-0.84088,-0.81736,-0.79233,-0.7659,-0.73814,-0.70916,-0.67908,-0.64799,-0.61602,-0.58328,-0.54988,-0.51594,-0.48155,-0.44683,-0.41186,-0.37674,-0.34155,-0.30637,-0.27128,-0.23633,-0.2016,-0.16713,-0.13299,-0.0992,-0.065804,-0.032829,0
0,-0.024441,-0.048539,-0.073117,-0.09818,-0.12373,-0.14977,-0.17629,-0.20326,-0.23068,-0.2585,-0.28669,-0.3152,-0.34396,-0.37292,-0.40198,-0.43107,-0.46011,-0.48898,-0.51761,-0.5459,-0.57375,-0.60107,-0.62779,-0.65383,-0.67912,-0.7036,-0.72722,-0.74995,-0.77175,-0.79259,-0.81247,-0.83136,-0.84927,-0.86619,-0.88212,-0.89707,-0.91103,-0.924,-0.93599,-0.947,-0.95702,-0.96604,-0.97406,-0.98105,-0.987,-0.99187,-0.99564,-0.99827,-0.99972,-0.99993,-0.99887,-0.99647,-0.99268,-0.98744,-0.98069,-0.97239,-0.96248,-0.95092,-0.93769,-0.92275,-0.9061,-0.88776,-0.86773,-0.84606,-0.82281,-0.79803,-0.77181,-0.74423,-0.71541,-0.68544,-0.65445,-0.62253,-0.5898,-0.55639,-0.52238,-0.4879,-0.45303,-0.41787,-0.38251,-0.34704,-0.31153,-0.27605,-0.24068,-0.20546,-0.17047,-0.13575,-0.10134,-0.067284,-0.033605,0
0,-0.024408,-0.048469,-0.073007,-0.098027,-0.12353,-0.14951,-0.17596,-0.20286,-0.2302,-0.25793,-0.28601,-0.31441,-0.34305,-0.37187,-0.4008,-0.42975,-0.45864,-0.48737,-0.51585,-0.54399,-0.5717,-0.59889,-0.62548,-0.65139,-0.67657,-0.70095,-0.72449,-0.74714,-0.76888,-0.78969,-0.80954,-0.82842,-0.84634,-0.86329,-0.87926,-0.89426,-0.9083,-0.92137,-0.93347,-0.94461,-0.95479,-0.96398,-0.97219,-0.97939,-0.98558,-0.9907,-0.99475,-0.99768,-0.99944,-1,-0.99929,-0.99726,-0.99386,-0.98902,-0.98268,-0.97479,-0.9653,-0.95415,-0.94132,-0.92677,-0.91051,-0.89252,-0.87283,-0.85148,-0.82851,-0.80398,-0.77799,-0.75061,-0.72194,-0.6921,-0.66119,-0.62932,-0.59661,-0.56317,-0.5291,-0.49451,-0.4595,-0.42415,-0.38855,-0.35279,-0.31694,-0.28107,-0.24525,-0.20955,-0.174,-0.13868,-0.10362,-0.068867,-0.034441,0
0,-0.024406,-0.048459,-0.072984,-0.097986,-0.12346,-0.14941,-0.17582,-0.20267,-0.22994,-0.25759,-0.28559,-0.31388,-0.34242,-0.37112,-0.39991,-0.42873,-0.45747,-0.48605,-0.51438,-0.54236,-0.56992,-0.59695,-0.6234,-0.64918,-0.67423,-0.69849,-0.72192,-0.74448,-0.76615,-0.78689,-0.80669,-0.82554,-0.84345,-0.86039,-0.87639,-0.89143,-0.90552,-0.91867,-0.93088,-0.94214,-0.95245,-0.96181,-0.9702,-0.97762,-0.98403,-0.98941,-0.99374,-0.99697,-0.99906,-0.99997,-0.99963,-0.99799,-0.99499,-0.99057,-0.98466,-0.97721,-0.96815,-0.95744,-0.94504,-0.93091,-0.91505,-0.89744,-0.87811,-0.85708,-0.8344,-0.81014,-0.78437,-0.75718,-0.72867,-0.69895,-0.66812,-0.6363,-0.6036,-0.57013,-0.536,-0.50131,-0.46614,-0.4306,-0.39477,-0.35872,-0.32253,-0.28627,-0.25,-0.21379,-0.17768,-0.14175,-0.10602,-0.070532,-0.035326,0
0,-0.024434,-0.048507,-0.073049,-0.09806,-0.12354,-0.14948,-0.17586,-0.20268,-0.2299,-0.25749,-0.28542,-0.31362,-0.34205,-0.37064,-0.39931,-0.42798,-0.45658,-0.485,-0.51317,-0.541,-0.56839,-0.59526,-0.62155,-0.64717,-0.67208,-0.6962,-0.71951,-0.74196,-0.76352,-0.78417,-0.80391,-0.82271,-0.84058,-0.85751,-0.8735,-0.88857,-0.9027,-0.91591,-0.9282,-0.93957,-0.95001,-0.95952,-0.96809,-0.97571,-0.98235,-0.98799,-0.9926,-0.99613,-0.99856,-0.99982,-0.99987,-0.99863,-0.99606,-0.99207,-0.98662,-0.97962,-0.97102,-0.96077,-0.94882,-0.93513,-0.91968,-0.90246,-0.88349,-0.8628,-0.84042,-0.81642,-0.79087,-0.76387,-0.73551,-0.7059,-0.67515,-0.64337,-0.61067,-0.57717,-0.54297,-0.50817,-0.47286,-0.43712,-0.40105,-0.36472,-0.3282,-0.29155,-0.25483,-0.21812,-0.18145,-0.14489,-0.10848,-0.072255,-0.036248,0
0,-0.024495,-0.048617,-0.073201,-0.098248,-0.12375,-0.1497,-0.17609,-0.20289,-0.23009,-0.25763,-0.28549,-0.31362,-0.34196,-0.37043,-0.39898,-0.42752,-0.45596,-0.48423,-0.51223,-0.53988,-0.5671,-0.5938,-0.61991,-0.64537,-0.6701,-0.69408,-0.71724,-0.73955,-0.76099,-0.78154,-0.80118,-0.81991,-0.83772,-0.85462,-0.8706,-0.88566,-0.89982,-0.91308,-0.92544,-0.9369,-0.94746,-0.95711,-0.96585,-0.97366,-0.98053,-0.98642,-0.99131,-0.99516,-0.99792,-0.99955,-0.99999,-0.99917,-0.99703,-0.9935,-0.98851,-0.98199,-0.97388,-0.9641,-0.95261,-0.93937,-0.92435,-0.90754,-0.88894,-0.86858,-0.8465,-0.82276,-0.79743,-0.7706,-0.74238,-0.71287,-0.68218,-0.65043,-0.61772,-0.58418,-0.5499,-0.51499,-0.47953,-0.44361,-0.40731,-0.3707,-0.33386,-0.29683,-0.25968,-0.22247,-0.18526,-0.14808,-0.11098,-0.07401,-0.037193,0
0,-0.024589,-0.048789,-0.073445,-0.098553,-0.12411,-0.1501,-0.17651,-0.20331,-0.23049,-0.25801,-0.28582,-0.31388,-0.34212,-0.37049,-0.39892,-0.42731,-0.45561,-0.48371,-0.51154,-0.53901,-0.56604,-0.59255,-0.61847,-0.64374,-0.66829,-0.69209,-0.71509,-0.73725,-0.75855,-0.77897,-0.7985,-0.81714,-0.83487,-0.85171,-0.86766,-0.88271,-0.89688,-0.91016,-0.92258,-0.93412,-0.94478,-0.95457,-0.96347,-0.97147,-0.97856,-0.9847,-0.98987,-0.99403,-0.99714,-0.99914,-0.99998,-0.99959,-0.9979,-0.99484,-0.99033,-0.9843,-0.97668,-0.9674,-0.95639,-0.94361,-0.92903,-0.91262,-0.8944,-0.87437,-0.85258,-0.82908,-0.80395,-0.77729,-0.74918,-0.71975,-0.68911,-0.65737,-0.62464,-0.59105,-0.55669,-0.52166,-0.48606,-0.44996,-0.41344,-0.37657,-0.33941,-0.30202,-0.26446,-0.22678,-0.18903,-0.15124,-0.11348,-0.075769,-0.038146,0
0,-0.024716,-0.049025,-0.073781,-0.098978,-0.12461,-0.15066,-0.17711,-0.20394,-0.23112,-0.25862,-0.28639,-0.31439,-0.34255,-0.37082,-0.39912,-0.42737,-0.45551,-0.48344,-0.51108,-0.53836,-0.56518,-0.59149,-0.61721,-0.64227,-0.66663,-0.69023,-0.71304,-0.73503,-0.75617,-0.77644,-0.79585,-0.81437,-0.83201,-0.84878,-0.86467,-0.87969,-0.89385,-0.90715,-0.91961,-0.93121,-0.94198,-0.95189,-0.96094,-0.96913,-0.97643,-0.98282,-0.98827,-0.99274,-0.9962,-0.99858,-0.99982,-0.99987,-0.99864,-0.99606,-0.99205,-0.98653,-0.97941,-0.97063,-0.96011,-0.9478,-0.93366,-0.91767,-0.89981,-0.8801,-0.85859,-0.83532,-0.81037,-0.78385,-0.75584,-0.72646,-0.69584,-0.66408,-0.63132,-0.59766,-0.56321,-0.52807,-0.49232,-0.45605,-0.41933,-0.38221,-0.34477,-0.30705,-0.2691,-0.23097,-0.1927,-0.15434,-0.11593,-0.077504,-0.039093,0
0,-0.024879,-0.049327,-0.074212,-0.099527,-0.12526,-0.15139,-0.1779,-0.20478,-0.23198,-0.25947,-0.28721,-0.31515,-0.34323,-0.3714,-0.39957,-0.42768,-0.45565,-0.4834,-0.51084,-0.53791,-0.56452,-0.59061,-0.6161,-0.64094,-0.66508,-0.68847,-0.71107,-0.73287,-0.75383,-0.77394,-0.79319,-0.81159,-0.82912,-0.84579,-0.86161,-0.87659,-0.89073,-0.90403,-0.91652,-0.92818,-0.93902,-0.94905,-0.95825,-0.96661,-0.97412,-0.98076,-0.98649,-0.99128,-0.99508,-0.99784,-0.9995,-0.99999,-0.99924,-0.99715,-0.99365,-0.98864,-0.98205,-0.97378,-0.96376,-0.95192,-0.93822,-0.92262,-0.90512,-0.88572,-0.86447,-0.8414,-0.81661,-0.79019,-0.76225,-0.7329,-0.70227,-0.67048,-0.63766,-0.60392,-0.56937,-0.5341,-0.49822,-0.46178,-0.42487,-0.38753,-0.34983,-0.3118,-0.2735,-0.23496,-0.19622,-0.15732,-0.1183,-0.079186,-0.040018,0
0,-0.025078,-0.049698,-0.074744,-0.1002,-0.12606,-0.1523,-0.1789,-0.20583,-0.23306,-0.26055,-0.28827,-0.31616,-0.34417,-0.37223,-0.40027,-0.42823,-0.45602,-0.48357,-0.51081,-0.53765,-0.56403,-0.58988,-0.61513,-0.63973,-0.66362,-0.68678,-0.70916,-0.73074,-0.7515,-0.77143,-0.79051,-0.80876,-0.82616,-0.84273,-0.85847,-0.87338,-0.88748,-0.90078,-0.91328,-0.92499,-0.93591,-0.94604,-0.95538,-0.96392,-0.97164,-0.97851,-0.98452,-0.98963,-0.99378,-0.99693,-0.99901,-0.99995,-0.99967,-0.99809,-0.9951,-0.99063,-0.98456,-0.9768,-0.96728,-0.95592,-0.94266,-0.92746,-0.9103,-0.89119,-0.87016,-0.84727,-0.8226,-0.79625,-0.76833,-0.73897,-0.7083,-0.67644,-0.64354,-0.6097,-0.57504,-0.53965,-0.50363,-0.46705,-0.42997,-0.39244,-0.35451,-0.31622,-0.2776,-0.23869,-0.19952,-0.16013,-0.12054,-0.080789,-0.040909,0
0,-0.025317,-0.050141,-0.075379,-0.10101,-0.12702,-0.15339,-0.18009,-0.20709,-0.23437,-0.26188,-0.28958,-0.31742,-0.34535,-0.3733,-0.4012,-0.429,-0.4566,-0.48395,-0.51096,-0.53756,-0.56369,-0.58927,-0.61426,-0.63859,-0.66223,-0.68513,-0.70727,-0.72861,-0.74915,-0.76888,-0.78778,-0.80586,-0.82311,-0.83956,-0.8552,-0.87004,-0.88409,-0.89737,-0.90988,-0.92163,-0.93262,-0.94285,-0.95232,-0.96102,-0.96894,-0.97606,-0.98235,-0.98777,-0.99228,-0.99582,-0.99832,-0.99972,-0.99993,-0.99886,-0.9964,-0.99246,-0.98692,-0.97969,-0.97068,-0.95978,-0.94695,-0.93212,-0.91529,-0.89644,-0.8756,-0.85285,-0.82826,-0.80193,-0.774,-0.74458,-0.71383,-0.68187,-0.64886,-0.6149,-0.58012,-0.54462,-0.50847,-0.47176,-0.43453,-0.39684,-0.35872,-0.32021,-0.28132,-0.2421,-0.20255,-0.16272,-0.12262,-0.082289,-0.041751,0
0,-0.025596,-0.050661,-0.076123,-0.10196,-0.12815,-0.15467,-0.18149,-0.20859,-0.23592,-0.26345,-0.29114,-0.31893,-0.34677,-0.37461,-0.40236,-0.42998,-0.45738,-0.4845,-0.51126,-0.5376,-0.56345,-0.58876,-0.61346,-0.6375,-0.66085,-0.68348,-0.70535,-0.72644,-0.74674,-0.76624,-0.78494,-0.80283,-0.81993,-0.83624,-0.85177,-0.86653,-0.88052,-0.89377,-0.90628,-0.91806,-0.92911,-0.93943,-0.94903,-0.9579,-0.96602,-0.97338,-0.97995,-0.98568,-0.99055,-0.99449,-0.99743,-0.99929,-1,-0.99944,-0.99752,-0.99412,-0.98913,-0.98242,-0.97391,-0.96348,-0.95106,-0.93659,-0.92005,-0.90142,-0.88075,-0.85808,-0.83352,-0.80716,-0.77916,-0.74964,-0.71876,-0.68667,-0.65352,-0.61943,-0.58452,-0.54889,-0.51263,-0.47581,-0.43847,-0.40065,-0.36239,-0.3237,-0.28461,-0.24513,-0.20527,-0.16506,-0.12452,-0.083665,-0.042535,0
0,-0.025919,-0.051262,-0.076982,-0.10305,-0.12945,-0.15615,-0.18311,-0.21031,-0.23771,-0.26527,-0.29294,-0.32068,-0.34843,-0.37614,-0.40373,-0.43115,-0.45833,-0.4852,-0.51169,-0.53775,-0.5633,-0.58829,-0.61268,-0.63641,-0.65945,-0.68178,-0.70335,-0.72417,-0.74421,-0.76347,-0.78194,-0.79964,-0.81657,-0.83273,-0.84813,-0.86279,-0.87672,-0.88993,-0.90243,-0.91423,-0.92534,-0.93576,-0.94549,-0.95452,-0.96284,-0.97044,-0.97729,-0.98335,-0.98858,-0.99292,-0.9963,-0.99864,-0.99985,-0.99983,-0.99845,-0.9956,-0.99115,-0.98498,-0.97696,-0.96698,-0.95496,-0.94083,-0.92454,-0.9061,-0.88552,-0.86289,-0.83829,-0.81185,-0.78371,-0.75404,-0.72299,-0.69073,-0.6574,-0.62316,-0.58812,-0.55238,-0.51602,-0.47911,-0.44169,-0.4038,-0.36545,-0.32665,-0.28741,-0.24773,-0.20763,-0.16711,-0.1262,-0.0849,-0.043251,0
0,-0.026289,-0.051949,-0.077964,-0.1043,-0.13094,-0.15783,-0.18495,-0.21227,-0.23975,-0.26733,-0.29499,-0.32267,-0.35032,-0.37789,-0.4053,-0.4325,-0.45943,-0.48602,-0.51222,-0.53795,-0.56318,-0.58783,-0.61187,-0.63526,-0.65797,-0.67996,-0.70122,-0.72174,-0.74149,-0.76049,-0.77873,-0.79621,-0.81295,-0.82894,-0.84421,-0.85877,-0.87263,-0.88579,-0.89828,-0.9101,-0.92127,-0.93178,-0.94163,-0.95083,-0.95936,-0.96721,-0.97434,-0.98073,-0.98633,-0.99108,-0.99492,-0.99775,-0.99948,-0.99999,-0.99917,-0.99689,-0.99299,-0.98734,-0.97982,-0.97028,-0.95863,-0.9448,-0.92873,-0.91041,-0.88988,-0.86721,-0.84251,-0.8159,-0.78757,-0.75767,-0.7264,-0.69392,-0.6604,-0.62599,-0.59081,-0.55497,-0.51854,-0.48158,-0.44413,-0.40621,-0.36783,-0.32898,-0.28967,-0.24987,-0.2096,-0.16886,-0.12764,-0.085981,-0.043893,0
0,-0.02671,-0.052729,-0.079078,-0.10572,-0.13262,-0.15973,-0.18703,-0.21448,-0.24204,-0.26965,-0.29729,-0.3249,-0.35243,-0.37983,-0.40704,-0.434,-0.46065,-0.48693,-0.51279,-0.53818,-0.56303,-0.58731,-0.61098,-0.63399,-0.65633,-0.67796,-0.69888,-0.71906,-0.73851,-0.75723,-0.7752,-0.79245,-0.80899,-0.82481,-0.83993,-0.85438,-0.86815,-0.88127,-0.89375,-0.90559,-0.91681,-0.92742,-0.9374,-0.94677,-0.95552,-0.96362,-0.97105,-0.97779,-0.98377,-0.98895,-0.99325,-0.99659,-0.99885,-0.99993,-0.99968,-0.99796,-0.99463,-0.98951,-0.98247,-0.97336,-0.96205,-0.94847,-0.93256,-0.91431,-0.89374,-0.87095,-0.84606,-0.81922,-0.7906,-0.76042,-0.72887,-0.69613,-0.66239,-0.6278,-0.59249,-0.55657,-0.5201,-0.48314,-0.44572,-0.40783,-0.36949,-0.33067,-0.29135,-0.25152,-0.21116,-0.17027,-0.12884,-0.086899,-0.044456,0
0,-0.027186,-0.053611,-0.080334,-0.10731,-0.1345,-0.16187,-0.18936,-0.21695,-0.24459,-0.27223,-0.29984,-0.32736,-0.35475,-0.38196,-0.40893,-0.43561,-0.46195,-0.48788,-0.51337,-0.53836,-0.56281,-0.58667,-0.60992,-0.63252,-0.65444,-0.67568,-0.69622,-0.71605,-0.73516,-0.75357,-0.77126,-0.78826,-0.80457,-0.82021,-0.83518,-0.8495,-0.86319,-0.87626,-0.88872,-0.90059,-0.91187,-0.92258,-0.93271,-0.94226,-0.95123,-0.9596,-0.96735,-0.97444,-0.98084,-0.98647,-0.99126,-0.99513,-0.99795,-0.99961,-0.99995,-0.99883,-0.99606,-0.99148,-0.98491,-0.9762,-0.9652,-0.95182,-0.936,-0.91773,-0.89704,-0.87403,-0.84884,-0.82166,-0.79268,-0.76213,-0.73023,-0.6972,-0.66321,-0.62845,-0.59303,-0.55706,-0.5206,-0.4837,-0.44636,-0.40859,-0.37037,-0.33166,-0.29243,-0.25265,-0.21229,-0.17134,-0.12979,-0.087649,-0.044938,0
0,-0.027723,-0.054603,-0.081745,-0.1091,-0.13662,-0.16425,-0.19196,-0.21969,-0.24741,-0.27507,-0.30263,-0.33005,-0.35727,-0.38425,-0.41095,-0.4373,-0.46328,-0.48882,-0.51388,-0.53843,-0.56241,-0.58581,-0.60859,-0.63073,-0.65221,-0.67301,-0.69313,-0.71256,-0.73131,-0.74937,-0.76676,-0.78349,-0.79956,-0.81499,-0.8298,-0.84399,-0.85759,-0.87061,-0.88306,-0.89495,-0.90631,-0.91712,-0.92741,-0.93716,-0.94638,-0.95504,-0.96313,-0.97062,-0.97745,-0.98356,-0.98888,-0.99331,-0.99673,-0.99901,-0.99998,-0.99947,-0.99729,-0.99324,-0.98714,-0.97879,-0.96806,-0.95481,-0.939,-0.92059,-0.89966,-0.8763,-0.8507,-0.82306,-0.79361,-0.76261,-0.73032,-0.69695,-0.66271,-0.62777,-0.59227,-0.55631,-0.51992,-0.48316,-0.446,-0.40844,-0.37043,-0.33192,-0.29288,-0.25325,-0.21298,-0.17207,-0.13048,-0.08823,-0.04534,0
0,-0.028328,-0.055718,-0.083328,-0.1111,-0.13898,-0.1669,-0.19483,-0.22272,-0.25052,-0.27818,-0.30568,-0.33295,-0.35997,-0.38668,-0.41305,-0.43903,-0.46459,-0.48967,-0.51425,-0.53829,-0.56176,-0.58464,-0.60689,-0.62851,-0.64948,-0.66979,-0.68945,-0.70844,-0.72678,-0.74447,-0.76152,-0.77794,-0.79375,-0.80896,-0.82358,-0.83764,-0.85114,-0.86411,-0.87655,-0.88848,-0.89992,-0.91086,-0.92132,-0.9313,-0.94079,-0.94978,-0.95825,-0.96617,-0.97348,-0.98012,-0.98602,-0.99107,-0.99514,-0.99808,-0.99972,-0.99986,-0.99829,-0.99479,-0.98914,-0.98114,-0.9706,-0.9574,-0.94147,-0.9228,-0.90147,-0.87762,-0.85144,-0.8232,-0.79317,-0.76163,-0.72887,-0.69514,-0.66065,-0.62558,-0.59006,-0.55416,-0.51795,-0.48142,-0.44455,-0.4073,-0.36962,-0.33143,-0.29268,-0.2533,-0.21323,-0.17244,-0.13091,-0.088645,-0.045663,0
0,-0.029009,-0.05697,-0.085103,-0.11334,-0.14161,-0.16985,-0.19802,-0.22606,-0.25392,-0.28157,-0.30897,-0.33606,-0.36282,-0.38922,-0.4152,-0.44074,-0.46581,-0.49037,-0.51439,-0.53785,-0.56073,-0.583,-0.60466,-0.62569,-0.64609,-0.66585,-0.68498,-0.70347,-0.72135,-0.73862,-0.75529,-0.77137,-0.78688,-0.80184,-0.81626,-0.83016,-0.84356,-0.85647,-0.8689,-0.88088,-0.89241,-0.9035,-0.91417,-0.92441,-0.93421,-0.94358,-0.95248,-0.96088,-0.96874,-0.97599,-0.98254,-0.98828,-0.99308,-0.99677,-0.99915,-1,-0.99908,-0.99615,-0.99094,-0.98322,-0.97279,-0.95952,-0.94332,-0.9242,-0.90228,-0.87773,-0.8508,-0.82179,-0.79103,-0.75886,-0.72558,-0.69147,-0.65676,-0.62161,-0.58615,-0.55045,-0.51452,-0.47836,-0.44191,-0.40512,-0.36789,-0.33016,-0.29182,-0.2528,-0.21303,-0.17247,-0.1311,-0.088901,-0.045912,0
0,-0.029777,-0.058379,-0.087093,-0.11584,-0.14454,-0.17312,-0.20154,-0.22973,-0.25764,-0.28525,-0.3125,-0.33937,-0.36581,-0.39181,-0.41734,-0.44236,-0.46685,-0.4908,-0.51417,-0.53696,-0.55915,-0.58074,-0.60171,-0.62206,-0.6418,-0.66093,-0.67945,-0.69738,-0.71473,-0.73151,-0.74773,-0.76342,-0.77859,-0.79326,-0.80744,-0.82116,-0.83443,-0.84727,-0.8597,-0.87172,-0.88336,-0.89463,-0.90553,-0.91607,-0.92625,-0.93605,-0.94545,-0.95443,-0.96293,-0.97089,-0.9782,-0.98476,-0.99041,-0.99496,-0.99818,-0.99984,-0.99964,-0.9973,-0.99252,-0.98503,-0.9746,-0.96107,-0.94439,-0.92459,-0.9018,-0.87629,-0.84835,-0.81838,-0.78675,-0.75384,-0.72001,-0.68554,-0.65066,-0.61554,-0.58028,-0.54491,-0.50944,-0.47382,-0.43797,-0.4018,-0.3652,-0.32806,-0.29027,-0.25174,-0.2124,-0.17217,-0.13104,-0.089005,-0.046092,0
0,-0.030645,-0.059966,-0.089329,-0.11864,-0.14781,-0.17676,-0.20543,-0.23376,-0.2617,-0.28922,-0.31628,-0.34285,-0.3689,-0.39443,-0.4194,-0.44379,-0.46761,-0.49083,-0.51344,-0.53545,-0.55684,-0.57762,-0.59779,-0.61735,-0.63632,-0.65471,-0.67252,-0.68978,-0.7065,-0.7227,-0.73839,-0.75361,-0.76836,-0.78267,-0.79656,-0.81005,-0.82315,-0.8359,-0.8483,-0.86037,-0.87213,-0.88359,-0.89476,-0.90566,-0.91627,-0.92659,-0.93661,-0.94628,-0.95556,-0.96438,-0.97263,-0.98019,-0.98687,-0.99246,-0.99671,-0.99932,-0.99995,-0.99826,-0.9939,-0.98655,-0.97595,-0.96193,-0.94445,-0.9236,-0.89959,-0.87276,-0.84352,-0.81232,-0.77965,-0.74593,-0.71153,-0.67677,-0.64185,-0.60692,-0.57206,-0.53726,-0.50247,-0.46762,-0.43259,-0.39725,-0.36146,-0.3251,-0.28803,-0.25013,-0.21133,-0.17155,-0.13076,-0.088972,-0.04621,0
0,-0.03163,-0.061759,-0.091848,-0.12178,-0.15146,-0.1808,-0.20972,-0.23817,-0.26611,-0.29349,-0.32028,-0.34647,-0.37204,-0.39698,-0.42128,-0.44493,-0.46794,-0.4903,-0.51201,-0.53309,-0.55353,-0.57336,-0.59258,-0.6112,-0.62925,-0.64675,-0.66371,-0.68015,-0.6961,-0.71159,-0.72662,-0.74124,-0.75546,-0.7693,-0.78279,-0.79596,-0.80883,-0.82141,-0.83373,-0.84582,-0.85768,-0.86935,-0.88082,-0.89213,-0.90326,-0.91421,-0.92497,-0.93551,-0.94578,-0.95569,-0.96514,-0.97397,-0.98199,-0.98893,-0.99449,-0.99831,-0.99996,-0.99903,-0.99509,-0.98775,-0.97671,-0.96183,-0.94308,-0.92066,-0.8949,-0.86627,-0.83531,-0.80262,-0.76874,-0.73415,-0.69926,-0.66435,-0.62962,-0.59516,-0.56099,-0.52707,-0.49328,-0.4595,-0.42558,-0.39133,-0.35661,-0.32123,-0.28506,-0.24797,-0.20985,-0.17063,-0.13028,-0.088816,-0.046277,0
0,-0.032751,-0.063793,-0.094694,-0.12532,-0.15555,-0.18529,-0.21447,-0.24301,-0.27089,-0.29806,-0.3245,-0.35021,-0.37517,-0.39939,-0.42287,-0.44562,-0.46765,-0.48897,-0.50961,-0.52957,-0.54888,-0.56756,-0.58563,-0.60312,-0.62004,-0.63644,-0.65234,-0.66776,-0.68273,-0.69729,-0.71146,-0.72528,-0.73877,-0.75196,-0.76488,-0.77756,-0.79002,-0.80231,-0.81444,-0.82644,-0.83834,-0.85017,-0.86194,-0.87369,-0.88541,-0.89712,-0.90881,-0.92046,-0.932,-0.94337,-0.95443,-0.96501,-0.97487,-0.98368,-0.99106,-0.99653,-0.99957,-0.99961,-0.99609,-0.98856,-0.97666,-0.96028,-0.93952,-0.91471,-0.88641,-0.85531,-0.82214,-0.78763,-0.75242,-0.71703,-0.68185,-0.64712,-0.61297,-0.57941,-0.54639,-0.51379,-0.48144,-0.44914,-0.41669,-0.38389,-0.35052,-0.31639,-0.28135,-0.24524,-0.20795,-0.16942,-0.12962,-0.088557,-0.046304,0
0,-0.034034,-0.06611,-0.097923,-0.12931,-0.16014,-0.19031,-0.21972,-0.24832,-0.27606,-0.30293,-0.3289,-0.35399,-0.37819,-0.40152,-0.42399,-0.44564,-0.46649,-0.48656,-0.50588,-0.52449,-0.54241,-0.55968,-0.57633,-0.5924,-0.60791,-0.62292,-0.63744,-0.65153,-0.6652,-0.67851,-0.69149,-0.70417,-0.71659,-0.72879,-0.7408,-0.75267,-0.76442,-0.77611,-0.78777,-0.79944,-0.81116,-0.82298,-0.83493,-0.84706,-0.85939,-0.87195,-0.88476,-0.89781,-0.91106,-0.92443,-0.93778,-0.95091,-0.96351,-0.97517,-0.98534,-0.99338,-0.99851,-0.99995,-0.99693,-0.98882,-0.97528,-0.95628,-0.93218,-0.90365,-0.87163,-0.83712,-0.80115,-0.76458,-0.72811,-0.69224,-0.65727,-0.62333,-0.59043,-0.55848,-0.5273,-0.49667,-0.46635,-0.43608,-0.40561,-0.37467,-0.34304,-0.31049,-0.27684,-0.24194,-0.20567,-0.16796,-0.1288,-0.088219,-0.046306,0
0,-0.035512,-0.068765,-0.1016,-0.13384,-0.16531,-0.1959,-0.22553,-0.25412,-0.28164,-0.30808,-0.33344,-0.35773,-0.38097,-0.40319,-0.42443,-0.44472,-0.46411,-0.48264,-0.50034,-0.51727,-0.53346,-0.54896,-0.56381,-0.57805,-0.59174,-0.6049,-0.61759,-0.62985,-0.64171,-0.65323,-0.66445,-0.67542,-0.68617,-0.69676,-0.70723,-0.71764,-0.72804,-0.73848,-0.74903,-0.75975,-0.7707,-0.78196,-0.79361,-0.80573,-0.81839,-0.83167,-0.84564,-0.86035,-0.8758,-0.89197,-0.90873,-0.92584,-0.94294,-0.95942,-0.97449,-0.98711,-0.99603,-0.99993,-0.99759,-0.98815,-0.9713,-0.94738,-0.91741,-0.88283,-0.84524,-0.80618,-0.76693,-0.72845,-0.69133,-0.65591,-0.62225,-0.5903,-0.55984,-0.53062,-0.50233,-0.47463,-0.44721,-0.41973,-0.39189,-0.36339,-0.33397,-0.3034,-0.27148,-0.23805,-0.203,-0.16627,-0.12786,-0.087831,-0.0463,0
0,-0.037224,-0.07182,-0.10581,-0.13898,-0.17114,-0.20217,-0.23195,-0.26045,-0.28762,-0.31348,-0.33802,-0.36129,-0.38331,-0.40415,-0.42384,-0.44245,-0.46003,-0.47662,-0.49229,-0.50709,-0.52108,-0.53429,-0.54679,-0.55862,-0.56983,-0.58047,-0.59058,-0.60022,-0.60942,-0.61824,-0.62673,-0.63493,-0.64289,-0.65069,-0.65836,-0.66598,-0.67362,-0.68136,-0.68928,-0.69748,-0.70608,-0.7152,-0.72497,-0.73557,-0.74717,-0.75997,-0.77418,-0.79,-0.80763,-0.82723,-0.84887,-0.87243,-0.89754,-0.92343,-0.94877,-0.97158,-0.98927,-0.99896,-0.99809,-0.98522,-0.96058,-0.92613,-0.88487,-0.84005,-0.79448,-0.75017,-0.70835,-0.66959,-0.63401,-0.60143,-0.5715,-0.54381,-0.51789,-0.49327,-0.4695,-0.44617,-0.42287,-0.39923,-0.37491,-0.3496,-0.32302,-0.29495,-0.26517,-0.23354,-0.19996,-0.16438,-0.12684,-0.08743,-0.046312,0
0,-0.03922,-0.075356,-0.11066,-0.14485,-0.17774,-0.20917,-0.23905,-0.26733,-0.29399,-0.31904,-0.34251,-0.36446,-0.38495,-0.40403,-0.42177,-0.43825,-0.45352,-0.46766,-0.48072,-0.49277,-0.50385,-0.51403,-0.52334,-0.53185,-0.53959,-0.5466,-0.55292,-0.55861,-0.56368,-0.56818,-0.57215,-0.57564,-0.57867,-0.58131,-0.5836,-0.5856,-0.58739,-0.58903,-0.59064,-0.59234,-0.59425,-0.59657,-0.5995,-0.60331,-0.60832,-0.61493,-0.62363,-0.635,-0.64976,-0.66874,-0.69291,-0.72325,-0.76066,-0.80547,-0.85669,-0.91071,-0.9599,-0.99282,-0.99834,-0.9727,-0.9225,-0.85985,-0.79548,-0.73579,-0.68336,-0.63853,-0.60059,-0.56844,-0.54098,-0.51718,-0.49616,-0.47714,-0.45946,-0.44255,-0.42591,-0.40909,-0.3917,-0.37338,-0.35381,-0.3327,-0.30979,-0.28487,-0.25777,-0.22835,-0.19654,-0.16233,-0.12579,-0.087061,-0.046371,0
0,-0.041563,-0.079471,-0.11624,-0.15157,-0.18521,-0.21701,-0.24687,-0.27475,-0.30066,-0.32462,-0.34669,-0.36694,-0.38544,-0.40227,-0.41752,-0.43126,-0.44356,-0.45449,-0.46411,-0.47248,-0.47963,-0.48561,-0.49046,-0.49419,-0.49683,-0.49839,-0.49887,-0.49828,-0.49662,-0.49387,-0.49002,-0.48505,-0.47896,-0.4717,-0.46326,-0.45362,-0.44277,-0.43068,-0.41738,-0.40286,-0.38717,-0.37037,-0.35255,-0.33384,-0.31445,-0.29461,-0.27466,-0.25503,-0.23629,-0.21919,-0.20477,-0.19454,-0.19087,-0.19776,-0.22281,-0.28247,-0.41793,-0.72584,-0.99545,-0.74839,-0.57026,-0.48359,-0.43878,-0.41428,-0.40053,-0.39277,-0.38842,-0.38595,-0.38441,-0.38314,-0.38166,-0.37961,-0.37669,-0.37264,-0.36721,-0.36019,-0.35135,-0.34047,-0.32736,-0.31182,-0.29369,-0.27281,-0.24907,-0.22238,-0.19273,-0.16015,-0.12476,-0.086782,-0.046515,0
0,-0.044333,-0.084286,-0.12272,-0.15927,-0.19367,-0.22575,-0.25542,-0.28267,-0.3075,-0.32998,-0.35019,-0.3682,-0.38412,-0.39804,-0.41003,-0.42017,-0.42853,-0.43517,-0.44011,-0.44339,-0.44501,-0.44497,-0.44326,-0.43984,-0.43466,-0.42765,-0.41873,-0.40781,-0.39476,-0.37946,-0.36176,-0.3415,-0.31852,-0.29265,-0.26371,-0.23156,-0.19605,-0.15711,-0.11469,-0.068835,-0.019675,0.032568,0.087566,0.14489,0.20405,0.26451,0.32572,0.38721,0.44858,0.50961,0.57021,0.63049,0.69068,0.75105,0.81168,0.8719,0.92911,0.97654,0.99983,0.97584,0.88334,0.727,0.54241,0.36704,0.21895,0.10033,0.0069656,-0.066434,-0.12439,-0.17034,-0.20681,-0.23561,-0.25802,-0.27497,-0.28708,-0.29478,-0.29836,-0.29799,-0.29376,-0.28572,-0.27387,-0.25821,-0.23875,-0.21549,-0.18849,-0.15787,-0.12383,-0.086665,-0.046798,0
0,-0.047632,-0.089947,-0.13025,-0.16811,-0.20323,-0.23544,-0.26468,-0.29093,-0.31425,-0.33471,-0.35242,-0.36748,-0.37998,-0.39002,-0.39765,-0.40295,-0.40592,-0.40659,-0.40493,-0.4009,-0.39442,-0.38538,-0.37367,-0.35912,-0.34154,-0.32071,-0.2964,-0.26837,-0.23634,-0.20009,-0.15941,-0.11417,-0.064346,-0.010074,0.048329,0.11032,0.17512,0.24174,0.30902,0.37573,0.44067,0.50279,0.56124,0.61544,0.6651,0.71015,0.75075,0.78718,0.81981,0.84906,0.87535,0.89905,0.92049,0.93987,0.95729,0.97263,0.98548,0.99501,0.9998,0.99751,0.98475,0.95695,0.90892,0.83638,0.73852,0.62003,0.49058,0.36139,0.24144,0.13577,0.045948,-0.028598,-0.089399,-0.13822,-0.17668,-0.20615,-0.22773,-0.24226,-0.25037,-0.25252,-0.24907,-0.24027,-0.22632,-0.20741,-0.18374,-0.15552,-0.12307,-0.086804,-0.047288,0
0,-0.051592,-0.096635,-0.13901,-0.17823,-0.21398,-0.24608,-0.2745,-0.29925,-0.32042,-0.33812,-0.35244,-0.3635,-0.37137,-0.37611,-0.37774,-0.37626,-0.37159,-0.36365,-0.35229,-0.33732,-0.31851,-0.29559,-0.26825,-0.23618,-0.19905,-0.15657,-0.10856,-0.054953,0.0040901,0.068136,0.13642,0.20781,0.28088,0.35399,0.42544,0.49368,0.55743,0.6158,0.66831,0.71486,0.75565,0.79109,0.82169,0.84802,0.87067,0.89015,0.90696,0.92153,0.93423,0.94537,0.9552,0.96395,0.97175,0.97873,0.98492,0.99031,0.99477,0.99809,0.99986,0.99944,0.99589,0.98779,0.97317,0.94934,0.913,0.86061,0.7893,0.6984,0.59072,0.47273,0.35283,0.23887,0.13633,0.047923,-0.025789,-0.085499,-0.13244,-0.16794,-0.19327,-0.20946,-0.21738,-0.21771,-0.21101,-0.19774,-0.1783,-0.15309,-0.12257,-0.087319,-0.04808,0
0,-0.056387,-0.10457,-0.14923,-0.1898,-0.22596,-0.25755,-0.28458,-0.30709,-0.3252,-0.33902,-0.34864,-0.35415,-0.35554,-0.35281,-0.34584,-0.33447,-0.3185,-0.29761,-0.27146,-0.23967,-0.20182,-0.15754,-0.10654,-0.048749,0.015644,0.086034,0.16133,0.23994,0.31986,0.39885,0.47475,0.54569,0.61034,0.66795,0.71835,0.76179,0.79882,0.83012,0.85647,0.87858,0.89712,0.9127,0.92582,0.9369,0.94631,0.95435,0.96126,0.96724,0.97246,0.97706,0.98113,0.98476,0.98802,0.99095,0.99355,0.99582,0.99771,0.99913,0.99991,0.99983,0.99851,0.99542,0.98979,0.9805,0.96601,0.94421,0.91239,0.86735,0.80594,0.72608,0.62818,0.51616,0.39719,0.27971,0.17103,0.075858,-0.0037244,-0.067589,-0.11666,-0.15227,-0.17583,-0.18858,-0.19161,-0.18579,-0.17187,-0.15052,-0.12243,-0.088364,-0.049308,0
0,-0.062249,-0.11404,-0.16113,-0.20292,-0.23909,-0.26953,-0.29428,-0.31344,-0.32711,-0.33539,-0.3383,-0.33581,-0.32778,-0.31399,-0.29411,-0.26773,-0.23436,-0.19347,-0.1446,-0.087402,-0.021869,0.051552,0.13176,0.21693,0.30453,0.39161,0.47524,0.55289,0.62281,0.68411,0.73671,0.7811,0.81812,0.84874,0.87395,0.89467,0.91171,0.92573,0.93732,0.94691,0.95491,0.96159,0.96722,0.97198,0.97604,0.97952,0.98253,0.98516,0.98746,0.98951,0.99133,0.99297,0.99446,0.99579,0.99699,0.99804,0.99892,0.99958,0.99995,0.99993,0.99936,0.998,0.99551,0.99142,0.98502,0.97533,0.96093,0.9399,0.90967,0.86705,0.8086,0.73148,0.63503,0.52227,0.40027,0.27844,0.16559,0.067718,-0.012426,-0.074566,-0.11979,-0.14973,-0.1661,-0.17038,-0.16387,-0.14766,-0.12272,-0.090135,-0.051157,0
0,-0.069501,-0.12536,-0.17493,-0.21759,-0.25305,-0.2813,-0.30241,-0.31647,-0.32355,-0.32361,-0.31651,-0.30195,-0.27949,-0.24854,-0.20845,-0.15853,-0.098247,-0.027475,0.053261,0.14247,0.23753,0.33484,0.43027,0.51995,0.60091,0.67151,0.73134,0.78098,0.82154,0.85438,0.88082,0.90208,0.91919,0.93298,0.94415,0.95323,0.96065,0.96675,0.97178,0.97597,0.97947,0.98241,0.9849,0.98702,0.98884,0.99041,0.99178,0.99298,0.99405,0.995,0.99585,0.99663,0.99733,0.99797,0.99855,0.99905,0.99948,0.9998,0.99998,0.99997,0.99969,0.99904,0.99786,0.99591,0.99289,0.98832,0.98153,0.97156,0.95701,0.93592,0.90557,0.86248,0.80263,0.72247,0.62078,0.50092,0.37148,0.244,0.12895,0.032844,-0.041977,-0.096017,-0.13113,-0.14953,-0.15327,-0.14409,-0.12349,-0.092877,-0.053899,0
0,-0.078596,-0.13894,-0.19078,-0.23355,-0.26708,-0.29141,-0.30664,-0.31275,-0.30962,-0.2969,-0.27401,-0.24015,-0.1944,-0.13582,-0.063826,0.021405,0.11837,0.22385,0.33292,0.43975,0.5389,0.62645,0.70061,0.76146,0.81027,0.84887,0.87919,0.90293,0.92155,0.93619,0.94777,0.95698,0.96434,0.97028,0.97508,0.979,0.98222,0.98488,0.98709,0.98894,0.99049,0.99181,0.99293,0.99389,0.99472,0.99545,0.99608,0.99664,0.99714,0.99759,0.998,0.99837,0.99871,0.99902,0.9993,0.99954,0.99975,0.9999,0.99999,0.99998,0.99984,0.99951,0.99892,0.99796,0.99648,0.99425,0.99096,0.98614,0.97911,0.96886,0.9539,0.93206,0.90021,0.85414,0.78886,0.69989,0.58609,0.45293,0.31283,0.18083,0.068433,-0.018954,-0.080936,-0.11968,-0.13812,-0.13899,-0.12458,-0.096867,-0.057928,0
0,-0.090175,-0.15519,-0.20859,-0.25001,-0.27942,-0.29691,-0.3024,-0.29554,-0.27564,-0.24164,-0.19218,-0.1259,-0.041959,0.059016,0.17399,0.29694,0.4196,0.53358,0.63282,0.71469,0.77964,0.82986,0.86815,0.89719,0.91922,0.93601,0.94887,0.95881,0.96655,0.97263,0.97745,0.98129,0.98439,0.98689,0.98893,0.99061,0.992,0.99316,0.99412,0.99494,0.99563,0.99621,0.99672,0.99715,0.99753,0.99786,0.99815,0.99841,0.99865,0.99886,0.99905,0.99923,0.99939,0.99954,0.99967,0.99979,0.99989,0.99996,1,0.99999,0.99991,0.99975,0.99945,0.99897,0.99823,0.99713,0.99553,0.99318,0.98979,0.98486,0.97768,0.96713,0.95151,0.92819,0.89327,0.84122,0.76537,0.6602,0.52625,0.37464,0.22475,0.09482,-0.0053882,-0.0743,-0.1147,-0.13057,-0.12549,-0.10235,-0.063815,0
0,-0.10512,-0.17443,-0.22769,-0.26495,-0.2863,-0.29156,-0.28005,-0.25043,-0.20074,-0.12879,-0.033096,0.085402,0.22131,0.36405,0.50032,0.61907,0.71497,0.78834,0.84268,0.88231,0.9111,0.93209,0.94753,0.959,0.96761,0.97416,0.97919,0.98309,0.98616,0.98858,0.99051,0.99207,0.99333,0.99437,0.99521,0.99592,0.9965,0.99699,0.9974,0.99775,0.99805,0.9983,0.99853,0.99872,0.99888,0.99903,0.99916,0.99928,0.99938,0.99948,0.99957,0.99965,0.99972,0.99979,0.99985,0.99991,0.99995,0.99998,1,0.99999,0.99995,0.99987,0.99972,0.99948,0.99912,0.99859,0.99781,0.99669,0.99508,0.99277,0.98941,0.98451,0.97726,0.96638,0.94978,0.92407,0.88387,0.82131,0.72702,0.59519,0.4327,0.26275,0.11275,-0.0010172,-0.075596,-0.11501,-0.12475,-0.10935,-0.072338,0
0,-0.12453,-0.19638,-0.24584,-0.27345,-0.27898,-0.2611,-0.21724,-0.14382,-0.03773,0.10041,0.26181,0.42814,0.57827,0.69878,0.78767,0.8501,0.89307,0.92258,0.94302,0.95738,0.96763,0.97506,0.98053,0.98463,0.98773,0.99011,0.99195,0.9934,0.99455,0.99547,0.99621,0.99681,0.9973,0.9977,0.99804,0.99832,0.99855,0.99875,0.99892,0.99906,0.99918,0.99928,0.99938,0.99946,0.99952,0.99959,0.99964,0.99969,0.99974,0.99978,0.99981,0.99985,0.99988,0.99991,0.99994,0.99996,0.99998,0.99999,1,0.99999,0.99997,0.99993,0.99986,0.99975,0.99958,0.99933,0.99897,0.99846,0.99773,0.99668,0.99519,0.99303,0.98986,0.98513,0.97794,0.96671,0.94874,0.91926,0.87021,0.78938,0.6636,0.49142,0.29783,0.12339,-0.005333,-0.083882,-0.11861,-0.11701,-0.084382,0
0,-0.1492,-0.2188,-0.25652,-0.2628,-0.23518,-0.1685,-0.056368,0.10303,0.29672,0.49252,0.65633,0.77424,0.85191,0.90132,0.93271,0.95297,0.96634,0.97538,0.98164,0.98607,0.98926,0.99161,0.99337,0.9947,0.99572,0.99652,0.99714,0.99764,0.99803,0.99835,0.99861,0.99883,0.999,0.99915,0.99927,0.99937,0.99945,0.99953,0.99959,0.99964,0.99969,0.99973,0.99976,0.99979,0.99982,0.99984,0.99986,0.99988,0.9999,0.99991,0.99993,0.99994,0.99996,0.99997,0.99998,0.99999,0.99999,1,1,1,0.99999,0.99997,0.99993,0.99988,0.99981,0.9997,0.99955,0.99933,0.99902,0.99859,0.99797,0.9971,0.99582,0.99395,0.99112,0.98676,0.97979,0.96825,0.94838,0.91296,0.84865,0.73514,0.55703,0.33512,0.12893,-0.017275,-0.097385,-0.12187,-0.10028,0
0,-0.17753,-0.23281,-0.2401,-0.19554,-0.088305,0.090832,0.32631,0.56043,0.73618,0.84493,0.90696,0.94208,0.9625,0.97481,0.98253,0.98754,0.99089,0.99321,0.99484,0.99602,0.99689,0.99754,0.99803,0.99841,0.9987,0.99893,0.99912,0.99927,0.99939,0.99948,0.99956,0.99963,0.99968,0.99973,0.99976,0.9998,0.99982,0.99985,0.99987,0.99988,0.9999,0.99991,0.99992,0.99993,0.99994,0.99995,0.99995,0.99996,0.99997,0.99997,0.99998,0.99998,0.99999,0.99999,0.99999,1,1,1,1,1,0.99999,0.99999,0.99997,0.99995,0.99992,0.99988,0.99982,0.99974,0.99963,0.99947,0.99925,0.99894,0.99849,0.99784,0.99688,0.99541,0.99311,0.98935,0.98289,0.97123,0.94891,0.90394,0.81192,0.63834,0.38446,0.13414,-0.034309,-0.11246,-0.1173,0
0,-0.19666,-0.20476,-0.12598,0.061253,0.34951,0.63497,0.8171,0.90781,0.95071,0.97182,0.98288,0.98905,0.99269,0.99494,0.9964,0.99737,0.99804,0.99851,0.99885,0.9991,0.99929,0.99943,0.99954,0.99962,0.99969,0.99974,0.99979,0.99982,0.99985,0.99987,0.99989,0.99991,0.99992,0.99993,0.99994,0.99995,0.99996,0.99996,0.99997,0.99997,0.99997,0.99998,0.99998,0.99998,0.99998,0.99999,0.99999,0.99999,0.99999,0.99999,0.99999,1,1,1,1,1,1,1,1,1,1,0.99999,0.99999,0.99998,0.99998,0.99996,0.99995,0.99992,0.99989,0.99984,0.99978,0.99969,0.99956,0.99938,0.99912,0.99873,0.99813,0.99717,0.99557,0.99271,0.98729,0.97613,0.95111,0.89065,0.74503,0.46667,0.15167,-0.049426,-0.12042,0
0,-0.13689,0.024773,0.37002,0.72136,0.89503,0.95775,0.98081,0.99026,0.99459,0.99677,0.99796,0.99865,0.99907,0.99934,0.99952,0.99964,0.99973,0.99979,0.99984,0.99987,0.9999,0.99992,0.99993,0.99994,0.99995,0.99996,0.99997,0.99997,0.99998,0.99998,0.99998,0.99999,0.99999,0.99999,0.99999,0.99999,0.99999,0.99999,0.99999,1,1,1,1,1,1,1,1,1,1,1,1,1,1,1,1,1,1,1,1,1,1,1,1,1,0.99999,0.99999,0.99999,0.99998,0.99998,0.99997,0.99996,0.99994,0.99992,0.99988,0.99984,0.99977,0.99967,0.99951,0.99926,0.99881,0.99799,0.99635,0.99272,0.98364,0.95752,0.87313,0.6236,0.22246,-0.039833,0
0,0.45342,0.83968,0.96201,0.98936,0.99635,0.99851,0.9993,0.99963,0.99979,0.99987,0.99992,0.99994,0.99996,0.99997,0.99998,0.99998,0.99999,0.99999,0.99999,0.99999,1,1,1,1,1,1,1,1,1,1,1,1,1,1,1,1,1,1,1,1,1,1,1,1,1,1,1,1,1,1,1,1,1,1,1,1,1,1,1,1,1,1,1,1,1,1,1,1,1,1,1,1,0.99999,0.99999,0.99999,0.99999,0.99998,0.99997,0.99996,0.99993,0.99989,0.99981,0.99963,0.99919,0.99793,0.99348,0.97386,0.87322,0.50255,0
1,1,1,1,1,1,1,1,1,1,1,1,1,1,1,1,1,1,1,1,1,1,1,1,1,1,1,1,1,1,1,1,1,1,1,1,1,1,1,1,1,1,1,1,1,1,1,1,1,1,1,1,1,1,1,1,1,1,1,1,1,1,1,1,1,1,1,1,1,1,1,1,1,1,1,1,1,1,1,1,1,1,1,1,1,1,1,1,1,1,1
