0,0,0,0,0,0,0,0,0,0,0,0,0,0,0,0,0,0,0,0,0,0,0,0,0,0,0,0,0,0,0,0,0,0,0,0,0,0,0,0,0,0,0,0,0,0,0,0,0,0,0,0,0,0,0,0,0,0,0,0,0,0,0,0,0,0,0,0,0,0,0,0,0,0,0,0,0,0,0,0,0,0,0,0,0,0,0,0,0,0,0
0,0.70789,0.9016,0.97374,0.99901,0.96517,-0.19011,-0.88529,-0.95469,-0.97509,-0.9842,-0.98914,-0.99215,-0.99411,-0.99546,-0.99643,-0.99714,-0.99768,-0.99809,-0.99842,-0.99867,-0.99888,-0.99905,-0.99919,-0.99931,-0.99941,-0.99949,-0.99956,-0.99963,-0.99968,-0.99972,-0.99976,-0.9998,-0.99983,-0.99986,-0.99988,-0.99991,-0.99992,-0.99994,-0.99996,-0.99997,-0.99998,-0.99999,-0.99999,-1,-1,-1,-1,-0.99999,-0.99998,-0.99997,-0.99996,-0.99994,-0.99992,-0.99989,-0.99986,-0.99982,-0.99977,-0.99971,-0.99965,-0.99957,-0.99948,-0.99937,-0.99925,-0.9991,-0.99892,-0.9987,-0.99844,-0.99811,-0.9977,-0.99719,-0.99652,-0.99563,-0.99441,-0.99264,-0.98994,-0.98541,-0.97673,-0.95556,-0.87061,0.042214,0.93739,0.99274,0.99981,0.9987,0.99298,0.98021,0.95171,0.88299,0.70622,0
0,0.43538,0.70918,0.9312,0.76946,-0.51686,-0.78437,-0.87359,-0.91721,-0.94229,-0.95804,-0.96853,-0.97581,-0.98104,-0.98489,-0.9878,-0.99003,-0.99177,-0.99314,-0.99425,-0.99515,-0.99588,-0.99649,-0.99699,-0.99742,-0.99778,-0.99809,-0.99835,-0.99858,-0.99878,-0.99895,-0.99911,-0.99924,-0.99936,-0.99947,-0.99956,-0.99964,-0.99971,-0.99978,-0.99983,-0.99988,-0.99992,-0.99995,-0.99998,-0.99999,-1,-1,-0.99999,-0.99997,-0.99994,-0.99989,-0.99984,-0.99977,-0.99968,-0.99958,-0.99945,-0.9993,-0.99913,-0.99892,-0.99868,-0.9984,-0.99807,-0.99769,-0.99723,-0.9967,-0.99607,-0.99532,-0.99442,-0.99333,-0.99201,-0.99036,-0.9883,-0.98567,-0.98223,-0.97761,-0.97116,-0.96175,-0.94704,-0.9217,-0.8708,-0.73821,-0.24374,0.72446,0.97555,0.99972,0.98111,0.93632,0.85355,0.70749,0.46856,0
0,0.23192,0.37421,-0.67732,-0.65182,-0.73411,-0.7991,-0.84775,-0.88363,-0.91006,-0.92964,-0.9443,-0.9554,-0.96391,-0.97051,-0.97569,-0.9798,-0.9831,-0.98576,-0.98794,-0.98974,-0.99123,-0.99248,-0.99353,-0.99443,-0.99519,-0.99585,-0.99641,-0.9969,-0.99733,-0.99771,-0.99804,-0.99834,-0.9986,-0.99883,-0.99903,-0.99921,-0.99937,-0.99951,-0.99964,-0.99974,-0.99983,-0.9999,-0.99995,-0.99998,-1,-1,-0.99997,-0.99993,-0.99986,-0.99976,-0.99964,-0.99949,-0.9993,-0.99907,-0.99879,-0.99847,-0.9981,-0.99766,-0.99714,-0.99655,-0.99585,-0.99505,-0.99411,-0.99301,-0.99173,-0.99022,-0.98843,-0.98631,-0.98378,-0.98071,-0.97697,-0.97235,-0.96656,-0.95919,-0.94961,-0.93684,-0.91927,-0.89401,-0.85548,-0.79118,-0.66714,-0.36583,0.42027,0.97545,0.9709,0.8616,0.7118,0.52547,0.30798,0
0,0.050623,-0.63354,-0.75717,-0.70873,-0.73842,-0.77927,-0.81795,-0.85118,-0.87859,-0.90078,-0.91861,-0.93291,-0.94439,-0.95365,-0.96115,-0.96727,-0.97229,-0.97643,-0.97987,-0.98275,-0.98516,-0.98721,-0.98895,-0.99044,-0.99172,-0.99283,-0.99379,-0.99463,-0.99537,-0.99602,-0.9966,-0.9971,-0.99756,-0.99796,-0.99831,-0.99863,-0.99891,-0.99915,-0.99937,-0.99955,-0.9997,-0.99982,-0.99991,-0.99997,-1,-0.99999,-0.99995,-0.99987,-0.99975,-0.99958,-0.99937,-0.9991,-0.99877,-0.99837,-0.9979,-0.99735,-0.9967,-0.99595,-0.99508,-0.99407,-0.99291,-0.99156,-0.99001,-0.98821,-0.98613,-0.98371,-0.98088,-0.97758,-0.97369,-0.96908,-0.9636,-0.95702,-0.94906,-0.93935,-0.92738,-0.91243,-0.89352,-0.86921,-0.83732,-0.79431,-0.7338,-0.64159,-0.47302,0.031915,0.99264,0.73284,0.53372,0.36352,0.20201,0
0,-0.25231,-0.85347,-0.68174,-0.6805,-0.7114,-0.74899,-0.78566,-0.81873,-0.84743,-0.8718,-0.89224,-0.90926,-0.9234,-0.93514,-0.9449,-0.95303,-0.95983,-0.96553,-0.97034,-0.97441,-0.97787,-0.98083,-0.98337,-0.98556,-0.98745,-0.9891,-0.99054,-0.99181,-0.99292,-0.99391,-0.99478,-0.99556,-0.99625,-0.99686,-0.99741,-0.9979,-0.99833,-0.9987,-0.99903,-0.99931,-0.99954,-0.99973,-0.99987,-0.99996,-1,-0.99999,-0.99992,-0.9998,-0.99961,-0.99935,-0.99902,-0.9986,-0.9981,-0.9975,-0.99678,-0.99594,-0.99497,-0.99384,-0.99254,-0.99104,-0.98932,-0.98734,-0.98508,-0.98248,-0.9795,-0.97606,-0.97211,-0.96754,-0.96225,-0.9561,-0.94892,-0.94052,-0.93065,-0.919,-0.90518,-0.88875,-0.86914,-0.84569,-0.81763,-0.7841,-0.74423,-0.69733,-0.64321,-0.58387,-0.54341,0.37197,0.30911,0.22134,0.12746,0
0,-0.98109,-0.62147,-0.60687,-0.63568,-0.67428,-0.71405,-0.75173,-0.78598,-0.81632,-0.84274,-0.86549,-0.88493,-0.90147,-0.9155,-0.9274,-0.93749,-0.94607,-0.95337,-0.9596,-0.96494,-0.96952,-0.97347,-0.97689,-0.97986,-0.98245,-0.98472,-0.98671,-0.98847,-0.99002,-0.9914,-0.99262,-0.99371,-0.99469,-0.99556,-0.99633,-0.99702,-0.99763,-0.99816,-0.99863,-0.99902,-0.99935,-0.99962,-0.99981,-0.99994,-1,-0.99998,-0.99988,-0.99971,-0.99944,-0.99907,-0.9986,-0.99802,-0.99731,-0.99646,-0.99546,-0.99429,-0.99293,-0.99137,-0.98957,-0.98752,-0.98517,-0.9825,-0.97945,-0.97598,-0.97202,-0.96752,-0.96239,-0.95654,-0.94985,-0.9422,-0.93344,-0.92338,-0.91183,-0.89855,-0.88328,-0.86574,-0.84564,-0.82274,-0.79685,-0.76805,-0.73682,-0.70471,-0.6757,-0.66128,-0.70694,-0.99763,-0.030851,0.083543,0.069042,0
0,-0.46462,-0.49111,-0.53881,-0.58717,-0.6336,-0.67705,-0.71696,-0.75305,-0.78525,-0.81367,-0.83854,-0.86018,-0.8789,-0.89506,-0.90899,-0.92097,-0.93129,-0.94018,-0.94786,-0.9545,-0.96026,-0.96526,-0.96963,-0.97344,-0.97679,-0.97974,-0.98234,-0.98464,-0.98669,-0.98851,-0.99013,-0.99159,-0.99288,-0.99404,-0.99508,-0.996,-0.99682,-0.99754,-0.99816,-0.99869,-0.99913,-0.99949,-0.99975,-0.99992,-1,-0.99997,-0.99984,-0.9996,-0.99924,-0.99875,-0.99812,-0.99734,-0.9964,-0.99527,-0.99395,-0.99241,-0.99062,-0.98858,-0.98624,-0.98358,-0.98055,-0.97712,-0.97323,-0.96884,-0.96389,-0.95829,-0.95198,-0.94485,-0.93681,-0.92773,-0.91748,-0.90593,-0.8929,-0.87822,-0.86174,-0.84328,-0.82274,-0.80004,-0.77529,-0.74882,-0.72143,-0.69479,-0.67247,-0.66289,-0.69028,-0.84845,-0.66772,-0.081589,0.015715,0
0,-0.30016,-0.40537,-0.47922,-0.53968,-0.59245,-0.63961,-0.68205,-0.72019,-0.75432,-0.78468,-0.81154,-0.8352,-0.85594,-0.87408,-0.88991,-0.9037,-0.91571,-0.92617,-0.93529,-0.94325,-0.95021,-0.95631,-0.96166,-0.96637,-0.97053,-0.97421,-0.97747,-0.98037,-0.98296,-0.98527,-0.98734,-0.98919,-0.99085,-0.99233,-0.99366,-0.99485,-0.9959,-0.99683,-0.99763,-0.99831,-0.99888,-0.99934,-0.99968,-0.9999,-1,-0.99996,-0.9998,-0.99949,-0.99902,-0.99839,-0.99759,-0.99659,-0.99538,-0.99395,-0.99227,-0.99032,-0.98808,-0.98551,-0.98259,-0.97927,-0.97553,-0.9713,-0.96655,-0.96122,-0.95524,-0.94855,-0.94106,-0.93269,-0.92335,-0.91293,-0.90132,-0.8884,-0.87405,-0.85816,-0.84061,-0.82133,-0.80029,-0.77753,-0.75321,-0.72773,-0.70183,-0.67689,-0.65553,-0.64323,-0.65342,-0.72825,-0.9841,-0.35499,-0.044536,0
0,-0.22603,-0.34384,-0.42798,-0.49528,-0.55254,-0.60281,-0.6476,-0.68774,-0.72372,-0.75592,-0.78463,-0.81015,-0.83276,-0.85274,-0.87035,-0.88586,-0.8995,-0.91149,-0.92204,-0.93132,-0.93949,-0.9467,-0.95308,-0.95872,-0.96372,-0.96817,-0.97214,-0.97568,-0.97885,-0.98169,-0.98424,-0.98653,-0.98859,-0.99043,-0.99209,-0.99357,-0.99488,-0.99603,-0.99703,-0.99789,-0.99861,-0.99917,-0.9996,-0.99987,-0.99999,-0.99996,-0.99975,-0.99936,-0.99878,-0.998,-0.997,-0.99577,-0.99428,-0.99252,-0.99046,-0.98807,-0.98534,-0.98222,-0.97868,-0.97468,-0.97019,-0.96515,-0.95952,-0.95323,-0.94623,-0.93845,-0.92982,-0.92026,-0.90968,-0.898,-0.88512,-0.87096,-0.85543,-0.83844,-0.81993,-0.79987,-0.77828,-0.75521,-0.73087,-0.70558,-0.67993,-0.65493,-0.63235,-0.61557,-0.61196,-0.64144,-0.77758,-0.88407,-0.13622,0
0,-0.18248,-0.29744,-0.38425,-0.45477,-0.51481,-0.56737,-0.61411,-0.65601,-0.69368,-0.72754,-0.75794,-0.78517,-0.8095,-0.83119,-0.85048,-0.86761,-0.88281,-0.89628,-0.90822,-0.9188,-0.92819,-0.93653,-0.94394,-0.95054,-0.95642,-0.96168,-0.96639,-0.9706,-0.97439,-0.9778,-0.98086,-0.98363,-0.98611,-0.98835,-0.99036,-0.99215,-0.99375,-0.99515,-0.99638,-0.99742,-0.99829,-0.99899,-0.99951,-0.99984,-0.99999,-0.99995,-0.9997,-0.99923,-0.99853,-0.99759,-0.99638,-0.9949,-0.99311,-0.991,-0.98853,-0.98569,-0.98243,-0.97874,-0.97456,-0.96987,-0.96461,-0.95875,-0.95222,-0.94499,-0.93698,-0.92814,-0.9184,-0.9077,-0.89595,-0.88309,-0.86905,-0.85375,-0.83713,-0.81914,-0.79974,-0.77892,-0.75672,-0.7332,-0.70851,-0.68293,-0.65687,-0.63098,-0.60636,-0.58493,-0.5705,-0.57212,-0.61867,-0.85359,-0.35547,0
0,-0.15329,-0.26124,-0.34698,-0.41833,-0.47973,-0.53374,-0.58193,-0.62526,-0.66437,-0.69971,-0.73162,-0.7604,-0.7863,-0.80956,-0.83041,-0.84907,-0.86575,-0.88065,-0.89394,-0.90581,-0.9164,-0.92586,-0.93432,-0.94189,-0.94868,-0.95477,-0.96024,-0.96516,-0.9696,-0.97361,-0.97722,-0.98048,-0.98343,-0.98609,-0.98847,-0.99061,-0.99251,-0.99419,-0.99566,-0.99691,-0.99795,-0.99878,-0.9994,-0.99981,-0.99999,-0.99994,-0.99964,-0.99909,-0.99827,-0.99715,-0.99573,-0.99398,-0.99188,-0.9894,-0.98652,-0.9832,-0.97941,-0.97512,-0.9703,-0.96489,-0.95887,-0.95218,-0.94477,-0.9366,-0.92761,-0.91774,-0.90694,-0.89515,-0.8823,-0.86835,-0.85322,-0.83687,-0.81926,-0.80034,-0.7801,-0.75854,-0.73568,-0.7116,-0.68639,-0.66024,-0.6334,-0.60626,-0.5794,-0.55376,-0.531,-0.51463,-0.51407,-0.56916,-0.99986,0
0,-0.13217,-0.23229,-0.31514,-0.38579,-0.44746,-0.50219,-0.55132,-0.59571,-0.63599,-0.67257,-0.7058,-0.73595,-0.76327,-0.78796,-0.81026,-0.83035,-0.84843,-0.86469,-0.87929,-0.89241,-0.90419,-0.91477,-0.92427,-0.93283,-0.94053,-0.94747,-0.95373,-0.95938,-0.9645,-0.96913,-0.97332,-0.97711,-0.98055,-0.98365,-0.98644,-0.98894,-0.99117,-0.99315,-0.99487,-0.99634,-0.99757,-0.99855,-0.99929,-0.99977,-0.99999,-0.99993,-0.99959,-0.99896,-0.998,-0.99671,-0.99507,-0.99304,-0.99062,-0.98776,-0.98444,-0.98064,-0.97631,-0.97142,-0.96594,-0.95982,-0.95303,-0.94552,-0.93724,-0.92815,-0.91821,-0.90736,-0.89554,-0.88273,-0.86885,-0.85387,-0.83774,-0.82042,-0.80188,-0.7821,-0.76107,-0.73878,-0.71526,-0.69055,-0.66471,-0.63785,-0.61008,-0.58159,-0.55258,-0.52336,-0.49433,-0.46617,-0.44036,-0.42197,-0.45547,0
0,-0.11612,-0.20868,-0.28783,-0.35684,-0.41798,-0.47281,-0.5224,-0.56751,-0.60866,-0.64625,-0.68059,-0.71194,-0.74051,-0.76651,-0.79013,-0.81155,-0.83095,-0.8485,-0.86436,-0.87869,-0.89162,-0.9033,-0.91385,-0.92338,-0.93201,-0.93981,-0.94688,-0.95329,-0.9591,-0.96438,-0.96917,-0.97352,-0.97746,-0.98103,-0.98425,-0.98715,-0.98973,-0.99201,-0.99401,-0.99572,-0.99715,-0.99829,-0.99915,-0.99972,-0.99998,-0.99993,-0.99955,-0.99883,-0.99774,-0.99627,-0.9944,-0.99209,-0.98933,-0.98609,-0.98234,-0.97804,-0.97316,-0.96767,-0.96153,-0.95471,-0.94716,-0.93884,-0.92972,-0.91975,-0.90888,-0.89709,-0.88431,-0.87053,-0.85568,-0.83975,-0.82269,-0.80447,-0.78508,-0.7645,-0.74271,-0.71972,-0.69553,-0.67017,-0.64366,-0.61604,-0.58732,-0.55752,-0.52661,-0.49448,-0.46083,-0.42498,-0.38535,-0.3378,-0.26995,0
0,-0.10349,-0.1891,-0.26428,-0.3311,-0.39116,-0.4456,-0.49525,-0.54072,-0.58247,-0.62084,-0.65609,-0.68846,-0.71813,-0.74529,-0.77012,-0.79276,-0.81339,-0.83215,-0.84921,-0.8647,-0.87876,-0.89152,-0.90309,-0.91361,-0.92315,-0.93183,-0.93971,-0.94689,-0.95342,-0.95937,-0.96478,-0.96971,-0.97418,-0.97824,-0.98192,-0.98522,-0.98817,-0.99079,-0.99308,-0.99504,-0.99669,-0.99801,-0.999,-0.99966,-0.99997,-0.99993,-0.99951,-0.9987,-0.99749,-0.99584,-0.99373,-0.99115,-0.98805,-0.98442,-0.98023,-0.97543,-0.97001,-0.96392,-0.95713,-0.94961,-0.94132,-0.93222,-0.92227,-0.91145,-0.89971,-0.88701,-0.87334,-0.85864,-0.84289,-0.82607,-0.80815,-0.7891,-0.76892,-0.74758,-0.72508,-0.70142,-0.67659,-0.65059,-0.62341,-0.59503,-0.5654,-0.53442,-0.50191,-0.46751,-0.43056,-0.3898,-0.34265,-0.28325,-0.19595,0
0,-0.093269,-0.17265,-0.24384,-0.3082,-0.36681,-0.42048,-0.46986,-0.51541,-0.5575,-0.59641,-0.63238,-0.66558,-0.6962,-0.72438,-0.75028,-0.77404,-0.79581,-0.81572,-0.8339,-0.85051,-0.86565,-0.87946,-0.89205,-0.90353,-0.914,-0.92354,-0.93226,-0.94021,-0.94747,-0.95411,-0.96016,-0.96568,-0.97071,-0.97528,-0.97943,-0.98316,-0.9865,-0.98947,-0.99207,-0.9943,-0.99618,-0.99769,-0.99883,-0.99959,-0.99996,-0.99993,-0.99948,-0.9986,-0.99725,-0.99542,-0.99309,-0.99022,-0.98679,-0.98278,-0.97814,-0.97286,-0.96689,-0.96021,-0.95279,-0.94458,-0.93557,-0.92571,-0.91497,-0.90333,-0.89076,-0.87721,-0.86268,-0.84713,-0.83054,-0.8129,-0.79417,-0.77436,-0.75344,-0.7314,-0.70825,-0.68395,-0.65851,-0.63189,-0.60408,-0.57499,-0.54454,-0.51255,-0.47874,-0.44263,-0.40341,-0.35962,-0.30858,-0.24482,-0.15591,0
0,-0.084838,-0.15865,-0.226,-0.28778,-0.3447,-0.39735,-0.44618,-0.49156,-0.53376,-0.57301,-0.6095,-0.64337,-0.67478,-0.70384,-0.7307,-0.75547,-0.77828,-0.79925,-0.8185,-0.83616,-0.85235,-0.86718,-0.88075,-0.89318,-0.90456,-0.91498,-0.92452,-0.93326,-0.94127,-0.9486,-0.95531,-0.96145,-0.96705,-0.97215,-0.97678,-0.98096,-0.98472,-0.98805,-0.99098,-0.9935,-0.99562,-0.99733,-0.99863,-0.9995,-0.99995,-0.99994,-0.99946,-0.9985,-0.99703,-0.99503,-0.99247,-0.98932,-0.98557,-0.98117,-0.9761,-0.97034,-0.96384,-0.95658,-0.94854,-0.93967,-0.92996,-0.91937,-0.90788,-0.89546,-0.88209,-0.86774,-0.85241,-0.83606,-0.81869,-0.80028,-0.78082,-0.76029,-0.7387,-0.71602,-0.69224,-0.66736,-0.64134,-0.61416,-0.58575,-0.55603,-0.52487,-0.49204,-0.45723,-0.41988,-0.37917,-0.33365,-0.28086,-0.21621,-0.13056,0
0,-0.077761,-0.14661,-0.21034,-0.26952,-0.32463,-0.37606,-0.42414,-0.46914,-0.51125,-0.55065,-0.58748,-0.62187,-0.65391,-0.68373,-0.71142,-0.73709,-0.76085,-0.7828,-0.80305,-0.82171,-0.83889,-0.8547,-0.86924,-0.8826,-0.89488,-0.90616,-0.91653,-0.92606,-0.93481,-0.94285,-0.95023,-0.957,-0.96319,-0.96884,-0.97398,-0.97863,-0.9828,-0.98652,-0.9898,-0.99262,-0.995,-0.99693,-0.9984,-0.9994,-0.99992,-0.99995,-0.99946,-0.99843,-0.99684,-0.99467,-0.99189,-0.98848,-0.9844,-0.97963,-0.97414,-0.9679,-0.96089,-0.95307,-0.94442,-0.93491,-0.92453,-0.91324,-0.90103,-0.88787,-0.87375,-0.85866,-0.84257,-0.82549,-0.80739,-0.78827,-0.76812,-0.74694,-0.72472,-0.70145,-0.67711,-0.65168,-0.62514,-0.59744,-0.5685,-0.53823,-0.50647,-0.47298,-0.43741,-0.39923,-0.3576,-0.31123,-0.25796,-0.1941,-0.11297,0
0,-0.071738,-0.13615,-0.1965,-0.25314,-0.30637,-0.35647,-0.40365,-0.44809,-0.48995,-0.52933,-0.56635,-0.6011,-0.63365,-0.66408,-0.69249,-0.71896,-0.74357,-0.76641,-0.78759,-0.80719,-0.82532,-0.84206,-0.85753,-0.8718,-0.88496,-0.8971,-0.90829,-0.91861,-0.92812,-0.93687,-0.94493,-0.95234,-0.95913,-0.96534,-0.97101,-0.97614,-0.98076,-0.98489,-0.98852,-0.99166,-0.99432,-0.99648,-0.99813,-0.99928,-0.99989,-0.99996,-0.99946,-0.99838,-0.99669,-0.99436,-0.99137,-0.98769,-0.9833,-0.97817,-0.97227,-0.96557,-0.95806,-0.9497,-0.94047,-0.93035,-0.91932,-0.90737,-0.89447,-0.88062,-0.8658,-0.85,-0.83321,-0.81544,-0.79666,-0.77689,-0.75612,-0.73433,-0.71154,-0.68772,-0.66286,-0.63694,-0.60993,-0.58176,-0.55236,-0.52162,-0.48938,-0.45538,-0.41928,-0.38056,-0.33847,-0.29183,-0.23882,-0.17653,-0.10002,0
0,-0.06655,-0.127,-0.18421,-0.23839,-0.28974,-0.33843,-0.3846,-0.42836,-0.46982,-0.50904,-0.54611,-0.58108,-0.614,-0.64493,-0.67395,-0.7011,-0.72647,-0.75013,-0.77216,-0.79264,-0.81166,-0.8293,-0.84565,-0.8608,-0.87483,-0.88781,-0.89981,-0.91092,-0.92118,-0.93066,-0.93941,-0.94746,-0.95487,-0.96166,-0.96786,-0.9735,-0.97858,-0.98313,-0.98714,-0.99062,-0.99356,-0.99597,-0.99783,-0.99913,-0.99985,-0.99997,-0.99948,-0.99836,-0.99657,-0.99409,-0.99091,-0.98698,-0.98229,-0.97681,-0.97051,-0.96338,-0.95538,-0.9465,-0.93672,-0.92601,-0.91437,-0.90179,-0.88824,-0.87373,-0.85825,-0.84179,-0.82435,-0.80594,-0.78654,-0.76617,-0.74481,-0.72248,-0.69916,-0.67484,-0.64952,-0.62315,-0.59571,-0.56714,-0.53735,-0.50622,-0.47359,-0.43922,-0.40277,-0.36376,-0.32151,-0.27499,-0.2227,-0.16229,-0.090099,0
0,-0.062034,-0.11893,-0.17323,-0.22507,-0.27456,-0.3218,-0.36688,-0.40986,-0.45081,-0.48975,-0.52674,-0.56181,-0.59498,-0.6263,-0.65581,-0.68356,-0.7096,-0.73398,-0.75679,-0.77808,-0.79794,-0.81643,-0.83363,-0.84963,-0.8645,-0.8783,-0.89111,-0.90299,-0.91401,-0.92421,-0.93365,-0.94237,-0.9504,-0.95779,-0.96454,-0.97069,-0.97625,-0.98123,-0.98564,-0.98947,-0.99273,-0.9954,-0.99748,-0.99895,-0.99979,-0.99999,-0.99952,-0.99836,-0.99649,-0.99388,-0.99051,-0.98635,-0.98138,-0.97556,-0.96889,-0.96133,-0.95287,-0.9435,-0.93318,-0.92192,-0.9097,-0.89652,-0.88236,-0.86724,-0.85113,-0.83406,-0.81602,-0.79701,-0.77703,-0.75611,-0.73422,-0.71138,-0.68758,-0.66282,-0.63707,-0.6103,-0.58249,-0.55356,-0.52344,-0.492,-0.45908,-0.42446,-0.38781,-0.34869,-0.3065,-0.26036,-0.209,-0.15057,-0.082281,0
0,-0.058067,-0.11175,-0.16336,-0.21298,-0.26065,-0.30644,-0.35039,-0.39252,-0.43286,-0.47142,-0.50823,-0.54328,-0.5766,-0.6082,-0.6381,-0.66634,-0.69296,-0.718,-0.74151,-0.76355,-0.78418,-0.80347,-0.82149,-0.8383,-0.85398,-0.86859,-0.88219,-0.89484,-0.90661,-0.91754,-0.92767,-0.93706,-0.94573,-0.95371,-0.96103,-0.96771,-0.97377,-0.9792,-0.98402,-0.98823,-0.99181,-0.99476,-0.99707,-0.99873,-0.99971,-1,-0.99957,-0.9984,-0.99646,-0.99373,-0.99019,-0.98581,-0.98057,-0.97444,-0.96741,-0.95945,-0.95056,-0.94071,-0.92989,-0.9181,-0.90533,-0.89158,-0.87686,-0.86115,-0.84447,-0.82682,-0.80821,-0.78865,-0.76815,-0.74671,-0.72434,-0.70104,-0.6768,-0.65163,-0.6255,-0.59839,-0.57025,-0.54102,-0.51062,-0.47894,-0.44581,-0.41102,-0.37429,-0.33521,-0.29323,-0.24762,-0.19731,-0.14082,-0.075989,0
0,-0.054553,-0.10533,-0.15446,-0.20197,-0.24789,-0.29224,-0.33502,-0.37625,-0.41591,-0.45401,-0.49054,-0.52548,-0.55884,-0.59062,-0.62083,-0.64947,-0.67659,-0.70219,-0.72633,-0.74906,-0.77041,-0.79045,-0.80924,-0.82683,-0.84329,-0.85868,-0.87305,-0.88646,-0.89897,-0.91062,-0.92146,-0.93151,-0.94082,-0.94942,-0.95732,-0.96455,-0.97111,-0.97702,-0.98227,-0.98686,-0.99079,-0.99404,-0.99661,-0.99847,-0.99961,-1,-0.99962,-0.99846,-0.99647,-0.99365,-0.98996,-0.98538,-0.97988,-0.97346,-0.96609,-0.95776,-0.94844,-0.93814,-0.92685,-0.91456,-0.90128,-0.887,-0.87173,-0.85548,-0.83826,-0.82007,-0.80094,-0.78087,-0.75988,-0.73797,-0.71515,-0.69143,-0.66681,-0.64127,-0.6148,-0.58737,-0.55895,-0.52947,-0.49885,-0.46698,-0.43371,-0.39884,-0.36211,-0.32316,-0.2815,-0.2365,-0.18728,-0.13262,-0.070846,0
0,-0.051417,-0.099556,-0.14639,-0.19191,-0.23614,-0.27907,-0.32068,-0.36097,-0.3999,-0.43747,-0.47364,-0.50839,-0.54171,-0.57358,-0.60399,-0.63296,-0.66048,-0.68658,-0.71128,-0.73462,-0.75664,-0.77738,-0.79689,-0.81522,-0.83243,-0.84858,-0.8637,-0.87786,-0.8911,-0.90347,-0.915,-0.92573,-0.93569,-0.94491,-0.95341,-0.96119,-0.96828,-0.97467,-0.98037,-0.98537,-0.98966,-0.99323,-0.99607,-0.99816,-0.99947,-0.99999,-0.99969,-0.99855,-0.99653,-0.99363,-0.9898,-0.98504,-0.97932,-0.97263,-0.96494,-0.95625,-0.94654,-0.93582,-0.92408,-0.91132,-0.89754,-0.88276,-0.86699,-0.85023,-0.8325,-0.81382,-0.7942,-0.77366,-0.75222,-0.72987,-0.70665,-0.68255,-0.65756,-0.63169,-0.60492,-0.57723,-0.54856,-0.51887,-0.48807,-0.45607,-0.42272,-0.38783,-0.35117,-0.31241,-0.27113,-0.22679,-0.17864,-0.12569,-0.066588,0
0,-0.048599,-0.094328,-0.13902,-0.18268,-0.22529,-0.26683,-0.30727,-0.3466,-0.38476,-0.42174,-0.45749,-0.49197,-0.52517,-0.55705,-0.5876,-0.6168,-0.64466,-0.67118,-0.69637,-0.72026,-0.74288,-0.76427,-0.78445,-0.80349,-0.82142,-0.83829,-0.85414,-0.86903,-0.88299,-0.89607,-0.9083,-0.9197,-0.93032,-0.94017,-0.94927,-0.95762,-0.96525,-0.97214,-0.97831,-0.98373,-0.98841,-0.99233,-0.99546,-0.99779,-0.9993,-0.99997,-0.99976,-0.99866,-0.99664,-0.99367,-0.98974,-0.98482,-0.97889,-0.97194,-0.96396,-0.95493,-0.94486,-0.93374,-0.92157,-0.90837,-0.89413,-0.87888,-0.86263,-0.8454,-0.8272,-0.80805,-0.78798,-0.767,-0.74514,-0.7224,-0.6988,-0.67435,-0.64904,-0.62288,-0.59584,-0.5679,-0.53903,-0.50917,-0.47824,-0.44614,-0.41275,-0.37789,-0.34134,-0.30283,-0.26197,-0.21829,-0.17117,-0.11978,-0.063031,0
0,-0.046051,-0.089571,-0.13229,-0.17418,-0.21524,-0.25543,-0.29472,-0.33307,-0.37044,-0.40678,-0.44205,-0.47621,-0.50922,-0.54103,-0.57164,-0.601,-0.62912,-0.65598,-0.6816,-0.70598,-0.72915,-0.75112,-0.77194,-0.79163,-0.81024,-0.82781,-0.84437,-0.85997,-0.87464,-0.88842,-0.90134,-0.91342,-0.92469,-0.93518,-0.94489,-0.95383,-0.96201,-0.96943,-0.97608,-0.98195,-0.98703,-0.99131,-0.99476,-0.99736,-0.99909,-0.99992,-0.99984,-0.9988,-0.99679,-0.99379,-0.98976,-0.9847,-0.97859,-0.97141,-0.96315,-0.95382,-0.9434,-0.9319,-0.91934,-0.90572,-0.89105,-0.87536,-0.85866,-0.84097,-0.82233,-0.80275,-0.78226,-0.76087,-0.73862,-0.71552,-0.69158,-0.6668,-0.64121,-0.61478,-0.5875,-0.55936,-0.53032,-0.50031,-0.46928,-0.43713,-0.40373,-0.36893,-0.33254,-0.29429,-0.25387,-0.21085,-0.1647,-0.11472,-0.060034,0
0,-0.043734,-0.085221,-0.12609,-0.16633,-0.2059,-0.24478,-0.28293,-0.32031,-0.35686,-0.39254,-0.42729,-0.46106,-0.49382,-0.52551,-0.5561,-0.58556,-0.61386,-0.64101,-0.66698,-0.69179,-0.71544,-0.73795,-0.75935,-0.77966,-0.79892,-0.81715,-0.83439,-0.85068,-0.86604,-0.88051,-0.89411,-0.90687,-0.9188,-0.92993,-0.94026,-0.9498,-0.95855,-0.9665,-0.97365,-0.97999,-0.9855,-0.99016,-0.99395,-0.99685,-0.99882,-0.99985,-0.9999,-0.99896,-0.99698,-0.99396,-0.98987,-0.9847,-0.97842,-0.97103,-0.96252,-0.9529,-0.94216,-0.93032,-0.91738,-0.90336,-0.88828,-0.87217,-0.85505,-0.83695,-0.81789,-0.7979,-0.77701,-0.75525,-0.73264,-0.7092,-0.68494,-0.65988,-0.63402,-0.60735,-0.57987,-0.55155,-0.52235,-0.49224,-0.46113,-0.42895,-0.39558,-0.36087,-0.32465,-0.28669,-0.2467,-0.20431,-0.15906,-0.11037,-0.057494,0
0,-0.041614,-0.081223,-0.12037,-0.15904,-0.1972,-0.23482,-0.27185,-0.30825,-0.34398,-0.37896,-0.41315,-0.4465,-0.47895,-0.51045,-0.54097,-0.57045,-0.59889,-0.62624,-0.65251,-0.67768,-0.70176,-0.72476,-0.7467,-0.76758,-0.78744,-0.8063,-0.8242,-0.84115,-0.85718,-0.87233,-0.88661,-0.90004,-0.91263,-0.9244,-0.93536,-0.94551,-0.95484,-0.96335,-0.97102,-0.97785,-0.98381,-0.98888,-0.99303,-0.99624,-0.99849,-0.99974,-0.99996,-0.99913,-0.99722,-0.9942,-0.99007,-0.9848,-0.97838,-0.97081,-0.96207,-0.95218,-0.94114,-0.92897,-0.91568,-0.90129,-0.88583,-0.86932,-0.8518,-0.8333,-0.81385,-0.79348,-0.77222,-0.7501,-0.72716,-0.7034,-0.67885,-0.65353,-0.62742,-0.60054,-0.57288,-0.5444,-0.51509,-0.48488,-0.45373,-0.42154,-0.38821,-0.35362,-0.31759,-0.27992,-0.24035,-0.19856,-0.15415,-0.10662,-0.055329,0
0,-0.039667,-0.077534,-0.11507,-0.15226,-0.18906,-0.22546,-0.2614,-0.29685,-0.33173,-0.36601,-0.39961,-0.43249,-0.46459,-0.49585,-0.52623,-0.55569,-0.58418,-0.61169,-0.63819,-0.66367,-0.68813,-0.71156,-0.73397,-0.75538,-0.77581,-0.79527,-0.81379,-0.83138,-0.84807,-0.86387,-0.87882,-0.89291,-0.90616,-0.91859,-0.93018,-0.94095,-0.95087,-0.95995,-0.96817,-0.9755,-0.98194,-0.98744,-0.99198,-0.99554,-0.99808,-0.99958,-0.99999,-0.9993,-0.99748,-0.9945,-0.99035,-0.98502,-0.97848,-0.97074,-0.9618,-0.95166,-0.94034,-0.92786,-0.91423,-0.89949,-0.88366,-0.86678,-0.84889,-0.83001,-0.81018,-0.78945,-0.76785,-0.7454,-0.72214,-0.69809,-0.67328,-0.6477,-0.62138,-0.59431,-0.56648,-0.53787,-0.50846,-0.47818,-0.447,-0.41482,-0.38156,-0.34709,-0.31126,-0.27388,-0.23472,-0.1935,-0.14986,-0.10336,-0.053473,0
0,-0.037868,-0.074113,-0.11014,-0.14592,-0.18144,-0.21666,-0.25154,-0.28603,-0.32007,-0.35363,-0.38662,-0.419,-0.45071,-0.48168,-0.51188,-0.54125,-0.56975,-0.59735,-0.62402,-0.64975,-0.67452,-0.69833,-0.72118,-0.74308,-0.76403,-0.78405,-0.80315,-0.82135,-0.83868,-0.85513,-0.87072,-0.88548,-0.89939,-0.91246,-0.9247,-0.93609,-0.94663,-0.95629,-0.96507,-0.97294,-0.97987,-0.98583,-0.99079,-0.99472,-0.99759,-0.99936,-1,-0.99948,-0.99777,-0.99486,-0.99071,-0.98533,-0.9787,-0.97082,-0.96169,-0.95133,-0.93975,-0.92698,-0.91304,-0.89796,-0.88179,-0.86455,-0.84629,-0.82705,-0.80688,-0.7858,-0.76387,-0.74111,-0.71755,-0.69323,-0.66817,-0.64237,-0.61585,-0.5886,-0.56063,-0.5319,-0.5024,-0.47208,-0.44088,-0.40873,-0.37555,-0.34121,-0.30558,-0.26848,-0.22972,-0.18902,-0.14609,-0.10053,-0.051875,0
0,-0.036199,-0.07093,-0.10553,-0.13999,-0.17427,-0.20835,-0.24219,-0.27575,-0.30896,-0.34178,-0.37414,-0.40599,-0.43727,-0.46792,-0.49789,-0.52712,-0.55557,-0.58321,-0.61,-0.63592,-0.66096,-0.68509,-0.70833,-0.73066,-0.75209,-0.77263,-0.79229,-0.81107,-0.829,-0.84608,-0.86232,-0.87772,-0.89228,-0.90601,-0.91889,-0.93092,-0.94208,-0.95235,-0.96171,-0.97013,-0.97758,-0.98403,-0.98944,-0.99377,-0.997,-0.99907,-0.99997,-0.99964,-0.99808,-0.99526,-0.99115,-0.98575,-0.97904,-0.97104,-0.96175,-0.95118,-0.93936,-0.92632,-0.91208,-0.89668,-0.88017,-0.8626,-0.84399,-0.82441,-0.8039,-0.78249,-0.76025,-0.73719,-0.71336,-0.68878,-0.66348,-0.63747,-0.61076,-0.58336,-0.55526,-0.52644,-0.49687,-0.46651,-0.43531,-0.4032,-0.3701,-0.3359,-0.30047,-0.26365,-0.22526,-0.18506,-0.14277,-0.098048,-0.050493,0
0,-0.034644,-0.067956,-0.10121,-0.13441,-0.16751,-0.2005,-0.23333,-0.26596,-0.29835,-0.33043,-0.36215,-0.39345,-0.42427,-0.45455,-0.48424,-0.51329,-0.54164,-0.56927,-0.59612,-0.62218,-0.64743,-0.67184,-0.6954,-0.71812,-0.73999,-0.76101,-0.78119,-0.80053,-0.81904,-0.83672,-0.85358,-0.86962,-0.88483,-0.8992,-0.91274,-0.92541,-0.93721,-0.9481,-0.95806,-0.96706,-0.97506,-0.98202,-0.98791,-0.99268,-0.99629,-0.9987,-0.99988,-0.99979,-0.9984,-0.9957,-0.99165,-0.98625,-0.9795,-0.9714,-0.96197,-0.95121,-0.93916,-0.92586,-0.91134,-0.89564,-0.87881,-0.8609,-0.84197,-0.82205,-0.80121,-0.7795,-0.75695,-0.7336,-0.70951,-0.68468,-0.65916,-0.63296,-0.60609,-0.57854,-0.55033,-0.52142,-0.49179,-0.46141,-0.43022,-0.39816,-0.36515,-0.33109,-0.29586,-0.25931,-0.22127,-0.18153,-0.13983,-0.095872,-0.049292,0
0,-0.03319,-0.065169,-0.097158,-0.12915,-0.16113,-0.19306,-0.22491,-0.25663,-0.28819,-0.31953,-0.3506,-0.38133,-0.41166,-0.44155,-0.47092,-0.49974,-0.52795,-0.55551,-0.58238,-0.60853,-0.63393,-0.65856,-0.68241,-0.70547,-0.72773,-0.74919,-0.76985,-0.78971,-0.80877,-0.82704,-0.8445,-0.86116,-0.87701,-0.89203,-0.90622,-0.91954,-0.93199,-0.94352,-0.9541,-0.9637,-0.97228,-0.97979,-0.98618,-0.99142,-0.99545,-0.99824,-0.99973,-0.99991,-0.99873,-0.99617,-0.99221,-0.98684,-0.98007,-0.97189,-0.96233,-0.9514,-0.93915,-0.9256,-0.9108,-0.89481,-0.87767,-0.85945,-0.84019,-0.81995,-0.7988,-0.77677,-0.75393,-0.73032,-0.70596,-0.68091,-0.65518,-0.6288,-0.60177,-0.57409,-0.54577,-0.51679,-0.48712,-0.45673,-0.42556,-0.39356,-0.36064,-0.32673,-0.29169,-0.2554,-0.21769,-0.17838,-0.13722,-0.093952,-0.048242,0
0,-0.031826,-0.062546,-0.093334,-0.12418,-0.15507,-0.18598,-0.21688,-0.24772,-0.27847,-0.30907,-0.33946,-0.36961,-0.39943,-0.42889,-0.45792,-0.48647,-0.51449,-0.54194,-0.56877,-0.59495,-0.62046,-0.64526,-0.66934,-0.6927,-0.7153,-0.73716,-0.75826,-0.77861,-0.79819,-0.81701,-0.83506,-0.85233,-0.8688,-0.88447,-0.89931,-0.91329,-0.9264,-0.93858,-0.94981,-0.96003,-0.96921,-0.97729,-0.98423,-0.98997,-0.99446,-0.99765,-0.99951,-0.99998,-0.99904,-0.99666,-0.99282,-0.98751,-0.98074,-0.97251,-0.96284,-0.95176,-0.9393,-0.92552,-0.91046,-0.89419,-0.87675,-0.85821,-0.83863,-0.81808,-0.79662,-0.7743,-0.75117,-0.72729,-0.70269,-0.67742,-0.65149,-0.62493,-0.59776,-0.56996,-0.54155,-0.51251,-0.4828,-0.45241,-0.42127,-0.38933,-0.35652,-0.32274,-0.2879,-0.25186,-0.21447,-0.17555,-0.13489,-0.092249,-0.04732,0
0,-0.030541,-0.060073,-0.089719,-0.11947,-0.14933,-0.17925,-0.20922,-0.23919,-0.26914,-0.29899,-0.32872,-0.35826,-0.38756,-0.41657,-0.44522,-0.47346,-0.50125,-0.52854,-0.55529,-0.58146,-0.60702,-0.63194,-0.65621,-0.6798,-0.70271,-0.72492,-0.74642,-0.76722,-0.78729,-0.80664,-0.82524,-0.8431,-0.86019,-0.8765,-0.89199,-0.90663,-0.9204,-0.93326,-0.94514,-0.95602,-0.96583,-0.97452,-0.98203,-0.98831,-0.9933,-0.99694,-0.99919,-1,-0.99933,-0.99716,-0.99347,-0.98825,-0.9815,-0.97324,-0.96348,-0.95225,-0.93962,-0.92561,-0.9103,-0.89374,-0.87601,-0.85716,-0.83727,-0.81641,-0.79464,-0.77203,-0.74863,-0.72449,-0.69965,-0.67416,-0.64804,-0.62132,-0.59401,-0.56611,-0.53761,-0.50852,-0.47879,-0.44839,-0.41729,-0.38542,-0.35272,-0.31909,-0.28443,-0.24863,-0.21154,-0.173,-0.1328,-0.090728,-0.046505,0
0,-0.029328,-0.057733,-0.086293,-0.115,-0.14386,-0.17283,-0.20189,-0.23102,-0.26017,-0.28929,-0.31835,-0.34728,-0.37603,-0.40455,-0.43279,-0.4607,-0.48822,-0.51531,-0.54193,-0.56804,-0.5936,-0.61859,-0.643,-0.66678,-0.68994,-0.71246,-0.73433,-0.75553,-0.77605,-0.7959,-0.81504,-0.83346,-0.85116,-0.86808,-0.88422,-0.89954,-0.91398,-0.92752,-0.94009,-0.95164,-0.96211,-0.97144,-0.97957,-0.98642,-0.99194,-0.99607,-0.99876,-0.99994,-0.99959,-0.99767,-0.99416,-0.98905,-0.98235,-0.97407,-0.96424,-0.95289,-0.94008,-0.92586,-0.9103,-0.89347,-0.87544,-0.85628,-0.83609,-0.81492,-0.79285,-0.76994,-0.74627,-0.72187,-0.6968,-0.6711,-0.6448,-0.61792,-0.59048,-0.56248,-0.53391,-0.50477,-0.47503,-0.44465,-0.41359,-0.38179,-0.34919,-0.31571,-0.28124,-0.24567,-0.20887,-0.17068,-0.13091,-0.089361,-0.045779,0
0,-0.028179,-0.055514,-0.083039,-0.11075,-0.13864,-0.16669,-0.19488,-0.22318,-0.25154,-0.27994,-0.30831,-0.33662,-0.36482,-0.39284,-0.42065,-0.44818,-0.47539,-0.50224,-0.52869,-0.55469,-0.58021,-0.60522,-0.62971,-0.65364,-0.677,-0.69978,-0.72196,-0.74353,-0.76447,-0.78478,-0.80442,-0.8234,-0.84167,-0.85921,-0.87599,-0.89197,-0.9071,-0.92133,-0.9346,-0.94685,-0.95801,-0.96802,-0.9768,-0.98427,-0.99037,-0.99503,-0.99819,-0.9998,-0.9998,-0.99816,-0.99487,-0.98991,-0.98328,-0.975,-0.96511,-0.95365,-0.94068,-0.92625,-0.91044,-0.89334,-0.87501,-0.85556,-0.83505,-0.81357,-0.79119,-0.768,-0.74405,-0.7194,-0.6941,-0.6682,-0.64172,-0.6147,-0.58713,-0.55904,-0.53041,-0.50123,-0.47147,-0.44112,-0.41011,-0.37839,-0.3459,-0.31256,-0.27828,-0.24294,-0.20641,-0.16855,-0.12919,-0.088123,-0.045128,0
0,-0.027088,-0.053406,-0.079942,-0.1067,-0.13366,-0.16083,-0.18816,-0.21564,-0.24324,-0.27091,-0.2986,-0.32629,-0.35391,-0.38141,-0.40876,-0.43589,-0.46276,-0.48934,-0.51556,-0.54141,-0.56684,-0.59183,-0.61635,-0.64037,-0.66389,-0.68688,-0.70933,-0.73122,-0.75254,-0.77327,-0.79339,-0.81288,-0.83171,-0.84986,-0.86727,-0.88391,-0.89973,-0.91466,-0.92865,-0.94163,-0.95351,-0.96423,-0.97369,-0.98183,-0.98855,-0.99379,-0.99748,-0.99954,-0.99994,-0.99863,-0.99559,-0.9908,-0.98427,-0.97603,-0.9661,-0.95453,-0.9414,-0.92677,-0.91072,-0.89334,-0.87472,-0.85495,-0.83413,-0.81233,-0.78965,-0.76617,-0.74195,-0.71705,-0.69152,-0.66542,-0.63877,-0.6116,-0.58392,-0.55574,-0.52705,-0.49784,-0.46809,-0.43776,-0.40681,-0.37518,-0.34281,-0.30961,-0.27551,-0.24039,-0.20413,-0.16659,-0.1276,-0.086992,-0.04454,0
0,-0.026051,-0.0514,-0.076991,-0.10283,-0.1289,-0.1552,-0.18171,-0.2084,-0.23523,-0.26218,-0.2892,-0.31625,-0.34329,-0.37026,-0.39712,-0.42383,-0.45033,-0.47658,-0.50255,-0.5282,-0.5535,-0.57841,-0.60291,-0.62698,-0.6506,-0.67375,-0.69642,-0.71859,-0.74024,-0.76135,-0.78191,-0.80189,-0.82126,-0.83999,-0.85802,-0.87532,-0.89183,-0.90748,-0.9222,-0.93592,-0.94856,-0.96002,-0.97022,-0.97906,-0.98646,-0.99232,-0.99658,-0.99916,-1,-0.99906,-0.9963,-0.99172,-0.98532,-0.97713,-0.96718,-0.95552,-0.94224,-0.9274,-0.91111,-0.89345,-0.87453,-0.85444,-0.8333,-0.81119,-0.7882,-0.76442,-0.73992,-0.71477,-0.68902,-0.66272,-0.6359,-0.60859,-0.5808,-0.55254,-0.52381,-0.49458,-0.46483,-0.43454,-0.40365,-0.37211,-0.33986,-0.30682,-0.2729,-0.238,-0.202,-0.16476,-0.12614,-0.085951,-0.044003,0
0,-0.025064,-0.049487,-0.074174,-0.099129,-0.12435,-0.14981,-0.17552,-0.20143,-0.22752,-0.25375,-0.2801,-0.30651,-0.33295,-0.35938,-0.38573,-0.41198,-0.43808,-0.46399,-0.48966,-0.51507,-0.54018,-0.56497,-0.5894,-0.61347,-0.63714,-0.6604,-0.68324,-0.70563,-0.72757,-0.74903,-0.76999,-0.79042,-0.8103,-0.82958,-0.84822,-0.86617,-0.88337,-0.89974,-0.91521,-0.9297,-0.94312,-0.95536,-0.96633,-0.97593,-0.98405,-0.9906,-0.99548,-0.99862,-0.99996,-0.99943,-0.997,-0.99267,-0.98642,-0.9783,-0.96834,-0.95661,-0.94318,-0.92814,-0.9116,-0.89365,-0.87442,-0.85402,-0.83254,-0.8101,-0.7868,-0.76272,-0.73794,-0.71253,-0.68656,-0.66006,-0.63308,-0.60563,-0.57774,-0.54941,-0.52064,-0.4914,-0.46167,-0.43142,-0.4006,-0.36916,-0.33704,-0.30415,-0.27042,-0.23573,-0.19999,-0.16305,-0.12477,-0.084982,-0.043509,0
0,-0.024122,-0.047662,-0.071484,-0.095593,-0.11998,-0.14465,-0.16956,-0.19471,-0.22007,-0.24561,-0.27128,-0.29705,-0.32289,-0.34875,-0.37458,-0.40036,-0.42602,-0.45154,-0.47689,-0.50201,-0.5269,-0.55151,-0.57583,-0.59983,-0.6235,-0.64682,-0.66977,-0.69235,-0.71452,-0.73628,-0.75759,-0.77844,-0.7988,-0.81861,-0.83784,-0.85642,-0.8743,-0.8914,-0.90764,-0.92292,-0.93714,-0.95021,-0.96199,-0.97239,-0.98129,-0.98857,-0.99414,-0.99791,-0.99979,-0.99972,-0.99767,-0.99362,-0.98757,-0.97954,-0.96959,-0.95779,-0.94421,-0.92897,-0.91217,-0.89394,-0.87439,-0.85364,-0.83183,-0.80905,-0.78542,-0.76103,-0.73597,-0.71031,-0.68411,-0.65741,-0.63027,-0.6027,-0.57471,-0.54632,-0.51751,-0.48826,-0.45856,-0.42836,-0.39763,-0.3663,-0.3343,-0.30158,-0.26803,-0.23356,-0.19807,-0.16142,-0.12347,-0.084074,-0.04305,0
0,-0.023224,-0.04592,-0.068914,-0.092209,-0.1158,-0.13969,-0.16384,-0.18825,-0.21289,-0.23773,-0.26274,-0.28787,-0.3131,-0.33838,-0.36368,-0.38895,-0.41415,-0.43926,-0.46423,-0.48904,-0.51365,-0.53804,-0.56219,-0.58608,-0.6097,-0.63302,-0.65603,-0.67873,-0.70109,-0.72309,-0.74472,-0.76594,-0.78673,-0.80705,-0.82683,-0.84604,-0.8646,-0.88242,-0.89943,-0.91552,-0.93058,-0.9445,-0.95715,-0.9684,-0.97813,-0.98621,-0.99253,-0.99698,-0.99946,-0.99992,-0.99829,-0.99457,-0.98874,-0.98083,-0.97091,-0.95904,-0.94533,-0.92988,-0.91282,-0.89428,-0.87439,-0.8533,-0.83113,-0.808,-0.78404,-0.75933,-0.73398,-0.70806,-0.68163,-0.65474,-0.62744,-0.59974,-0.57167,-0.54322,-0.51438,-0.48514,-0.45548,-0.42534,-0.3947,-0.36348,-0.33163,-0.29907,-0.26572,-0.23147,-0.19622,-0.15986,-0.12224,-0.083213,-0.04262,0
0,-0.022367,-0.044257,-0.066458,-0.088974,-0.1118,-0.13493,-0.15835,-0.18204,-0.20597,-0.23012,-0.25446,-0.27896,-0.30357,-0.32827,-0.35301,-0.37776,-0.40248,-0.42714,-0.4517,-0.47615,-0.50044,-0.52457,-0.5485,-0.57223,-0.59573,-0.619,-0.64202,-0.66478,-0.68727,-0.70947,-0.73136,-0.75291,-0.77409,-0.79487,-0.81519,-0.83499,-0.85421,-0.87276,-0.89054,-0.90746,-0.92338,-0.93819,-0.95175,-0.96391,-0.97453,-0.98348,-0.99061,-0.99581,-0.99896,-1,-0.99885,-0.9955,-0.98993,-0.98217,-0.9723,-0.96038,-0.94652,-0.93086,-0.91352,-0.89466,-0.87443,-0.85297,-0.83042,-0.80693,-0.78261,-0.75758,-0.73193,-0.70574,-0.67908,-0.652,-0.62455,-0.59673,-0.56858,-0.54008,-0.51123,-0.48201,-0.45239,-0.42233,-0.39178,-0.36069,-0.32899,-0.29661,-0.26345,-0.22943,-0.19443,-0.15835,-0.12105,-0.082391,-0.042212,0
0,-0.02155,-0.042671,-0.064113,-0.085881,-0.10797,-0.13037,-0.15308,-0.17606,-0.1993,-0.22278,-0.24646,-0.27032,-0.29431,-0.31841,-0.34258,-0.36679,-0.391,-0.41518,-0.43931,-0.46335,-0.48729,-0.5111,-0.53476,-0.55827,-0.58161,-0.60477,-0.62774,-0.65051,-0.67306,-0.6954,-0.71749,-0.73931,-0.76084,-0.78204,-0.80286,-0.82323,-0.84309,-0.86235,-0.88091,-0.89867,-0.91548,-0.93122,-0.94572,-0.95885,-0.97043,-0.98031,-0.98833,-0.99435,-0.99825,-0.99993,-0.99933,-0.99639,-0.99113,-0.98355,-0.97374,-0.96177,-0.94778,-0.93189,-0.91427,-0.89507,-0.87446,-0.85261,-0.82968,-0.8058,-0.78112,-0.75575,-0.72979,-0.70333,-0.67644,-0.64917,-0.62156,-0.59364,-0.56541,-0.53687,-0.50802,-0.47883,-0.44927,-0.4193,-0.38886,-0.35791,-0.32637,-0.29416,-0.26121,-0.22742,-0.19268,-0.15688,-0.1199,-0.081597,-0.041822,0
0,-0.020771,-0.041159,-0.061877,-0.082929,-0.10431,-0.12601,-0.14802,-0.17032,-0.19289,-0.2157,-0.23873,-0.26195,-0.28532,-0.30882,-0.3324,-0.35605,-0.37973,-0.40341,-0.42706,-0.45066,-0.4742,-0.49765,-0.52099,-0.54423,-0.56735,-0.59033,-0.61319,-0.6359,-0.65847,-0.68087,-0.70311,-0.72515,-0.74698,-0.76854,-0.78981,-0.81072,-0.8312,-0.85116,-0.87049,-0.88909,-0.90681,-0.9235,-0.93901,-0.95316,-0.96576,-0.97664,-0.98563,-0.99256,-0.99729,-0.99969,-0.9997,-0.99724,-0.99232,-0.98496,-0.97523,-0.96323,-0.94909,-0.93297,-0.91504,-0.89548,-0.87448,-0.85222,-0.82887,-0.80458,-0.77952,-0.75379,-0.72752,-0.70078,-0.67366,-0.6462,-0.61845,-0.59042,-0.56213,-0.53357,-0.50473,-0.47558,-0.44609,-0.41622,-0.38591,-0.3551,-0.32373,-0.29172,-0.25898,-0.22543,-0.19095,-0.15544,-0.11878,-0.080825,-0.041446,0
0,-0.020031,-0.039721,-0.05975,-0.080117,-0.10082,-0.12185,-0.14319,-0.16482,-0.18673,-0.20889,-0.23127,-0.25386,-0.27661,-0.29949,-0.32248,-0.34556,-0.36868,-0.39182,-0.41497,-0.4381,-0.46119,-0.48423,-0.50721,-0.53012,-0.55295,-0.57571,-0.59838,-0.62098,-0.64348,-0.6659,-0.68821,-0.71041,-0.73246,-0.75435,-0.77602,-0.79742,-0.81848,-0.83911,-0.85921,-0.87865,-0.8973,-0.91498,-0.93153,-0.94675,-0.96045,-0.97242,-0.98246,-0.99039,-0.99603,-0.99924,-0.99993,-0.99802,-0.9935,-0.98639,-0.97677,-0.96474,-0.95045,-0.93408,-0.91582,-0.89588,-0.87445,-0.85175,-0.82795,-0.80324,-0.77778,-0.75168,-0.72508,-0.69806,-0.67071,-0.64306,-0.61517,-0.58705,-0.5587,-0.53013,-0.50131,-0.47222,-0.44282,-0.41306,-0.38289,-0.35225,-0.32107,-0.28926,-0.25675,-0.22344,-0.18923,-0.15402,-0.11767,-0.080068,-0.04108,0
0,-0.019329,-0.038358,-0.057731,-0.077446,-0.097499,-0.11788,-0.13857,-0.15956,-0.18083,-0.20235,-0.2241,-0.24605,-0.26817,-0.29044,-0.31283,-0.33531,-0.35786,-0.38045,-0.40306,-0.42567,-0.44828,-0.47086,-0.49342,-0.51595,-0.53844,-0.5609,-0.58333,-0.60574,-0.62812,-0.65047,-0.67279,-0.69507,-0.71729,-0.73943,-0.76144,-0.78329,-0.80488,-0.82616,-0.847,-0.86728,-0.88686,-0.90556,-0.92319,-0.93955,-0.95441,-0.96755,-0.97874,-0.98776,-0.99442,-0.99854,-1,-0.99871,-0.99465,-0.98783,-0.97834,-0.96629,-0.95185,-0.93522,-0.91661,-0.89624,-0.87436,-0.85118,-0.82691,-0.80174,-0.77585,-0.74937,-0.72243,-0.69513,-0.66754,-0.63971,-0.61169,-0.58348,-0.5551,-0.52653,-0.49775,-0.46874,-0.43944,-0.40982,-0.37981,-0.34934,-0.31836,-0.28677,-0.2545,-0.22145,-0.18751,-0.15259,-0.11657,-0.079322,-0.040721,0
0,-0.018666,-0.037071,-0.055823,-0.074919,-0.094353,-0.11411,-0.13419,-0.15456,-0.1752,-0.19609,-0.21722,-0.23854,-0.26004,-0.28169,-0.30346,-0.32534,-0.34729,-0.36929,-0.39133,-0.4134,-0.43548,-0.45756,-0.47965,-0.50174,-0.52383,-0.54593,-0.56805,-0.5902,-0.61238,-0.63459,-0.65684,-0.67913,-0.70144,-0.72376,-0.74605,-0.76827,-0.79036,-0.81223,-0.83379,-0.85489,-0.8754,-0.89514,-0.91389,-0.93145,-0.94755,-0.96195,-0.97439,-0.98462,-0.9924,-0.99753,-0.99987,-0.99929,-0.99575,-0.98928,-0.97994,-0.96789,-0.95329,-0.93637,-0.91737,-0.89655,-0.87417,-0.85047,-0.8257,-0.80004,-0.7737,-0.74682,-0.71953,-0.69194,-0.66411,-0.63611,-0.60796,-0.57969,-0.55128,-0.52273,-0.49402,-0.4651,-0.43593,-0.40646,-0.37662,-0.34636,-0.31559,-0.28424,-0.25222,-0.21943,-0.18578,-0.15117,-0.11547,-0.07858,-0.040367,0
0,-0.018044,-0.035862,-0.054029,-0.072541,-0.091389,-0.11056,-0.13004,-0.14981,-0.16984,-0.19013,-0.21064,-0.23134,-0.25222,-0.27325,-0.2944,-0.31565,-0.33698,-0.35838,-0.37982,-0.4013,-0.42282,-0.44435,-0.46592,-0.48751,-0.50914,-0.53082,-0.55256,-0.57437,-0.59627,-0.61826,-0.64036,-0.66257,-0.68489,-0.70731,-0.72981,-0.75234,-0.77485,-0.79727,-0.81949,-0.8414,-0.86284,-0.88362,-0.90353,-0.92233,-0.93975,-0.95551,-0.96931,-0.98086,-0.98989,-0.99617,-0.99949,-0.99971,-0.99679,-0.99071,-0.98157,-0.96952,-0.95475,-0.93751,-0.91809,-0.89678,-0.87385,-0.8496,-0.82427,-0.79809,-0.77127,-0.74397,-0.71632,-0.68843,-0.66038,-0.6322,-0.60395,-0.57562,-0.54722,-0.51871,-0.49008,-0.46128,-0.43226,-0.40296,-0.37332,-0.34327,-0.31274,-0.28164,-0.24989,-0.21738,-0.18404,-0.14973,-0.11437,-0.077839,-0.040016,0
0,-0.017463,-0.034734,-0.052355,-0.070318,-0.088613,-0.10722,-0.12614,-0.14533,-0.16478,-0.18447,-0.20438,-0.22447,-0.24473,-0.26513,-0.28565,-0.30627,-0.32697,-0.34773,-0.36855,-0.38941,-0.41032,-0.43126,-0.45225,-0.47329,-0.4944,-0.51558,-0.53687,-0.55827,-0.5798,-0.60149,-0.62335,-0.6454,-0.66764,-0.69007,-0.71268,-0.73543,-0.75829,-0.78119,-0.80403,-0.8267,-0.84904,-0.87087,-0.89196,-0.91206,-0.93087,-0.94808,-0.96337,-0.97638,-0.98681,-0.99436,-0.9988,-0.99996,-0.99774,-0.99213,-0.98322,-0.97118,-0.95623,-0.93865,-0.91876,-0.89689,-0.87337,-0.8485,-0.82257,-0.79584,-0.76851,-0.74077,-0.71275,-0.68456,-0.65628,-0.62796,-0.59961,-0.57125,-0.54286,-0.51443,-0.48591,-0.45725,-0.4284,-0.3993,-0.36989,-0.34008,-0.30981,-0.27898,-0.2475,-0.2153,-0.18226,-0.14828,-0.11327,-0.077097,-0.039666,0
0,-0.016927,-0.033692,-0.050806,-0.068258,-0.086035,-0.10412,-0.1225,-0.14114,-0.16003,-0.17914,-0.19846,-0.21795,-0.23759,-0.25736,-0.27725,-0.29722,-0.31727,-0.33738,-0.35754,-0.37775,-0.39801,-0.41831,-0.43867,-0.4591,-0.47962,-0.50024,-0.521,-0.5419,-0.56299,-0.58429,-0.60582,-0.6276,-0.64966,-0.672,-0.69462,-0.71751,-0.74062,-0.76392,-0.78731,-0.81068,-0.8339,-0.85676,-0.87905,-0.90048,-0.92076,-0.93953,-0.95642,-0.97105,-0.98304,-0.99204,-0.99776,-0.99998,-0.99857,-0.99351,-0.98489,-0.97287,-0.95772,-0.93976,-0.91935,-0.89686,-0.87268,-0.84714,-0.82056,-0.79322,-0.76536,-0.73715,-0.70875,-0.68027,-0.65177,-0.6233,-0.59489,-0.56652,-0.53819,-0.50985,-0.48146,-0.45298,-0.42434,-0.39547,-0.3663,-0.33676,-0.30676,-0.27623,-0.24506,-0.21316,-0.18045,-0.14681,-0.11215,-0.076349,-0.039315,0
0,-0.016438,-0.032741,-0.04939,-0.066372,-0.083669,-0.10126,-0.11913,-0.13725,-0.1556,-0.17416,-0.1929,-0.2118,-0.23083,-0.24997,-0.26921,-0.28853,-0.30791,-0.32735,-0.34682,-0.36635,-0.38591,-0.40553,-0.42521,-0.44497,-0.46484,-0.48483,-0.50497,-0.5253,-0.54585,-0.56666,-0.58776,-0.60918,-0.63094,-0.65308,-0.67561,-0.69851,-0.72178,-0.74537,-0.76922,-0.79323,-0.81726,-0.84113,-0.86461,-0.88742,-0.90923,-0.92967,-0.9483,-0.96471,-0.97843,-0.98907,-0.99625,-0.99971,-0.99925,-0.99484,-0.98655,-0.97458,-0.95921,-0.94082,-0.91982,-0.89665,-0.87172,-0.84544,-0.81815,-0.79016,-0.76173,-0.73304,-0.70426,-0.67548,-0.64678,-0.61819,-0.58973,-0.56139,-0.53313,-0.50493,-0.47672,-0.44845,-0.42004,-0.39144,-0.36255,-0.3333,-0.30361,-0.27339,-0.24254,-0.21098,-0.1786,-0.14531,-0.11101,-0.075594,-0.038962,0
0,-0.015999,-0.031887,-0.048118,-0.064672,-0.08153,-0.098669,-0.11607,-0.13369,-0.15153,-0.16955,-0.18773,-0.20605,-0.22447,-0.24299,-0.26159,-0.28024,-0.29893,-0.31767,-0.33643,-0.35523,-0.37407,-0.39295,-0.4119,-0.43094,-0.45008,-0.46936,-0.48881,-0.50848,-0.5284,-0.54862,-0.56918,-0.59012,-0.61148,-0.6333,-0.6556,-0.6784,-0.70169,-0.72547,-0.74967,-0.77421,-0.79898,-0.82381,-0.84846,-0.87266,-0.89607,-0.91826,-0.93879,-0.95715,-0.97283,-0.98532,-0.99419,-0.99908,-0.99974,-0.9961,-0.98822,-0.97631,-0.9607,-0.94182,-0.92016,-0.8962,-0.87045,-0.84334,-0.81527,-0.78658,-0.75753,-0.72835,-0.69917,-0.6701,-0.64122,-0.61254,-0.58407,-0.55579,-0.52766,-0.49963,-0.47164,-0.44362,-0.41549,-0.38718,-0.35861,-0.32969,-0.30033,-0.27044,-0.23994,-0.20873,-0.17671,-0.14379,-0.10986,-0.074831,-0.038606,0
0,-0.015615,-0.031139,-0.047,-0.063173,-0.079636,-0.09636,-0.11332,-0.13049,-0.14784,-0.16535,-0.18299,-0.20073,-0.21856,-0.23645,-0.2544,-0.27237,-0.29037,-0.30838,-0.3264,-0.34444,-0.36251,-0.38062,-0.39878,-0.41702,-0.43537,-0.45387,-0.47255,-0.49147,-0.51066,-0.53018,-0.55008,-0.57042,-0.59125,-0.61261,-0.63455,-0.6571,-0.68029,-0.7041,-0.72852,-0.75348,-0.77889,-0.80459,-0.83037,-0.85596,-0.881,-0.90505,-0.92761,-0.94813,-0.96599,-0.98061,-0.99143,-0.99799,-0.99999,-0.99727,-0.98988,-0.97806,-0.96218,-0.94274,-0.92031,-0.89546,-0.86877,-0.84073,-0.81181,-0.78235,-0.75266,-0.72295,-0.69338,-0.66405,-0.63501,-0.60628,-0.57784,-0.54967,-0.52171,-0.49391,-0.46618,-0.43846,-0.41065,-0.38268,-0.35446,-0.3259,-0.29691,-0.26739,-0.23726,-0.20642,-0.17477,-0.14223,-0.10869,-0.074057,-0.038248,0
0,-0.01529,-0.030506,-0.046049,-0.061893,-0.078006,-0.094359,-0.11092,-0.12766,-0.14456,-0.16158,-0.17869,-0.19588,-0.21312,-0.23039,-0.24768,-0.26497,-0.28225,-0.29951,-0.31677,-0.33402,-0.35127,-0.36855,-0.38586,-0.40325,-0.42074,-0.43838,-0.45621,-0.47427,-0.49263,-0.51134,-0.53047,-0.55008,-0.57023,-0.591,-0.61242,-0.63457,-0.65747,-0.68116,-0.70564,-0.73086,-0.75677,-0.78324,-0.81007,-0.83701,-0.8637,-0.8897,-0.91445,-0.93733,-0.95764,-0.97469,-0.98777,-0.99632,-0.9999,-0.9983,-0.99152,-0.97982,-0.96363,-0.94354,-0.92022,-0.89434,-0.86658,-0.83751,-0.80763,-0.77735,-0.74698,-0.71674,-0.68678,-0.65721,-0.62805,-0.59931,-0.57096,-0.54295,-0.51523,-0.48771,-0.4603,-0.43293,-0.4055,-0.37792,-0.35009,-0.32193,-0.29334,-0.26422,-0.23448,-0.20404,-0.17279,-0.14064,-0.1075,-0.073273,-0.037885,0
0,-0.015031,-0.029998,-0.045282,-0.06085,-0.076665,-0.092693,-0.1089,-0.12526,-0.14172,-0.15828,-0.17489,-0.19154,-0.2082,-0.22485,-0.24148,-0.25807,-0.27462,-0.29112,-0.30758,-0.324,-0.3404,-0.35679,-0.3732,-0.38967,-0.40623,-0.42292,-0.4398,-0.45692,-0.47434,-0.49213,-0.51035,-0.52909,-0.54842,-0.56842,-0.58917,-0.61073,-0.63317,-0.65654,-0.68088,-0.70618,-0.73242,-0.7595,-0.78726,-0.81548,-0.84381,-0.8718,-0.89887,-0.92434,-0.94741,-0.96724,-0.98298,-0.99389,-0.99939,-0.99915,-0.99313,-0.98159,-0.96504,-0.94418,-0.91982,-0.89275,-0.86376,-0.83351,-0.80258,-0.7714,-0.74031,-0.70953,-0.67921,-0.64943,-0.6202,-0.59151,-0.56332,-0.53555,-0.50813,-0.48096,-0.45395,-0.427,-0.4,-0.37286,-0.34548,-0.31776,-0.28961,-0.26092,-0.23161,-0.20159,-0.17075,-0.13901,-0.10628,-0.072478,-0.037519,0
0,-0.014843,-0.029627,-0.044716,-0.060067,-0.075639,-0.091394,-0.10729,-0.1233,-0.13938,-0.1555,-0.17163,-0.18775,-0.20384,-0.21987,-0.23584,-0.25172,-0.26752,-0.28323,-0.29886,-0.31442,-0.32991,-0.34538,-0.36083,-0.37631,-0.39186,-0.40753,-0.42336,-0.43943,-0.45579,-0.47253,-0.48972,-0.50744,-0.52579,-0.54485,-0.56472,-0.5855,-0.60726,-0.6301,-0.65408,-0.67923,-0.70557,-0.73306,-0.76158,-0.79094,-0.82084,-0.85085,-0.88036,-0.90864,-0.9348,-0.95784,-0.97671,-0.99046,-0.9983,-0.99975,-0.99468,-0.98336,-0.9664,-0.94463,-0.91902,-0.89055,-0.86013,-0.82855,-0.79644,-0.76429,-0.73245,-0.70114,-0.67048,-0.64054,-0.61132,-0.58276,-0.55481,-0.52737,-0.50034,-0.47361,-0.44707,-0.42061,-0.39412,-0.36748,-0.34061,-0.31338,-0.28571,-0.2575,-0.22864,-0.19906,-0.16866,-0.13735,-0.10505,-0.071672,-0.03715,0
0,-0.014734,-0.029409,-0.04437,-0.05957,-0.07496,-0.090495,-0.10613,-0.12183,-0.13756,-0.15327,-0.16895,-0.18456,-0.20009,-0.21551,-0.23081,-0.24597,-0.261,-0.2759,-0.29067,-0.30532,-0.31987,-0.33435,-0.34878,-0.3632,-0.37766,-0.39221,-0.4069,-0.42181,-0.437,-0.45255,-0.46856,-0.4851,-0.50229,-0.52023,-0.53902,-0.55879,-0.57965,-0.60169,-0.62504,-0.64977,-0.67594,-0.70356,-0.73259,-0.7629,-0.79424,-0.82621,-0.85824,-0.88955,-0.91915,-0.94588,-0.96847,-0.98567,-0.99642,-1,-0.99616,-0.98515,-0.96769,-0.9448,-0.91768,-0.88753,-0.85545,-0.82234,-0.78893,-0.75574,-0.72312,-0.69129,-0.66036,-0.63034,-0.60121,-0.5729,-0.5453,-0.51829,-0.49176,-0.46557,-0.43959,-0.41371,-0.38781,-0.36175,-0.33544,-0.30877,-0.28163,-0.25393,-0.22557,-0.19646,-0.16652,-0.13566,-0.1038,-0.070857,-0.036778,0
0,-0.014714,-0.029357,-0.044268,-0.059387,-0.07466,-0.090035,-0.10546,-0.1209,-0.13631,-0.15166,-0.1669,-0.18203,-0.197,-0.21181,-0.22643,-0.24087,-0.25512,-0.26917,-0.28304,-0.29675,-0.3103,-0.32373,-0.33707,-0.35037,-0.36365,-0.37699,-0.39044,-0.40407,-0.41796,-0.43219,-0.44685,-0.46205,-0.47789,-0.49449,-0.51199,-0.5305,-0.55017,-0.57114,-0.59355,-0.61752,-0.64318,-0.6706,-0.69981,-0.73077,-0.76331,-0.7971,-0.83164,-0.86614,-0.89955,-0.93054,-0.95755,-0.979,-0.99342,-0.99975,-0.99752,-0.98694,-0.96887,-0.9446,-0.91563,-0.88345,-0.84939,-0.81453,-0.77966,-0.74536,-0.71197,-0.67967,-0.64855,-0.61857,-0.58967,-0.56172,-0.53461,-0.50817,-0.48226,-0.45674,-0.43145,-0.40625,-0.38102,-0.35563,-0.32996,-0.30391,-0.27735,-0.25021,-0.22239,-0.19379,-0.16433,-0.13393,-0.10252,-0.070033,-0.036403,0
0,-0.01479,-0.029491,-0.044434,-0.05955,-0.074778,-0.090057,-0.10534,-0.12057,-0.1357,-0.15071,-0.16555,-0.18019,-0.19463,-0.20882,-0.22277,-0.23647,-0.2499,-0.26309,-0.27603,-0.28874,-0.30124,-0.31357,-0.32575,-0.33783,-0.34985,-0.36188,-0.37397,-0.3862,-0.39865,-0.4114,-0.42456,-0.43823,-0.45252,-0.46757,-0.48351,-0.50049,-0.51868,-0.53824,-0.55935,-0.58218,-0.6069,-0.63369,-0.66264,-0.69382,-0.72718,-0.76253,-0.79944,-0.83721,-0.87475,-0.91061,-0.94293,-0.96967,-0.98881,-0.99876,-0.9987,-0.98875,-0.96992,-0.94389,-0.91259,-0.87791,-0.84149,-0.8046,-0.76813,-0.73266,-0.69853,-0.66586,-0.63468,-0.6049,-0.57639,-0.549,-0.52254,-0.49684,-0.47172,-0.44701,-0.42254,-0.39815,-0.37371,-0.34908,-0.32414,-0.29877,-0.27287,-0.24634,-0.21909,-0.19103,-0.16209,-0.13218,-0.10124,-0.069204,-0.036029,0
0,-0.014975,-0.02983,-0.044896,-0.060095,-0.075354,-0.090608,-0.1058,-0.12087,-0.13578,-0.15048,-0.16494,-0.17913,-0.19303,-0.20661,-0.21988,-0.23281,-0.24542,-0.2577,-0.26967,-0.28134,-0.29273,-0.30388,-0.31483,-0.32561,-0.33627,-0.34688,-0.3575,-0.36819,-0.37905,-0.39017,-0.40163,-0.41357,-0.42609,-0.43933,-0.45345,-0.4686,-0.48497,-0.50274,-0.52213,-0.54335,-0.56665,-0.59225,-0.62037,-0.65119,-0.68482,-0.72122,-0.76016,-0.80109,-0.84299,-0.88435,-0.92302,-0.95641,-0.98175,-0.99663,-0.9996,-0.99056,-0.97077,-0.94243,-0.90813,-0.87033,-0.83107,-0.79183,-0.75361,-0.71697,-0.68218,-0.6493,-0.61826,-0.5889,-0.56103,-0.53442,-0.50885,-0.4841,-0.45996,-0.43624,-0.41275,-0.38932,-0.3658,-0.34205,-0.31794,-0.29335,-0.26817,-0.24231,-0.21569,-0.18821,-0.1598,-0.1304,-0.099939,-0.068372,-0.035655,0
0,-0.015279,-0.030396,-0.045686,-0.06106,-0.076436,-0.09174,-0.10691,-0.12187,-0.1366,-0.15103,-0.16514,-0.17889,-0.19226,-0.20524,-0.21781,-0.22997,-0.24171,-0.25305,-0.264,-0.27457,-0.28479,-0.29469,-0.30432,-0.3137,-0.3229,-0.33197,-0.34098,-0.35,-0.35911,-0.36841,-0.37799,-0.38797,-0.39848,-0.40965,-0.42164,-0.43462,-0.44878,-0.46434,-0.48153,-0.50061,-0.52188,-0.54563,-0.57218,-0.60186,-0.63494,-0.67162,-0.71192,-0.75555,-0.80177,-0.84913,-0.89533,-0.93716,-0.97081,-0.99261,-1,-0.99239,-0.97133,-0.93986,-0.90158,-0.85979,-0.81706,-0.77514,-0.73506,-0.69732,-0.66208,-0.62926,-0.59867,-0.57006,-0.54314,-0.51762,-0.49322,-0.46969,-0.44678,-0.42427,-0.40196,-0.37967,-0.35722,-0.33448,-0.31131,-0.2876,-0.26323,-0.23811,-0.21216,-0.1853,-0.15747,-0.1286,-0.098633,-0.06754,-0.035284,0
0,-0.015718,-0.031214,-0.046838,-0.062489,-0.078072,-0.093506,-0.10872,-0.12364,-0.13823,-0.15244,-0.16622,-0.17954,-0.1924,-0.20476,-0.21662,-0.22797,-0.23882,-0.24917,-0.25905,-0.26846,-0.27744,-0.28601,-0.29422,-0.3021,-0.30972,-0.31712,-0.32437,-0.33155,-0.33874,-0.34602,-0.3535,-0.36129,-0.36951,-0.37831,-0.38784,-0.39827,-0.40981,-0.42267,-0.43712,-0.45344,-0.47195,-0.49304,-0.51711,-0.54462,-0.57602,-0.61178,-0.65227,-0.69762,-0.74755,-0.80101,-0.85582,-0.90831,-0.95337,-0.9853,-0.9995,-0.99426,-0.97144,-0.93552,-0.89177,-0.84478,-0.79784,-0.75291,-0.71099,-0.67239,-0.63707,-0.60475,-0.57509,-0.54768,-0.52214,-0.49812,-0.47527,-0.45329,-0.43192,-0.41089,-0.39,-0.36905,-0.34787,-0.3263,-0.30422,-0.28149,-0.25803,-0.23373,-0.20852,-0.18233,-0.1551,-0.12678,-0.097327,-0.066714,-0.03492,0
0,-0.016305,-0.03231,-0.04839,-0.064426,-0.080316,-0.095967,-0.1113,-0.12625,-0.14075,-0.15476,-0.16824,-0.18115,-0.19349,-0.20523,-0.21636,-0.22688,-0.23679,-0.24611,-0.25485,-0.26303,-0.27067,-0.27782,-0.2845,-0.29077,-0.29667,-0.30225,-0.30759,-0.31275,-0.31781,-0.32286,-0.328,-0.33333,-0.33897,-0.34506,-0.35175,-0.35921,-0.36765,-0.37728,-0.38836,-0.4012,-0.41614,-0.4336,-0.45405,-0.47806,-0.50627,-0.5394,-0.57819,-0.62337,-0.67537,-0.73401,-0.79787,-0.8634,-0.92425,-0.9717,-0.99715,-0.99615,-0.97078,-0.92816,-0.87658,-0.8227,-0.77069,-0.72259,-0.67913,-0.64025,-0.60553,-0.57444,-0.54639,-0.52085,-0.49731,-0.47532,-0.45451,-0.43452,-0.41506,-0.39585,-0.37668,-0.35733,-0.33763,-0.31743,-0.29659,-0.27499,-0.25254,-0.22915,-0.20475,-0.17928,-0.15269,-0.12495,-0.096027,-0.065899,-0.034566,0
0,-0.017058,-0.033714,-0.05038,-0.066923,-0.083226,-0.099186,-0.11472,-0.12975,-0.14421,-0.15807,-0.17127,-0.18379,-0.1956,-0.2067,-0.21707,-0.22672,-0.23565,-0.24387,-0.2514,-0.25827,-0.26449,-0.2701,-0.27513,-0.27964,-0.28367,-0.28727,-0.29051,-0.29344,-0.29615,-0.29872,-0.30123,-0.3038,-0.30652,-0.30953,-0.31297,-0.317,-0.3218,-0.32759,-0.33461,-0.34316,-0.35357,-0.36628,-0.38178,-0.40068,-0.42374,-0.45188,-0.48621,-0.528,-0.57866,-0.63939,-0.71057,-0.79034,-0.8725,-0.94468,-0.99048,-0.99804,-0.96869,-0.91507,-0.85172,-0.78868,-0.73092,-0.68006,-0.63603,-0.59805,-0.56518,-0.53648,-0.51112,-0.48839,-0.46767,-0.44846,-0.43032,-0.41287,-0.3958,-0.37884,-0.36174,-0.34431,-0.32636,-0.30775,-0.28835,-0.26804,-0.24673,-0.22435,-0.20085,-0.17616,-0.15026,-0.12313,-0.094742,-0.065103,-0.034225,0
0,-0.017993,-0.035458,-0.052853,-0.070031,-0.08686,-0.10323,-0.11904,-0.13422,-0.1487,-0.16243,-0.17537,-0.1875,-0.19878,-0.20922,-0.2188,-0.22753,-0.23542,-0.24247,-0.2487,-0.25415,-0.25883,-0.26277,-0.26602,-0.26861,-0.27059,-0.27201,-0.27292,-0.2734,-0.27349,-0.27329,-0.27287,-0.27233,-0.27175,-0.27126,-0.27098,-0.27105,-0.27163,-0.27291,-0.2751,-0.27847,-0.28331,-0.29001,-0.29903,-0.31095,-0.32653,-0.34673,-0.37281,-0.40645,-0.44982,-0.50569,-0.5772,-0.66687,-0.77337,-0.88465,-0.97148,-0.99968,-0.96331,-0.88944,-0.80756,-0.73297,-0.67007,-0.61846,-0.5763,-0.54163,-0.51277,-0.48835,-0.46729,-0.44873,-0.432,-0.41654,-0.40191,-0.38771,-0.37365,-0.35945,-0.34488,-0.32974,-0.31388,-0.29713,-0.2794,-0.26057,-0.24057,-0.21933,-0.19681,-0.17298,-0.14782,-0.12132,-0.093483,-0.064335,-0.033904,0
0,-0.019131,-0.037574,-0.055855,-0.073806,-0.091282,-0.10816,-0.12434,-0.13973,-0.15427,-0.16791,-0.18061,-0.19234,-0.20308,-0.21282,-0.22157,-0.22932,-0.23608,-0.24187,-0.24671,-0.25061,-0.25361,-0.25574,-0.25702,-0.2575,-0.25722,-0.25623,-0.25457,-0.2523,-0.24948,-0.24617,-0.24245,-0.2384,-0.23409,-0.22962,-0.22509,-0.22062,-0.21634,-0.21238,-0.20893,-0.20617,-0.20434,-0.20373,-0.20469,-0.20766,-0.21325,-0.22223,-0.23568,-0.25513,-0.28281,-0.32203,-0.37788,-0.45805,-0.57298,-0.73005,-0.90456,-0.99897,-0.94774,-0.8295,-0.71926,-0.63468,-0.57239,-0.52632,-0.49162,-0.46488,-0.44376,-0.42661,-0.41225,-0.39983,-0.38868,-0.3783,-0.36826,-0.35825,-0.34797,-0.33719,-0.3257,-0.31333,-0.29995,-0.28541,-0.26962,-0.2525,-0.23399,-0.21404,-0.19263,-0.16973,-0.14536,-0.11953,-0.092263,-0.063605,-0.033608,0
0,-0.020492,-0.040098,-0.059432,-0.078304,-0.096555,-0.11405,-0.13068,-0.14635,-0.161,-0.17457,-0.18703,-0.19835,-0.20852,-0.21752,-0.22537,-0.23206,-0.23761,-0.24202,-0.24533,-0.24755,-0.2487,-0.24882,-0.24793,-0.24607,-0.24328,-0.23959,-0.23505,-0.2297,-0.2236,-0.21679,-0.20934,-0.20132,-0.19277,-0.18378,-0.17443,-0.16479,-0.15495,-0.14501,-0.13508,-0.12528,-0.11573,-0.10661,-0.098082,-0.090388,-0.083816,-0.078748,-0.07571,-0.075455,-0.079123,-0.088535,-0.10682,-0.13982,-0.19971,-0.31541,-0.5606,-0.95717,-0.86867,-0.63817,-0.5149,-0.44845,-0.40962,-0.3855,-0.36986,-0.35935,-0.35205,-0.34672,-0.34257,-0.33902,-0.33563,-0.33208,-0.32809,-0.32344,-0.31794,-0.31141,-0.3037,-0.29469,-0.28428,-0.27236,-0.25886,-0.24373,-0.22694,-0.20846,-0.18828,-0.16642,-0.14291,-0.11778,-0.091098,-0.062926,-0.033347,0
0,-0.022098,-0.043068,-0.063633,-0.083584,-0.10274,-0.12096,-0.13812,-0.15414,-0.16893,-0.18246,-0.19467,-0.20556,-0.21511,-0.22331,-0.23018,-0.23571,-0.23991,-0.24282,-0.24443,-0.24478,-0.24388,-0.24176,-0.23845,-0.23396,-0.22834,-0.22161,-0.21381,-0.20498,-0.19515,-0.18438,-0.17269,-0.16015,-0.1468,-0.13269,-0.11787,-0.1024,-0.086317,-0.069681,-0.052533,-0.034913,-0.016856,0.0016173,0.020497,0.039793,0.059541,0.079815,0.10074,0.12254,0.14557,0.17041,0.19814,0.2307,0.27222,0.33276,0.44423,0.75452,0.60854,0.10565,-0.035623,-0.10272,-0.14424,-0.1738,-0.19661,-0.21506,-0.23038,-0.24325,-0.25406,-0.26302,-0.27026,-0.27583,-0.27975,-0.28199,-0.28252,-0.28129,-0.27824,-0.27332,-0.26649,-0.25769,-0.24691,-0.23412,-0.21932,-0.20252,-0.18375,-0.16304,-0.14047,-0.11609,-0.090007,-0.062314,-0.033129,0
0,-0.023972,-0.046521,-0.06851,-0.089703,-0.10991,-0.12896,-0.14674,-0.16315,-0.17811,-0.19159,-0.20354,-0.21396,-0.22282,-0.23014,-0.23591,-0.24015,-0.24287,-0.24408,-0.2438,-0.24204,-0.23883,-0.23418,-0.22811,-0.22065,-0.2118,-0.20161,-0.19009,-0.17727,-0.16318,-0.14787,-0.13135,-0.11367,-0.094873,-0.074989,-0.054057,-0.03211,-0.0091774,0.014722,0.039582,0.065411,0.09224,0.12013,0.14918,0.17954,0.21145,0.24521,0.28128,0.32034,0.3633,0.41156,0.46713,0.53301,0.61356,0.71428,0.83768,0.96169,0.98917,0.82171,0.57217,0.36601,0.21838,0.11271,0.034526,-0.025417,-0.072752,-0.11097,-0.14229,-0.16814,-0.18951,-0.20705,-0.22119,-0.23224,-0.24038,-0.24577,-0.24848,-0.24858,-0.24609,-0.24106,-0.23351,-0.22348,-0.21102,-0.19617,-0.179,-0.15959,-0.13805,-0.11448,-0.089012,-0.061789,-0.032967,0
0,-0.02614,-0.050498,-0.07411,-0.096716,-0.1181,-0.13809,-0.15656,-0.17341,-0.18856,-0.20198,-0.21363,-0.2235,-0.23159,-0.2379,-0.24243,-0.24521,-0.24623,-0.24552,-0.24308,-0.23893,-0.23307,-0.22552,-0.21629,-0.20539,-0.19283,-0.17862,-0.1628,-0.14537,-0.12638,-0.10584,-0.083794,-0.060285,-0.035353,-0.0090467,0.018588,0.047506,0.077666,0.10904,0.14159,0.17533,0.21028,0.24646,0.28398,0.32294,0.36353,0.406,0.45066,0.49792,0.54829,0.60236,0.66073,0.72383,0.79151,0.86193,0.92964,0.98235,0.9993,0.95833,0.85483,0.71115,0.55908,0.41968,0.30046,0.20133,0.11952,0.051891,-0.0042723,-0.051115,-0.090263,-0.12292,-0.14999,-0.17214,-0.18986,-0.20351,-0.21336,-0.21962,-0.22244,-0.22197,-0.21831,-0.21157,-0.20186,-0.1893,-0.17398,-0.15606,-0.13567,-0.11297,-0.088141,-0.061375,-0.032877,0
0,-0.028627,-0.055037,-0.080484,-0.10468,-0.12738,-0.14841,-0.16763,-0.18494,-0.20027,-0.21359,-0.22487,-0.23409,-0.24127,-0.24641,-0.24952,-0.2506,-0.24967,-0.24674,-0.2418,-0.23486,-0.22593,-0.21499,-0.20206,-0.18713,-0.17021,-0.15131,-0.13045,-0.10765,-0.082949,-0.056398,-0.028051,0.0020184,0.033728,0.066983,0.10168,0.13772,0.17498,0.21336,0.25276,0.29307,0.33422,0.37613,0.41878,0.46212,0.50616,0.55092,0.59642,0.64268,0.6897,0.73738,0.78548,0.83347,0.88032,0.9242,0.9621,0.98943,1,0.98683,0.94443,0.87186,0.77438,0.66195,0.54536,0.43306,0.33001,0.23831,0.15821,0.08902,0.029708,-0.020815,-0.063549,-0.099342,-0.1289,-0.15279,-0.17148,-0.18534,-0.19469,-0.19978,-0.20084,-0.19806,-0.19164,-0.18177,-0.16863,-0.15242,-0.13333,-0.11159,-0.087424,-0.0611,-0.032877,0
0,-0.03146,-0.060181,-0.087679,-0.11363,-0.13778,-0.15994,-0.17995,-0.19773,-0.2132,-0.22634,-0.23713,-0.24556,-0.25165,-0.2554,-0.25681,-0.2559,-0.25267,-0.24711,-0.23922,-0.22898,-0.21639,-0.20142,-0.18408,-0.16435,-0.14224,-0.11776,-0.090945,-0.061842,-0.030524,0.0029095,0.038332,0.075591,0.11451,0.15488,0.19649,0.23911,0.28249,0.3264,0.3706,0.41488,0.45902,0.50287,0.54625,0.58905,0.63115,0.67245,0.71288,0.75233,0.79067,0.82771,0.86318,0.89665,0.9275,0.9548,0.97724,0.99305,0.99991,0.99507,0.97564,0.93915,0.88436,0.81207,0.72534,0.62901,0.52864,0.42931,0.33493,0.24798,0.16973,0.10058,0.040362,-0.011342,-0.055101,-0.09149,-0.12106,-0.14431,-0.16171,-0.17363,-0.18046,-0.1825,-0.18005,-0.17341,-0.16285,-0.14863,-0.13104,-0.11036,-0.086903,-0.061001,-0.032992,0
0,-0.034671,-0.065972,-0.095744,-0.12363,-0.14934,-0.17268,-0.1935,-0.2117,-0.22723,-0.24007,-0.2502,-0.25763,-0.26237,-0.26442,-0.26379,-0.26047,-0.25446,-0.24573,-0.23427,-0.22003,-0.203,-0.18315,-0.16044,-0.13489,-0.10651,-0.075333,-0.041442,-0.0049563,0.033956,0.07508,0.11815,0.16285,0.20885,0.25576,0.30319,0.35074,0.39804,0.44473,0.49049,0.53505,0.5782,0.61975,0.6596,0.69766,0.73389,0.76827,0.80079,0.83143,0.86019,0.88701,0.91179,0.93436,0.95447,0.97172,0.98557,0.99526,0.99981,0.99796,0.98821,0.96887,0.93829,0.8951,0.83861,0.76928,0.68885,0.6003,0.50742,0.41412,0.32388,0.23937,0.16235,0.093766,0.033952,-0.017157,-0.059879,-0.09465,-0.12197,-0.14236,-0.1563,-0.16426,-0.16667,-0.16395,-0.15648,-0.14463,-0.12878,-0.10931,-0.086622,-0.061123,-0.033252,0
0,-0.038295,-0.072457,-0.10472,-0.1347,-0.16207,-0.18662,-0.20821,-0.22675,-0.2422,-0.25454,-0.26376,-0.26988,-0.27291,-0.27284,-0.26966,-0.26337,-0.25392,-0.24127,-0.22537,-0.20617,-0.18362,-0.15769,-0.12835,-0.095626,-0.059588,-0.020355,0.021871,0.066816,0.11412,0.16335,0.21401,0.26555,0.31739,0.36896,0.41971,0.46915,0.51687,0.56253,0.60589,0.64679,0.68517,0.721,0.75433,0.78524,0.81383,0.84023,0.86454,0.88687,0.90732,0.92593,0.94274,0.95773,0.97082,0.98186,0.99061,0.99675,0.99978,0.99909,0.99386,0.98309,0.96559,0.94002,0.90504,0.85946,0.8026,0.73453,0.65642,0.57054,0.48007,0.38862,0.29966,0.2161,0.14002,0.072686,0.014665,-0.033975,-0.0735,-0.10437,-0.12716,-0.14247,-0.15089,-0.15299,-0.14929,-0.14032,-0.12655,-0.10849,-0.086636,-0.061523,-0.033697,0
0,-0.042375,-0.079691,-0.11467,-0.14687,-0.17595,-0.2017,-0.22397,-0.24268,-0.25781,-0.26935,-0.2773,-0.28168,-0.28248,-0.27969,-0.27327,-0.26318,-0.24936,-0.23171,-0.21016,-0.18463,-0.15505,-0.1214,-0.083717,-0.042095,0.003254,0.052005,0.10371,0.15779,0.21356,0.27026,0.32708,0.38323,0.43796,0.49062,0.5407,0.58783,0.63177,0.67242,0.70978,0.74395,0.77508,0.80336,0.82901,0.85225,0.87328,0.89232,0.90952,0.92506,0.93906,0.95162,0.96281,0.97266,0.98116,0.98826,0.99386,0.99779,0.9998,0.99956,0.99662,0.99037,0.98007,0.96478,0.94338,0.91459,0.87709,0.82964,0.7714,0.70224,0.62311,0.53616,0.44459,0.35223,0.26289,0.17979,0.10522,0.040552,-0.013679,-0.057516,-0.091374,-0.11591,-0.13186,-0.13997,-0.14096,-0.13552,-0.12429,-0.10791,-0.087011,-0.062271,-0.034379,0
0,-0.046968,-0.087741,-0.12564,-0.16016,-0.19096,-0.2178,-0.24056,-0.25918,-0.27363,-0.28393,-0.29008,-0.29208,-0.28991,-0.28352,-0.27285,-0.25778,-0.23821,-0.21399,-0.18502,-0.15119,-0.11246,-0.068903,-0.020685,0.031839,0.088136,0.14747,0.20894,0.27151,0.33406,0.39549,0.45482,0.51121,0.56404,0.61291,0.65763,0.69819,0.73473,0.76747,0.79671,0.82276,0.84595,0.86658,0.88495,0.90132,0.91593,0.92898,0.94065,0.95108,0.96039,0.96867,0.97598,0.98238,0.98787,0.99243,0.99601,0.99853,0.99985,0.99977,0.99804,0.99431,0.98811,0.97884,0.96573,0.94783,0.92396,0.89275,0.85274,0.80253,0.74109,0.66823,0.58497,0.49382,0.39858,0.30376,0.2137,0.13191,0.06067,0.0011032,-0.046582,-0.082791,-0.1083,-0.12405,-0.13096,-0.12996,-0.1219,-0.10758,-0.08782,-0.063459,-0.035367,0
0,-0.052153,-0.096697,-0.13769,-0.17459,-0.20701,-0.23474,-0.25766,-0.27574,-0.28898,-0.29738,-0.30094,-0.29963,-0.29339,-0.28212,-0.26565,-0.24382,-0.21643,-0.1833,-0.14429,-0.099362,-0.048621,0.0076001,0.068704,0.13379,0.20168,0.27097,0.34015,0.4077,0.4723,0.53288,0.58871,0.63941,0.68489,0.72529,0.76092,0.7922,0.81956,0.84346,0.86435,0.88261,0.89861,0.91267,0.92504,0.93596,0.94563,0.95421,0.96183,0.96862,0.97464,0.97998,0.98469,0.98878,0.99228,0.99518,0.99746,0.99905,0.9999,0.99987,0.99882,0.99654,0.99275,0.98707,0.97901,0.96794,0.95302,0.93319,0.90712,0.87323,0.8298,0.77514,0.70809,0.62852,0.538,0.44003,0.33963,0.24234,0.15303,0.075149,0.010467,-0.040552,-0.078366,-0.10396,-0.11851,-0.12321,-0.11919,-0.10749,-0.089145,-0.0652,-0.036754,0
0,-0.058048,-0.10668,-0.15091,-0.19013,-0.22396,-0.2522,-0.27476,-0.29164,-0.30283,-0.30834,-0.30812,-0.30209,-0.29008,-0.27189,-0.24725,-0.21587,-0.17748,-0.1319,-0.079089,-0.019305,0.046832,0.11826,0.19346,0.27053,0.34739,0.42198,0.49249,0.5576,0.61647,0.66881,0.71471,0.75456,0.78892,0.81841,0.84367,0.8653,0.88386,0.8998,0.91355,0.92544,0.93578,0.94479,0.95269,0.95964,0.96577,0.9712,0.97602,0.9803,0.9841,0.98746,0.99042,0.99299,0.99519,0.997,0.99842,0.99942,0.99994,0.99992,0.99926,0.99785,0.99551,0.99201,0.98705,0.98024,0.97103,0.9587,0.94229,0.92056,0.8919,0.85438,0.80584,0.74425,0.66835,0.57857,0.47779,0.37139,0.26622,0.16885,0.084087,0.01451,-0.039229,-0.077748,-0.10235,-0.11455,-0.11583,-0.10757,-0.091069,-0.067645,-0.038672,0
0,-0.064825,-0.11787,-0.16539,-0.20674,-0.24155,-0.26966,-0.29103,-0.30565,-0.31353,-0.3146,-0.30874,-0.29573,-0.27523,-0.24686,-0.21019,-0.16482,-0.11053,-0.047372,0.024065,0.10257,0.18619,0.27236,0.35817,0.44075,0.5177,0.58737,0.64893,0.70229,0.74787,0.78642,0.81883,0.846,0.86877,0.88787,0.90394,0.91751,0.92903,0.93885,0.94728,0.95454,0.96083,0.96632,0.97112,0.97535,0.97909,0.9824,0.98535,0.98796,0.99029,0.99235,0.99417,0.99574,0.99709,0.9982,0.99906,0.99966,0.99997,0.99994,0.99952,0.99864,0.99719,0.99504,0.992,0.98784,0.98223,0.9747,0.96464,0.95121,0.93325,0.90919,0.87699,0.83415,0.77787,0.70574,0.6168,0.513,0.3999,0.28586,0.17955,0.087567,0.013352,-0.04234,-0.080456,-0.10277,-0.11121,-0.10761,-0.093657,-0.070978,-0.041302,0
0,-0.07275,-0.1305,-0.18122,-0.22426,-0.2593,-0.28624,-0.30507,-0.31579,-0.31832,-0.31245,-0.29787,-0.27408,-0.24048,-0.19642,-0.14137,-0.0751,0.0019775,0.088513,0.18202,0.27895,0.37518,0.46669,0.55028,0.62403,0.68732,0.74049,0.78452,0.82068,0.85025,0.8744,0.89418,0.91043,0.92384,0.93498,0.94428,0.95211,0.95874,0.96438,0.96923,0.97341,0.97705,0.98022,0.98302,0.98548,0.98767,0.98961,0.99134,0.99289,0.99427,0.99549,0.99657,0.9975,0.9983,0.99896,0.99947,0.99982,0.99999,0.99995,0.99968,0.99913,0.99824,0.99693,0.99509,0.99258,0.98921,0.9847,0.97869,0.97065,0.95985,0.94523,0.92532,0.89806,0.86068,0.80976,0.74169,0.65388,0.54687,0.42613,0.3018,0.18535,0.085663,0.0071573,-0.049498,-0.085833,-0.10426,-0.10721,-0.09691,-0.075429,-0.04491,0
0,-0.082233,-0.1449,-0.19846,-0.24233,-0.2763,-0.30035,-0.31447,-0.31853,-0.31226,-0.29513,-0.26637,-0.22506,-0.17023,-0.10119,-0.018026,0.077855,0.18323,0.29309,0.40141,0.50252,0.5923,0.66881,0.732,0.78311,0.82393,0.85634,0.88206,0.90251,0.91885,0.932,0.94266,0.95136,0.95852,0.96446,0.96944,0.97363,0.97719,0.98024,0.98286,0.98514,0.98713,0.98888,0.99043,0.9918,0.99302,0.99412,0.99509,0.99597,0.99676,0.99745,0.99807,0.9986,0.99906,0.99943,0.99972,0.99991,1,0.99996,0.99979,0.99945,0.99891,0.99812,0.99702,0.99554,0.99356,0.99093,0.98744,0.98279,0.97654,0.96807,0.95647,0.94036,0.91776,0.88578,0.84048,0.77705,0.69098,0.58074,0.45124,0.31472,0.18649,0.078473,-0.0038323,-0.06016,-0.092963,-0.10546,-0.10067,-0.081257,-0.04988,0
0,-0.093885,-0.16144,-0.21697,-0.26009,-0.29076,-0.30898,-0.3146,-0.30715,-0.28577,-0.24924,-0.19606,-0.12485,-0.035046,0.071981,0.19197,0.31757,0.43977,0.55052,0.64489,0.72159,0.78195,0.82856,0.86427,0.89159,0.91258,0.92882,0.9415,0.95149,0.95943,0.96582,0.97101,0.97526,0.97877,0.98171,0.98418,0.98627,0.98807,0.98961,0.99095,0.99212,0.99315,0.99407,0.99488,0.9956,0.99625,0.99684,0.99736,0.99783,0.99826,0.99864,0.99897,0.99926,0.99951,0.99971,0.99986,0.99996,1,0.99997,0.99986,0.99965,0.99933,0.99887,0.99824,0.99739,0.99627,0.99478,0.99283,0.99024,0.98678,0.9821,0.97571,0.96681,0.95422,0.93608,0.90952,0.87028,0.81245,0.72927,0.61626,0.47681,0.32559,0.1833,0.066148,-0.019257,-0.073552,-0.10052,-0.10436,-0.088685,-0.056771,0
0,-0.10859,-0.18044,-0.23607,-0.27552,-0.29889,-0.30595,-0.29595,-0.26743,-0.21827,-0.14608,-0.049195,0.071378,0.20983,0.35483,0.49247,0.61157,0.70723,0.7802,0.83426,0.87382,0.90275,0.92404,0.93988,0.95179,0.96088,0.9679,0.97339,0.97774,0.98122,0.98404,0.98635,0.98826,0.98985,0.9912,0.99233,0.99331,0.99415,0.99488,0.99552,0.99608,0.99658,0.99703,0.99743,0.99779,0.99811,0.99841,0.99867,0.99891,0.99913,0.99932,0.99949,0.99964,0.99977,0.99987,0.99994,0.99999,1,0.99997,0.99991,0.99979,0.9996,0.99935,0.999,0.99853,0.99792,0.99712,0.99608,0.99471,0.99289,0.99046,0.98714,0.98256,0.97607,0.9667,0.95281,0.93173,0.89912,0.84822,0.7699,0.65551,0.50515,0.33591,0.17635,0.04894,-0.038577,-0.088515,-0.10648,-0.097689,-0.066346,0
0,-0.12747,-0.20169,-0.25359,-0.28379,-0.29209,-0.27716,-0.23636,-0.16591,-0.062216,0.074822,0.2371,0.4062,0.56001,0.684,0.77562,0.84004,0.88445,0.91506,0.93637,0.95143,0.96228,0.97022,0.97614,0.98063,0.98409,0.98679,0.98892,0.99063,0.99202,0.99315,0.99409,0.99487,0.99553,0.9961,0.99658,0.997,0.99736,0.99768,0.99796,0.99821,0.99843,0.99863,0.99881,0.99898,0.99913,0.99926,0.99939,0.9995,0.9996,0.99969,0.99977,0.99984,0.9999,0.99995,0.99998,1,1,0.99998,0.99994,0.99987,0.99978,0.99964,0.99946,0.99922,0.99891,0.99851,0.99799,0.99731,0.99642,0.99525,0.99366,0.99147,0.98842,0.98402,0.97751,0.96758,0.95192,0.92648,0.88417,0.8137,0.70107,0.53984,0.34827,0.16665,0.027301,-0.060925,-0.10319,-0.10738,-0.07947,0
0,-0.15141,-0.22306,-0.2632,-0.27239,-0.24831,-0.18574,-0.077886,0.078343,0.27184,0.4711,0.64014,0.76269,0.84359,0.89505,0.92774,0.94886,0.96283,0.97231,0.97892,0.98363,0.98706,0.98962,0.99155,0.99304,0.9942,0.99513,0.99586,0.99646,0.99696,0.99736,0.99771,0.99799,0.99824,0.99845,0.99863,0.99879,0.99893,0.99906,0.99917,0.99927,0.99936,0.99944,0.99951,0.99958,0.99964,0.9997,0.99975,0.9998,0.99984,0.99988,0.99991,0.99994,0.99996,0.99998,0.99999,1,1,0.99999,0.99997,0.99993,0.99988,0.99982,0.99973,0.99962,0.99948,0.9993,0.99906,0.99876,0.99837,0.99785,0.99716,0.99623,0.99494,0.9931,0.9904,0.98632,0.9799,0.96937,0.95135,0.91924,0.86066,0.75576,0.58652,0.36743,0.15618,0.0021462,-0.084722,-0.11423,-0.096455,0
0,-0.17894,-0.23587,-0.24545,-0.20407,-0.10084,0.074536,0.30917,0.54678,0.72743,0.83972,0.9037,0.93983,0.96077,0.97339,0.9813,0.98645,0.98991,0.99231,0.99402,0.99526,0.99619,0.99689,0.99743,0.99785,0.99819,0.99846,0.99868,0.99886,0.99901,0.99913,0.99924,0.99933,0.99941,0.99948,0.99953,0.99959,0.99963,0.99967,0.99971,0.99975,0.99978,0.9998,0.99983,0.99985,0.99988,0.9999,0.99991,0.99993,0.99995,0.99996,0.99997,0.99998,0.99999,1,1,1,1,0.99999,0.99998,0.99997,0.99995,0.99992,0.99989,0.99984,0.99978,0.99971,0.99962,0.9995,0.99935,0.99916,0.9989,0.99856,0.99809,0.99744,0.99649,0.99508,0.99288,0.98932,0.98323,0.97224,0.95119,0.90869,0.82114,0.65365,0.40292,0.1495,-0.024262,-0.10669,-0.11453,0
0,-0.19733,-0.20665,-0.12991,0.054683,0.34186,0.62967,0.81466,0.90682,0.95026,0.97154,0.98265,0.98883,0.99247,0.99472,0.99618,0.99716,0.99783,0.99831,0.99866,0.99892,0.99912,0.99927,0.99939,0.99948,0.99956,0.99962,0.99967,0.99971,0.99975,0.99978,0.9998,0.99983,0.99985,0.99986,0.99988,0.99989,0.9999,0.99991,0.99992,0.99993,0.99994,0.99995,0.99995,0.99996,0.99997,0.99997,0.99998,0.99998,0.99999,0.99999,0.99999,1,1,1,1,1,1,1,0.99999,0.99999,0.99998,0.99997,0.99996,0.99995,0.99993,0.99991,0.99988,0.99984,0.9998,0.99974,0.99967,0.99957,0.99944,0.99925,0.99899,0.99861,0.99803,0.99711,0.99556,0.99281,0.98756,0.97674,0.95242,0.8935,0.75086,0.47524,0.15888,-0.04534,-0.11862,0
0,-0.13703,0.023952,0.36858,0.72062,0.895,0.95789,0.98094,0.99035,0.99465,0.9968,0.99796,0.99864,0.99905,0.99932,0.99949,0.99961,0.9997,0.99976,0.99981,0.99984,0.99987,0.99989,0.99991,0.99992,0.99993,0.99994,0.99995,0.99995,0.99996,0.99996,0.99997,0.99997,0.99997,0.99998,0.99998,0.99998,0.99998,0.99999,0.99999,0.99999,0.99999,0.99999,0.99999,0.99999,0.99999,1,1,1,1,1,1,1,1,1,1,1,1,1,1,1,1,0.99999,0.99999,0.99999,0.99998,0.99998,0.99997,0.99997,0.99996,0.99995,0.99993,0.99992,0.99989,0.99986,0.99981,0.99975,0.99965,0.9995,0.99925,0.99882,0.99802,0.99641,0.99282,0.98383,0.95794,0.87423,0.62602,0.22478,-0.038866,0
0,0.45348,0.83973,0.96207,0.9894,0.99638,0.99853,0.99931,0.99964,0.99979,0.99987,0.99992,0.99994,0.99996,0.99997,0.99998,0.99998,0.99999,0.99999,0.99999,0.99999,0.99999,0.99999,1,1,1,1,1,1,1,1,1,1,1,1,1,1,1,1,1,1,1,1,1,1,1,1,1,1,1,1,1,1,1,1,1,1,1,1,1,1,1,1,1,1,1,1,1,1,1,1,1,0.99999,0.99999,0.99999,0.99999,0.99998,0.99998,0.99997,0.99996,0.99993,0.99989,0.99981,0.99963,0.9992,0.99794,0.9935,0.97389,0.87334,0.50275,0
1,1,1,1,1,1,1,1,1,1,1,1,1,1,1,1,1,1,1,1,1,1,1,1,1,1,1,1,1,1,1,1,1,1,1,1,1,1,1,1,1,1,1,1,1,1,1,1,1,1,1,1,1,1,1,1,1,1,1,1,1,1,1,1,1,1,1,1,1,1,1,1,1,1,1,1,1,1,1,1,1,1,1,1,1,1,1,1,1,1,1
