0,0,0,0,0,0,0,0,0,0,0,0,0,0,0,0,0,0,0,0,0,0,0,0,0,0,0,0,0,0,0,0,0,0,0,0,0,0,0,0,0,0,0,0,0,0,0,0,0,0,0,0,0,0,0,0,0,0,0,0,0,0,0,0,0,0,0,0,0,0,0,0,0,0,0,0,0,0,0,0,0,0,0,0,0,0,0,0,0,0,0
0,0.70791,0.90121,0.97319,0.99871,0.97181,-0.057824,-0.87617,-0.95283,-0.97442,-0.98388,-0.98897,-0.99204,-0.99404,-0.99541,-0.99639,-0.99711,-0.99766,-0.99807,-0.9984,-0.99866,-0.99888,-0.99905,-0.99919,-0.99931,-0.99941,-0.99949,-0.99956,-0.99962,-0.99968,-0.99972,-0.99976,-0.9998,-0.99983,-0.99986,-0.99988,-0.9999,-0.99992,-0.99994,-0.99996,-0.99997,-0.99998,-0.99999,-0.99999,-1,-1,-1,-1,-0.99999,-0.99998,-0.99997,-0.99996,-0.99994,-0.99991,-0.99989,-0.99985,-0.99981,-0.99976,-0.99971,-0.99964,-0.99956,-0.99947,-0.99936,-0.99923,-0.99908,-0.99889,-0.99867,-0.9984,-0.99806,-0.99765,-0.99711,-0.99642,-0.99549,-0.9942,-0.99233,-0.98942,-0.98447,-0.97465,-0.9493,-0.83272,0.36731,0.95594,0.99468,0.99993,0.99845,0.9926,0.97976,0.9512,0.8825,0.70622,0
0,0.4362,0.70917,0.92766,0.82972,-0.48114,-0.77621,-0.87046,-0.91568,-0.94142,-0.9575,-0.96818,-0.97557,-0.98087,-0.98477,-0.9877,-0.98995,-0.99171,-0.9931,-0.99421,-0.99511,-0.99585,-0.99646,-0.99697,-0.9974,-0.99777,-0.99808,-0.99834,-0.99857,-0.99877,-0.99895,-0.9991,-0.99924,-0.99936,-0.99946,-0.99956,-0.99964,-0.99971,-0.99978,-0.99983,-0.99988,-0.99992,-0.99995,-0.99998,-0.99999,-1,-1,-0.99999,-0.99997,-0.99994,-0.99989,-0.99983,-0.99976,-0.99967,-0.99957,-0.99944,-0.99929,-0.99911,-0.9989,-0.99866,-0.99837,-0.99803,-0.99764,-0.99718,-0.99663,-0.99599,-0.99522,-0.9943,-0.99319,-0.99182,-0.99013,-0.988,-0.98527,-0.98169,-0.97685,-0.97006,-0.96002,-0.9441,-0.91605,-0.85753,-0.69529,-0.076609,0.80491,0.98383,0.99916,0.97938,0.93473,0.85257,0.70748,0.46948,0
0,0.23423,0.38276,-0.64738,-0.64353,-0.72995,-0.79658,-0.84611,-0.88251,-0.90927,-0.92907,-0.94388,-0.95508,-0.96366,-0.97032,-0.97554,-0.97968,-0.983,-0.98568,-0.98788,-0.98968,-0.99118,-0.99244,-0.9935,-0.9944,-0.99516,-0.99582,-0.99639,-0.99689,-0.99732,-0.9977,-0.99803,-0.99833,-0.99859,-0.99882,-0.99903,-0.99921,-0.99937,-0.99951,-0.99963,-0.99974,-0.99983,-0.9999,-0.99995,-0.99998,-1,-1,-0.99997,-0.99992,-0.99985,-0.99976,-0.99963,-0.99947,-0.99928,-0.99905,-0.99877,-0.99844,-0.99806,-0.99761,-0.99709,-0.99648,-0.99577,-0.99495,-0.994,-0.99288,-0.99157,-0.99003,-0.98821,-0.98604,-0.98344,-0.9803,-0.97645,-0.9717,-0.96572,-0.95809,-0.94812,-0.93476,-0.91622,-0.88928,-0.84751,-0.77603,-0.6327,-0.2689,0.57283,0.98919,0.96534,0.85849,0.71162,0.52694,0.30952,0
0,0.056775,-0.55231,-0.76424,-0.70885,-0.73756,-0.7783,-0.81707,-0.85043,-0.87798,-0.90028,-0.91821,-0.93258,-0.94412,-0.95343,-0.96097,-0.96712,-0.97216,-0.97632,-0.97978,-0.98267,-0.9851,-0.98715,-0.9889,-0.99039,-0.99168,-0.99279,-0.99376,-0.99461,-0.99535,-0.996,-0.99658,-0.99709,-0.99754,-0.99795,-0.99831,-0.99862,-0.99891,-0.99915,-0.99937,-0.99955,-0.9997,-0.99982,-0.99991,-0.99997,-1,-0.99999,-0.99995,-0.99987,-0.99974,-0.99957,-0.99935,-0.99908,-0.99874,-0.99834,-0.99786,-0.9973,-0.99664,-0.99588,-0.99499,-0.99397,-0.99278,-0.99141,-0.98983,-0.98801,-0.98589,-0.98342,-0.98054,-0.97717,-0.9732,-0.9685,-0.96289,-0.95616,-0.94801,-0.93803,-0.9257,-0.91026,-0.89065,-0.86531,-0.8318,-0.78612,-0.72066,-0.61768,-0.41716,0.23659,0.97567,0.73068,0.53751,0.36724,0.2041,0
0,-0.22727,-0.87375,-0.68634,-0.68173,-0.71158,-0.74876,-0.78527,-0.8183,-0.84701,-0.87142,-0.8919,-0.90897,-0.92315,-0.93492,-0.94471,-0.95286,-0.95968,-0.96541,-0.97023,-0.97431,-0.97779,-0.98075,-0.9833,-0.9855,-0.9874,-0.98906,-0.9905,-0.99177,-0.99289,-0.99388,-0.99476,-0.99554,-0.99623,-0.99685,-0.9974,-0.99789,-0.99832,-0.9987,-0.99903,-0.99931,-0.99954,-0.99973,-0.99987,-0.99996,-1,-0.99999,-0.99992,-0.99979,-0.9996,-0.99933,-0.999,-0.99857,-0.99806,-0.99745,-0.99672,-0.99587,-0.99488,-0.99373,-0.99241,-0.99089,-0.98914,-0.98714,-0.98484,-0.9822,-0.97917,-0.97568,-0.97166,-0.96701,-0.96163,-0.95537,-0.94807,-0.93952,-0.92945,-0.91756,-0.90345,-0.88665,-0.86656,-0.84249,-0.81359,-0.77892,-0.73744,-0.68805,-0.62963,-0.56052,-0.46385,0.42194,0.32473,0.22847,0.13026,0
0,-0.99793,-0.63147,-0.61039,-0.63722,-0.67494,-0.71426,-0.75171,-0.78584,-0.81611,-0.84251,-0.86525,-0.8847,-0.90126,-0.91531,-0.92722,-0.93733,-0.94593,-0.95324,-0.95949,-0.96483,-0.96943,-0.97339,-0.97682,-0.97979,-0.98239,-0.98467,-0.98666,-0.98842,-0.98998,-0.99137,-0.9926,-0.99369,-0.99467,-0.99554,-0.99632,-0.99701,-0.99762,-0.99816,-0.99863,-0.99902,-0.99936,-0.99962,-0.99982,-0.99994,-1,-0.99998,-0.99988,-0.9997,-0.99942,-0.99905,-0.99857,-0.99797,-0.99725,-0.99639,-0.99537,-0.99419,-0.99281,-0.99123,-0.98941,-0.98732,-0.98494,-0.98223,-0.97914,-0.97562,-0.97161,-0.96705,-0.96184,-0.95591,-0.94913,-0.94137,-0.93248,-0.92228,-0.91056,-0.89708,-0.88159,-0.86379,-0.84339,-0.82013,-0.79384,-0.76457,-0.73287,-0.70032,-0.67117,-0.6581,-0.71519,-0.91858,0.021578,0.096766,0.072956,0
0,-0.48087,-0.49669,-0.54167,-0.58879,-0.63453,-0.67757,-0.71722,-0.75314,-0.78523,-0.81359,-0.83843,-0.86005,-0.87876,-0.89492,-0.90885,-0.92084,-0.93117,-0.94007,-0.94775,-0.9544,-0.96017,-0.96518,-0.96955,-0.97337,-0.97673,-0.97968,-0.98229,-0.9846,-0.98665,-0.98847,-0.9901,-0.99156,-0.99286,-0.99403,-0.99507,-0.99599,-0.99681,-0.99754,-0.99816,-0.99869,-0.99914,-0.99949,-0.99975,-0.99992,-1,-0.99997,-0.99984,-0.99959,-0.99922,-0.99872,-0.99808,-0.99729,-0.99633,-0.99518,-0.99384,-0.99228,-0.99047,-0.9884,-0.98603,-0.98333,-0.98026,-0.97679,-0.97286,-0.96841,-0.9634,-0.95773,-0.95135,-0.94414,-0.936,-0.92682,-0.91647,-0.90478,-0.89162,-0.8768,-0.86015,-0.84153,-0.82081,-0.79794,-0.77304,-0.74646,-0.71907,-0.69266,-0.67113,-0.66379,-0.69855,-0.88537,-0.53301,-0.054882,0.021619,0
0,-0.3059,-0.40899,-0.48161,-0.54129,-0.59354,-0.64034,-0.68253,-0.72049,-0.75449,-0.78476,-0.81156,-0.83517,-0.85589,-0.87401,-0.88983,-0.90361,-0.91562,-0.92608,-0.9352,-0.94317,-0.95013,-0.95623,-0.96159,-0.9663,-0.97046,-0.97415,-0.97742,-0.98032,-0.98291,-0.98523,-0.9873,-0.98916,-0.99083,-0.99232,-0.99365,-0.99484,-0.9959,-0.99683,-0.99763,-0.99832,-0.99889,-0.99935,-0.99969,-0.9999,-1,-0.99996,-0.99979,-0.99947,-0.99899,-0.99835,-0.99753,-0.99652,-0.9953,-0.99384,-0.99214,-0.99017,-0.98789,-0.98529,-0.98234,-0.97898,-0.97519,-0.97092,-0.96612,-0.96073,-0.95469,-0.94793,-0.94037,-0.93192,-0.92249,-0.91198,-0.90027,-0.88726,-0.87281,-0.85681,-0.83917,-0.8198,-0.79868,-0.77587,-0.75156,-0.72617,-0.7005,-0.67604,-0.65567,-0.64547,-0.66069,-0.75073,-0.99999,-0.29083,-0.034459,0
0,-0.22898,-0.34644,-0.43002,-0.49684,-0.55371,-0.60369,-0.64825,-0.68821,-0.72406,-0.75615,-0.78478,-0.81024,-0.8328,-0.85275,-0.87034,-0.88583,-0.89945,-0.91144,-0.92198,-0.93125,-0.93943,-0.94664,-0.95301,-0.95866,-0.96366,-0.96812,-0.97209,-0.97564,-0.97881,-0.98166,-0.98421,-0.98651,-0.98857,-0.99042,-0.99208,-0.99356,-0.99488,-0.99604,-0.99704,-0.9979,-0.99862,-0.99918,-0.99961,-0.99988,-1,-0.99995,-0.99973,-0.99934,-0.99875,-0.99795,-0.99694,-0.99569,-0.99418,-0.99239,-0.9903,-0.98789,-0.98512,-0.98196,-0.97838,-0.97435,-0.96981,-0.96472,-0.95903,-0.95268,-0.94562,-0.93778,-0.92908,-0.91944,-0.90879,-0.89704,-0.88409,-0.86985,-0.85425,-0.8372,-0.81865,-0.79856,-0.77696,-0.75394,-0.7297,-0.70462,-0.67932,-0.6549,-0.63332,-0.61834,-0.61836,-0.65672,-0.82019,-0.7687,-0.115,0
0,-0.18432,-0.29942,-0.38602,-0.45626,-0.51603,-0.56835,-0.61489,-0.65662,-0.69415,-0.72791,-0.75822,-0.78537,-0.80964,-0.83128,-0.85053,-0.86764,-0.88281,-0.89627,-0.90819,-0.91877,-0.92815,-0.93648,-0.94389,-0.95049,-0.95637,-0.96163,-0.96634,-0.97056,-0.97436,-0.97777,-0.98084,-0.98361,-0.9861,-0.98834,-0.99035,-0.99215,-0.99375,-0.99516,-0.99639,-0.99744,-0.99831,-0.999,-0.99952,-0.99985,-0.99999,-0.99994,-0.99968,-0.9992,-0.99849,-0.99753,-0.99631,-0.9948,-0.99299,-0.99085,-0.98835,-0.98547,-0.98218,-0.97845,-0.97423,-0.96949,-0.96418,-0.95827,-0.95169,-0.9444,-0.93633,-0.92743,-0.91763,-0.90686,-0.89506,-0.88214,-0.86804,-0.8527,-0.83604,-0.81803,-0.79863,-0.77783,-0.75568,-0.73227,-0.70776,-0.68244,-0.65678,-0.63149,-0.60781,-0.58791,-0.57619,-0.5834,-0.64505,-0.92533,-0.28812,0
0,-0.15458,-0.26282,-0.34853,-0.41974,-0.48096,-0.53479,-0.58281,-0.626,-0.66497,-0.7002,-0.73201,-0.76071,-0.78654,-0.80974,-0.83054,-0.84917,-0.86581,-0.88068,-0.89396,-0.90581,-0.91639,-0.92584,-0.93429,-0.94186,-0.94864,-0.95473,-0.9602,-0.96513,-0.96957,-0.97358,-0.9772,-0.98047,-0.98342,-0.98608,-0.98847,-0.99062,-0.99252,-0.99421,-0.99567,-0.99692,-0.99797,-0.9988,-0.99942,-0.99982,-0.99999,-0.99993,-0.99963,-0.99906,-0.99822,-0.99709,-0.99564,-0.99387,-0.99174,-0.98923,-0.98631,-0.98296,-0.97913,-0.9748,-0.96993,-0.96448,-0.9584,-0.95166,-0.9442,-0.93597,-0.92693,-0.91701,-0.90615,-0.89431,-0.88142,-0.86742,-0.85226,-0.8359,-0.81827,-0.79937,-0.77916,-0.75766,-0.73491,-0.71097,-0.68598,-0.66013,-0.63371,-0.60715,-0.58114,-0.55678,-0.53608,-0.52339,-0.53091,-0.61294,-0.91055,0
0,-0.13315,-0.2336,-0.31653,-0.38712,-0.44868,-0.50328,-0.55227,-0.59654,-0.63669,-0.67316,-0.7063,-0.73636,-0.7636,-0.78823,-0.81047,-0.83052,-0.84856,-0.86478,-0.87936,-0.89245,-0.90421,-0.91477,-0.92427,-0.93281,-0.94051,-0.94744,-0.9537,-0.95936,-0.96448,-0.96911,-0.97331,-0.97711,-0.98054,-0.98365,-0.98645,-0.98895,-0.99119,-0.99317,-0.99489,-0.99636,-0.99759,-0.99857,-0.9993,-0.99978,-0.99999,-0.99993,-0.99957,-0.99892,-0.99795,-0.99664,-0.99497,-0.99292,-0.99046,-0.98757,-0.98421,-0.98037,-0.976,-0.97107,-0.96554,-0.95937,-0.95253,-0.94497,-0.93664,-0.9275,-0.91751,-0.90661,-0.89476,-0.8819,-0.86799,-0.85299,-0.83684,-0.81953,-0.80101,-0.78127,-0.7603,-0.7381,-0.71472,-0.69018,-0.66459,-0.63804,-0.61069,-0.58276,-0.55451,-0.52635,-0.49888,-0.47322,-0.45195,-0.44423,-0.53298,0
0,-0.1169,-0.20979,-0.28907,-0.35809,-0.41917,-0.47391,-0.5234,-0.56839,-0.60944,-0.64693,-0.68118,-0.71244,-0.74093,-0.76686,-0.79042,-0.81179,-0.83114,-0.84865,-0.86447,-0.87877,-0.89168,-0.90334,-0.91387,-0.92339,-0.93201,-0.93981,-0.94687,-0.95328,-0.95909,-0.96437,-0.96917,-0.97352,-0.97747,-0.98104,-0.98427,-0.98717,-0.98975,-0.99204,-0.99404,-0.99575,-0.99718,-0.99832,-0.99917,-0.99973,-0.99999,-0.99992,-0.99953,-0.99878,-0.99768,-0.99618,-0.99428,-0.99195,-0.98916,-0.98588,-0.98209,-0.97774,-0.97282,-0.96729,-0.9611,-0.95423,-0.94663,-0.93827,-0.9291,-0.91908,-0.90817,-0.89634,-0.88353,-0.86972,-0.85486,-0.83892,-0.82187,-0.80367,-0.78432,-0.7638,-0.7421,-0.71923,-0.6952,-0.67004,-0.64378,-0.61648,-0.58816,-0.55888,-0.52863,-0.49738,-0.46494,-0.43082,-0.39384,-0.35091,-0.29353,0
0,-0.10412,-0.19007,-0.2654,-0.33227,-0.39231,-0.44669,-0.49627,-0.54166,-0.58332,-0.62159,-0.65675,-0.68903,-0.71863,-0.74572,-0.77047,-0.79306,-0.81363,-0.83235,-0.84937,-0.86482,-0.87885,-0.89159,-0.90315,-0.91364,-0.92318,-0.93184,-0.93972,-0.9469,-0.95343,-0.95937,-0.96479,-0.96972,-0.9742,-0.97826,-0.98194,-0.98525,-0.9882,-0.99082,-0.99311,-0.99508,-0.99672,-0.99804,-0.99903,-0.99968,-0.99998,-0.99992,-0.99949,-0.99866,-0.99742,-0.99574,-0.99361,-0.99099,-0.98786,-0.98419,-0.97995,-0.97512,-0.96965,-0.96351,-0.95668,-0.94911,-0.94077,-0.93162,-0.92163,-0.91077,-0.89899,-0.88627,-0.87257,-0.85786,-0.84211,-0.8253,-0.8074,-0.78839,-0.76827,-0.74701,-0.72462,-0.7011,-0.67644,-0.65065,-0.62373,-0.59566,-0.56642,-0.53591,-0.50398,-0.4703,-0.43428,-0.39473,-0.34917,-0.29188,-0.20691,0
0,-0.093807,-0.17349,-0.24486,-0.30929,-0.36791,-0.42156,-0.47088,-0.51637,-0.55838,-0.59721,-0.6331,-0.66622,-0.69676,-0.72487,-0.7507,-0.7744,-0.79611,-0.81597,-0.83411,-0.85067,-0.86578,-0.87956,-0.89213,-0.90359,-0.91404,-0.92358,-0.93228,-0.94023,-0.94749,-0.95412,-0.96018,-0.9657,-0.97074,-0.97531,-0.97946,-0.9832,-0.98654,-0.98951,-0.99211,-0.99435,-0.99622,-0.99772,-0.99886,-0.99961,-0.99997,-0.99992,-0.99945,-0.99854,-0.99717,-0.99531,-0.99295,-0.99004,-0.98658,-0.98252,-0.97785,-0.97252,-0.96651,-0.95978,-0.95231,-0.94406,-0.935,-0.92509,-0.91432,-0.90264,-0.89004,-0.87648,-0.86193,-0.84638,-0.8298,-0.81218,-0.79349,-0.77374,-0.75289,-0.73096,-0.70792,-0.68377,-0.65851,-0.63211,-0.60455,-0.57577,-0.54568,-0.51411,-0.48081,-0.4453,-0.40679,-0.36385,-0.31378,-0.25096,-0.16225,0
0,-0.0853,-0.15939,-0.22693,-0.2888,-0.34575,-0.3984,-0.4472,-0.49252,-0.53466,-0.57384,-0.61025,-0.64405,-0.67539,-0.70438,-0.73117,-0.75588,-0.77862,-0.79954,-0.81875,-0.83636,-0.85251,-0.86731,-0.88086,-0.89327,-0.90463,-0.91503,-0.92457,-0.9333,-0.9413,-0.94863,-0.95534,-0.96148,-0.96708,-0.97219,-0.97682,-0.98101,-0.98477,-0.9881,-0.99103,-0.99355,-0.99567,-0.99737,-0.99866,-0.99953,-0.99995,-0.99993,-0.99943,-0.99845,-0.99695,-0.99491,-0.99232,-0.98914,-0.98534,-0.9809,-0.97579,-0.96997,-0.96343,-0.95613,-0.94803,-0.93912,-0.92936,-0.91874,-0.90721,-0.89476,-0.88137,-0.86702,-0.85168,-0.83534,-0.81799,-0.79962,-0.78021,-0.75975,-0.73824,-0.71567,-0.69203,-0.66731,-0.64148,-0.61451,-0.58635,-0.55692,-0.52609,-0.49365,-0.45926,-0.42241,-0.38225,-0.33732,-0.28511,-0.22084,-0.13472,0
0,-0.078165,-0.14727,-0.21118,-0.27046,-0.32562,-0.37707,-0.42514,-0.4701,-0.51216,-0.5515,-0.58827,-0.62258,-0.65456,-0.68431,-0.71193,-0.73754,-0.76123,-0.78313,-0.80333,-0.82194,-0.83909,-0.85486,-0.86937,-0.8827,-0.89496,-0.90623,-0.91659,-0.92611,-0.93486,-0.9429,-0.95028,-0.95704,-0.96323,-0.96889,-0.97403,-0.97868,-0.98287,-0.98659,-0.98986,-0.99268,-0.99505,-0.99698,-0.99844,-0.99943,-0.99993,-0.99994,-0.99942,-0.99837,-0.99675,-0.99455,-0.99173,-0.98828,-0.98415,-0.97934,-0.9738,-0.96752,-0.96045,-0.95259,-0.94389,-0.93434,-0.92392,-0.91259,-0.90035,-0.88717,-0.87304,-0.85794,-0.84186,-0.82479,-0.80673,-0.78765,-0.76757,-0.74647,-0.72435,-0.70119,-0.67699,-0.65173,-0.62538,-0.59789,-0.5692,-0.5392,-0.50774,-0.47459,-0.43939,-0.40161,-0.36041,-0.31446,-0.26152,-0.19773,-0.11593,0
0,-0.072093,-0.13675,-0.19727,-0.25401,-0.30731,-0.35743,-0.40461,-0.44903,-0.49085,-0.53018,-0.56715,-0.60183,-0.63431,-0.66468,-0.69303,-0.71943,-0.74398,-0.76677,-0.78789,-0.80745,-0.82553,-0.84224,-0.85768,-0.87192,-0.88506,-0.89718,-0.90836,-0.91867,-0.92817,-0.93693,-0.94498,-0.95239,-0.95919,-0.9654,-0.97107,-0.97621,-0.98083,-0.98496,-0.98859,-0.99173,-0.99438,-0.99653,-0.99818,-0.99931,-0.9999,-0.99995,-0.99943,-0.99832,-0.99659,-0.99422,-0.99119,-0.98748,-0.98304,-0.97786,-0.97191,-0.96517,-0.9576,-0.94919,-0.93992,-0.92976,-0.91869,-0.90671,-0.89378,-0.87991,-0.86508,-0.84928,-0.83251,-0.81476,-0.79603,-0.77631,-0.75561,-0.73392,-0.71123,-0.68753,-0.66282,-0.63707,-0.61024,-0.58228,-0.55312,-0.52264,-0.49067,-0.45697,-0.42119,-0.38281,-0.34104,-0.29468,-0.24186,-0.17947,-0.10226,0
0,-0.066864,-0.12754,-0.1849,-0.2392,-0.29061,-0.33934,-0.38551,-0.42927,-0.47069,-0.50988,-0.5469,-0.58181,-0.61467,-0.64554,-0.6745,-0.70159,-0.7269,-0.7505,-0.77248,-0.79291,-0.81189,-0.82949,-0.84581,-0.86093,-0.87494,-0.8879,-0.89989,-0.91099,-0.92125,-0.93072,-0.93947,-0.94753,-0.95494,-0.96173,-0.96794,-0.97358,-0.97866,-0.98321,-0.98722,-0.99069,-0.99364,-0.99603,-0.99788,-0.99916,-0.99986,-0.99997,-0.99945,-0.99829,-0.99646,-0.99395,-0.99072,-0.98675,-0.98201,-0.97648,-0.97013,-0.96295,-0.9549,-0.94597,-0.93614,-0.9254,-0.91372,-0.90111,-0.88754,-0.87302,-0.85753,-0.84108,-0.82366,-0.80528,-0.78593,-0.76562,-0.74434,-0.7221,-0.69889,-0.67471,-0.64953,-0.62333,-0.59608,-0.5677,-0.53814,-0.50725,-0.47487,-0.44077,-0.4046,-0.36586,-0.32386,-0.27754,-0.22531,-0.16473,-0.091859,0
0,-0.062312,-0.1194,-0.17386,-0.2258,-0.27536,-0.32265,-0.36774,-0.41072,-0.45165,-0.49056,-0.52751,-0.56252,-0.59564,-0.62691,-0.65636,-0.68405,-0.71003,-0.73436,-0.75712,-0.77836,-0.79817,-0.81663,-0.8338,-0.84977,-0.86461,-0.8784,-0.89119,-0.90307,-0.91408,-0.92428,-0.93372,-0.94244,-0.95048,-0.95786,-0.96463,-0.97078,-0.97634,-0.98133,-0.98573,-0.98956,-0.99281,-0.99547,-0.99754,-0.99899,-0.99981,-0.99998,-0.99948,-0.99829,-0.99638,-0.99373,-0.99031,-0.9861,-0.98108,-0.97521,-0.96849,-0.96088,-0.95237,-0.94294,-0.93258,-0.92128,-0.90903,-0.89582,-0.88164,-0.86651,-0.8504,-0.83334,-0.81532,-0.79635,-0.77643,-0.75557,-0.73377,-0.71103,-0.68735,-0.66272,-0.63711,-0.61052,-0.58288,-0.55415,-0.52424,-0.49303,-0.46034,-0.42595,-0.38954,-0.35065,-0.30865,-0.26264,-0.21129,-0.15263,-0.083708,0
0,-0.058313,-0.11218,-0.16393,-0.21364,-0.26139,-0.30722,-0.35119,-0.39332,-0.43365,-0.47219,-0.50896,-0.54397,-0.57723,-0.60878,-0.63863,-0.66682,-0.69338,-0.71837,-0.74183,-0.76382,-0.78441,-0.80367,-0.82165,-0.83844,-0.85409,-0.86868,-0.88227,-0.89492,-0.90668,-0.9176,-0.92774,-0.93713,-0.9458,-0.95379,-0.96112,-0.96781,-0.97387,-0.9793,-0.98412,-0.98832,-0.9919,-0.99484,-0.99714,-0.99878,-0.99974,-0.99999,-0.99953,-0.99832,-0.99634,-0.99357,-0.98998,-0.98555,-0.98026,-0.97407,-0.96698,-0.95897,-0.95002,-0.94012,-0.92926,-0.91743,-0.90463,-0.89086,-0.87611,-0.8604,-0.84372,-0.82609,-0.80751,-0.788,-0.76755,-0.74618,-0.7239,-0.7007,-0.67658,-0.65154,-0.62556,-0.59861,-0.57065,-0.54161,-0.51141,-0.47994,-0.44702,-0.41245,-0.37592,-0.33702,-0.2952,-0.24966,-0.19932,-0.14259,-0.077174,0
0,-0.05477,-0.10571,-0.15497,-0.20257,-0.24856,-0.29295,-0.33575,-0.37699,-0.41664,-0.45472,-0.49122,-0.52612,-0.55944,-0.59117,-0.62133,-0.64992,-0.67698,-0.70254,-0.72663,-0.74931,-0.77063,-0.79063,-0.80939,-0.82695,-0.84339,-0.85876,-0.87312,-0.88653,-0.89904,-0.91069,-0.92152,-0.93158,-0.9409,-0.94951,-0.95742,-0.96465,-0.97122,-0.97713,-0.98238,-0.98697,-0.99089,-0.99413,-0.99668,-0.99853,-0.99964,-1,-0.99959,-0.99838,-0.99635,-0.99348,-0.98973,-0.9851,-0.97955,-0.97307,-0.96564,-0.95725,-0.94788,-0.93753,-0.92619,-0.91386,-0.90054,-0.88624,-0.87095,-0.8547,-0.83748,-0.81932,-0.80022,-0.7802,-0.75927,-0.73743,-0.71471,-0.69109,-0.66658,-0.64118,-0.61485,-0.58759,-0.55934,-0.53004,-0.49961,-0.46793,-0.43486,-0.40018,-0.36363,-0.32483,-0.28329,-0.23834,-0.18905,-0.13415,-0.071845,0
0,-0.051608,-0.099889,-0.14683,-0.19244,-0.23673,-0.2797,-0.32134,-0.36163,-0.40056,-0.43811,-0.47425,-0.50897,-0.54225,-0.57408,-0.60445,-0.63337,-0.66084,-0.68689,-0.71155,-0.73485,-0.75683,-0.77753,-0.79701,-0.81532,-0.83251,-0.84864,-0.86376,-0.87791,-0.89115,-0.90352,-0.91506,-0.9258,-0.93577,-0.945,-0.9535,-0.9613,-0.96839,-0.97479,-0.98049,-0.98549,-0.98977,-0.99333,-0.99616,-0.99822,-0.99951,-1,-0.99966,-0.99847,-0.99641,-0.99345,-0.98957,-0.98475,-0.97897,-0.97221,-0.96446,-0.95571,-0.94595,-0.93517,-0.92338,-0.91058,-0.89677,-0.88197,-0.86618,-0.84942,-0.8317,-0.81304,-0.79345,-0.77296,-0.75158,-0.72932,-0.70618,-0.68218,-0.65732,-0.63158,-0.60496,-0.57741,-0.54891,-0.5194,-0.48878,-0.45696,-0.42379,-0.38907,-0.35257,-0.31394,-0.27276,-0.22844,-0.18021,-0.12702,-0.067443,0
0,-0.048765,-0.094618,-0.13941,-0.18315,-0.22581,-0.26739,-0.30785,-0.34718,-0.38535,-0.42231,-0.45803,-0.49249,-0.52565,-0.55749,-0.58799,-0.61715,-0.64497,-0.67144,-0.69659,-0.72044,-0.74303,-0.76438,-0.78454,-0.80355,-0.82147,-0.83832,-0.85417,-0.86906,-0.88302,-0.89611,-0.90834,-0.91976,-0.93039,-0.94025,-0.94936,-0.95773,-0.96537,-0.97227,-0.97844,-0.98386,-0.98853,-0.99244,-0.99555,-0.99787,-0.99935,-0.99998,-0.99973,-0.99858,-0.99651,-0.99349,-0.98949,-0.98451,-0.97852,-0.9715,-0.96345,-0.95436,-0.94423,-0.93305,-0.92084,-0.90759,-0.89332,-0.87805,-0.86178,-0.84454,-0.82635,-0.80723,-0.78719,-0.76627,-0.74447,-0.72181,-0.6983,-0.67395,-0.64876,-0.62273,-0.59583,-0.56805,-0.53934,-0.50964,-0.47888,-0.44696,-0.41373,-0.37903,-0.34262,-0.30422,-0.26344,-0.21977,-0.17256,-0.12095,-0.063769,0
0,-0.046194,-0.08982,-0.13262,-0.17458,-0.21568,-0.25591,-0.29521,-0.33357,-0.37093,-0.40726,-0.44251,-0.47664,-0.50962,-0.5414,-0.57196,-0.60128,-0.62936,-0.65618,-0.68176,-0.7061,-0.72924,-0.75118,-0.77198,-0.79165,-0.81025,-0.82781,-0.84437,-0.85997,-0.87464,-0.88843,-0.90136,-0.91346,-0.92475,-0.93525,-0.94498,-0.95394,-0.96213,-0.96955,-0.97621,-0.98208,-0.98716,-0.99143,-0.99486,-0.99744,-0.99914,-0.99994,-0.99981,-0.99872,-0.99666,-0.99359,-0.98951,-0.98438,-0.97819,-0.97094,-0.96262,-0.95321,-0.94273,-0.93118,-0.91856,-0.90489,-0.89019,-0.87447,-0.85775,-0.84007,-0.82143,-0.80188,-0.78142,-0.76009,-0.7379,-0.71488,-0.69102,-0.66636,-0.64088,-0.61458,-0.58744,-0.55945,-0.53056,-0.50071,-0.46984,-0.43785,-0.40461,-0.36996,-0.3337,-0.29555,-0.25519,-0.21217,-0.16593,-0.11575,-0.060676,0
0,-0.043854,-0.085429,-0.12637,-0.16666,-0.20627,-0.24518,-0.28334,-0.32072,-0.35726,-0.39293,-0.42766,-0.4614,-0.49413,-0.52578,-0.55633,-0.58575,-0.61402,-0.64113,-0.66706,-0.69184,-0.71546,-0.73795,-0.75933,-0.77963,-0.79887,-0.8171,-0.83434,-0.85063,-0.86601,-0.88049,-0.89411,-0.90689,-0.91884,-0.92999,-0.94034,-0.9499,-0.95866,-0.96663,-0.97379,-0.98013,-0.98564,-0.99029,-0.99407,-0.99694,-0.99888,-0.99987,-0.99988,-0.99888,-0.99685,-0.99377,-0.98961,-0.98436,-0.97801,-0.97054,-0.96196,-0.95226,-0.94146,-0.92955,-0.91655,-0.90249,-0.88737,-0.87123,-0.85409,-0.83598,-0.81693,-0.79697,-0.77612,-0.75441,-0.73186,-0.70849,-0.68433,-0.65937,-0.63362,-0.60708,-0.57974,-0.55156,-0.52252,-0.49256,-0.46161,-0.42958,-0.39635,-0.36179,-0.32569,-0.28782,-0.24788,-0.20548,-0.16015,-0.11127,-0.058053,0
0,-0.041713,-0.081392,-0.12059,-0.1593,-0.19749,-0.23513,-0.27217,-0.30857,-0.34428,-0.37925,-0.41342,-0.44674,-0.47916,-0.51063,-0.5411,-0.57055,-0.59895,-0.62627,-0.6525,-0.67765,-0.7017,-0.72468,-0.7466,-0.76747,-0.78733,-0.80619,-0.82409,-0.84105,-0.8571,-0.87227,-0.88657,-0.90002,-0.91264,-0.92444,-0.93543,-0.9456,-0.95495,-0.96348,-0.97116,-0.978,-0.98396,-0.98902,-0.99316,-0.99635,-0.99856,-0.99977,-0.99994,-0.99905,-0.99708,-0.994,-0.9898,-0.98445,-0.97795,-0.97029,-0.96148,-0.95151,-0.9404,-0.92815,-0.9148,-0.90036,-0.88485,-0.86832,-0.85078,-0.83227,-0.81282,-0.79248,-0.77125,-0.74919,-0.72631,-0.70263,-0.67817,-0.65294,-0.62696,-0.6002,-0.57267,-0.54433,-0.51516,-0.48511,-0.4541,-0.42206,-0.38888,-0.35441,-0.3185,-0.28091,-0.24139,-0.1996,-0.15511,-0.10741,-0.055817,0
0,-0.039744,-0.077664,-0.11524,-0.15245,-0.18928,-0.22569,-0.26163,-0.29706,-0.33193,-0.36619,-0.39977,-0.43262,-0.46468,-0.49591,-0.52626,-0.55568,-0.58414,-0.61161,-0.63808,-0.66354,-0.68797,-0.71138,-0.73378,-0.75519,-0.77561,-0.79508,-0.81361,-0.83121,-0.84793,-0.86376,-0.87873,-0.89286,-0.90614,-0.9186,-0.93023,-0.94102,-0.95097,-0.96008,-0.96831,-0.97566,-0.98209,-0.98759,-0.99212,-0.99566,-0.99817,-0.99962,-0.99998,-0.99924,-0.99735,-0.9943,-0.99007,-0.98465,-0.97802,-0.9702,-0.96117,-0.95095,-0.93955,-0.92699,-0.9133,-0.8985,-0.88263,-0.86571,-0.84779,-0.82891,-0.80909,-0.78838,-0.7668,-0.74441,-0.72121,-0.69724,-0.67251,-0.64704,-0.62083,-0.59388,-0.56618,-0.53771,-0.50843,-0.47831,-0.44727,-0.41524,-0.38211,-0.34776,-0.31204,-0.27474,-0.23563,-0.1944,-0.1507,-0.10405,-0.053899,0
0,-0.037925,-0.074206,-0.11025,-0.14605,-0.18158,-0.21679,-0.25166,-0.28614,-0.32017,-0.35369,-0.38666,-0.41901,-0.45068,-0.48162,-0.51178,-0.54111,-0.56958,-0.59715,-0.6238,-0.6495,-0.67425,-0.69805,-0.72089,-0.74278,-0.76374,-0.78377,-0.80289,-0.82111,-0.83846,-0.85495,-0.87058,-0.88537,-0.89932,-0.91244,-0.92471,-0.93614,-0.94671,-0.95641,-0.96521,-0.97309,-0.98003,-0.98599,-0.99094,-0.99485,-0.99769,-0.99941,-1,-0.99942,-0.99764,-0.99465,-0.99042,-0.98495,-0.97822,-0.97025,-0.96103,-0.95058,-0.93891,-0.92606,-0.91205,-0.89691,-0.88068,-0.8634,-0.84512,-0.82587,-0.8057,-0.78464,-0.76274,-0.74002,-0.71653,-0.69228,-0.6673,-0.64161,-0.61519,-0.58807,-0.56023,-0.53164,-0.50227,-0.47209,-0.44104,-0.40903,-0.37597,-0.34176,-0.30623,-0.26922,-0.2305,-0.18981,-0.14682,-0.10113,-0.052247,0
0,-0.036236,-0.070986,-0.1056,-0.14005,-0.17433,-0.2084,-0.24222,-0.27575,-0.30894,-0.34173,-0.37406,-0.40587,-0.43711,-0.46773,-0.49765,-0.52685,-0.55527,-0.58288,-0.60964,-0.63554,-0.66056,-0.68469,-0.70791,-0.73025,-0.75169,-0.77224,-0.79193,-0.81074,-0.82871,-0.84583,-0.86211,-0.87755,-0.89216,-0.90594,-0.91887,-0.93094,-0.94215,-0.95245,-0.96184,-0.97029,-0.97775,-0.9842,-0.9896,-0.99392,-0.99711,-0.99914,-0.99998,-0.99959,-0.99796,-0.99505,-0.99085,-0.98535,-0.97855,-0.97045,-0.96105,-0.95039,-0.93847,-0.92534,-0.91102,-0.89556,-0.87899,-0.86137,-0.84274,-0.82314,-0.80263,-0.78124,-0.75902,-0.73601,-0.71223,-0.68773,-0.66251,-0.6366,-0.61001,-0.58273,-0.55475,-0.52606,-0.49663,-0.46641,-0.43535,-0.40338,-0.3704,-0.33632,-0.301,-0.26426,-0.22592,-0.18573,-0.14339,-0.098567,-0.050815,0
0,-0.034662,-0.067976,-0.10123,-0.13441,-0.16749,-0.20046,-0.23326,-0.26586,-0.29821,-0.33025,-0.36193,-0.39319,-0.42397,-0.45421,-0.48386,-0.51287,-0.5412,-0.56879,-0.59562,-0.62166,-0.64689,-0.67129,-0.69486,-0.71758,-0.73947,-0.76051,-0.78072,-0.8001,-0.81865,-0.83638,-0.85329,-0.86938,-0.88465,-0.89908,-0.91267,-0.9254,-0.93725,-0.94819,-0.95819,-0.96721,-0.97523,-0.9822,-0.98808,-0.99283,-0.99641,-0.99878,-0.99991,-0.99975,-0.99828,-0.99549,-0.99134,-0.98584,-0.97899,-0.97078,-0.96123,-0.95037,-0.93822,-0.92483,-0.91022,-0.89444,-0.87755,-0.85959,-0.84062,-0.82069,-0.79985,-0.77814,-0.75562,-0.73232,-0.70828,-0.68353,-0.65809,-0.63198,-0.60522,-0.57779,-0.5497,-0.52092,-0.49143,-0.46119,-0.43014,-0.39822,-0.36533,-0.33139,-0.29626,-0.2598,-0.22181,-0.18209,-0.14036,-0.096316,-0.049569,0
0,-0.033189,-0.065152,-0.09712,-0.12908,-0.16103,-0.19292,-0.22473,-0.25642,-0.28793,-0.31923,-0.35025,-0.38093,-0.41122,-0.44106,-0.4704,-0.49918,-0.52735,-0.55488,-0.58172,-0.60785,-0.63324,-0.65786,-0.68172,-0.70479,-0.72707,-0.74856,-0.76925,-0.78916,-0.80827,-0.82659,-0.84412,-0.86084,-0.87676,-0.89185,-0.9061,-0.91949,-0.932,-0.94358,-0.95421,-0.96385,-0.97245,-0.97997,-0.98636,-0.99159,-0.99559,-0.99833,-0.99977,-0.99988,-0.99862,-0.99596,-0.9919,-0.98643,-0.97954,-0.97124,-0.96156,-0.95052,-0.93815,-0.9245,-0.90961,-0.89354,-0.87633,-0.85805,-0.83875,-0.81849,-0.79733,-0.77531,-0.7525,-0.72892,-0.70462,-0.67964,-0.654,-0.62771,-0.60078,-0.57323,-0.54503,-0.51618,-0.48664,-0.45638,-0.42535,-0.39349,-0.3607,-0.3269,-0.29197,-0.25577,-0.21812,-0.17884,-0.13766,-0.094326,-0.048478,0
0,-0.031806,-0.062495,-0.093245,-0.12405,-0.1549,-0.18576,-0.2166,-0.24739,-0.27808,-0.30863,-0.33897,-0.36906,-0.39884,-0.42825,-0.45723,-0.48574,-0.51372,-0.54114,-0.56794,-0.59411,-0.6196,-0.6444,-0.66849,-0.69186,-0.71449,-0.73638,-0.75753,-0.77792,-0.79757,-0.81645,-0.83457,-0.85191,-0.86847,-0.88421,-0.89913,-0.91319,-0.92636,-0.93861,-0.94989,-0.96016,-0.96938,-0.97748,-0.98442,-0.99015,-0.99462,-0.99777,-0.99957,-0.99997,-0.99894,-0.99646,-0.99251,-0.98709,-0.98019,-0.97183,-0.96203,-0.95083,-0.93825,-0.92436,-0.9092,-0.89283,-0.87532,-0.85672,-0.83709,-0.81652,-0.79504,-0.77272,-0.74962,-0.72578,-0.70124,-0.67603,-0.65018,-0.62372,-0.59665,-0.56897,-0.54069,-0.51177,-0.4822,-0.45194,-0.42094,-0.38913,-0.35645,-0.3228,-0.28806,-0.25211,-0.21479,-0.17591,-0.13525,-0.092557,-0.047518,0
0,-0.030503,-0.059986,-0.089579,-0.11928,-0.14907,-0.17893,-0.20884,-0.23875,-0.26863,-0.29842,-0.32809,-0.35757,-0.38681,-0.41576,-0.44436,-0.47256,-0.50031,-0.52756,-0.55428,-0.58043,-0.60598,-0.6309,-0.65518,-0.67879,-0.70173,-0.72398,-0.74553,-0.76638,-0.78652,-0.80594,-0.82463,-0.84258,-0.85975,-0.87615,-0.89173,-0.90646,-0.92032,-0.93325,-0.9452,-0.95613,-0.96599,-0.97471,-0.98223,-0.98851,-0.99347,-0.99707,-0.99926,-1,-0.99924,-0.99697,-0.99317,-0.98782,-0.98094,-0.97253,-0.96263,-0.95128,-0.93851,-0.92439,-0.90896,-0.89231,-0.87449,-0.85557,-0.83563,-0.81474,-0.79295,-0.77034,-0.74696,-0.72285,-0.69807,-0.67265,-0.64661,-0.61999,-0.59278,-0.56499,-0.53662,-0.50765,-0.47806,-0.4478,-0.41684,-0.38511,-0.35253,-0.31902,-0.28448,-0.24877,-0.21176,-0.17326,-0.13308,-0.090975,-0.046668,0
0,-0.029271,-0.057612,-0.086103,-0.11474,-0.14352,-0.17242,-0.20141,-0.23046,-0.25953,-0.28858,-0.31756,-0.34643,-0.37511,-0.40358,-0.43176,-0.45961,-0.48709,-0.51414,-0.54073,-0.56682,-0.59237,-0.61737,-0.64178,-0.66559,-0.68878,-0.71134,-0.73326,-0.75453,-0.77513,-0.79505,-0.81429,-0.83281,-0.8506,-0.86764,-0.88388,-0.89929,-0.91383,-0.92746,-0.94011,-0.95173,-0.96225,-0.97162,-0.97977,-0.98663,-0.99214,-0.99623,-0.99885,-0.99996,-0.99952,-0.99749,-0.99386,-0.98861,-0.98177,-0.97334,-0.96336,-0.95187,-0.93892,-0.92457,-0.90888,-0.89194,-0.87382,-0.85459,-0.83434,-0.81313,-0.79104,-0.76813,-0.74447,-0.72011,-0.6951,-0.66946,-0.64324,-0.61646,-0.58912,-0.56124,-0.53279,-0.50378,-0.47417,-0.44393,-0.41301,-0.38135,-0.34889,-0.31553,-0.28117,-0.24571,-0.20899,-0.17085,-0.13111,-0.089552,-0.04591,0
0,-0.028104,-0.055359,-0.082799,-0.11043,-0.13823,-0.16619,-0.19429,-0.2225,-0.25078,-0.27909,-0.30738,-0.33561,-0.36373,-0.39169,-0.41943,-0.44691,-0.47407,-0.50088,-0.52729,-0.55327,-0.57878,-0.60379,-0.62829,-0.65225,-0.67564,-0.69847,-0.72071,-0.74235,-0.76338,-0.78377,-0.80352,-0.8226,-0.84099,-0.85865,-0.87555,-0.89164,-0.90688,-0.92121,-0.93458,-0.94691,-0.95814,-0.9682,-0.977,-0.98449,-0.99058,-0.99521,-0.99831,-0.99984,-0.99974,-0.99799,-0.99457,-0.98946,-0.98269,-0.97425,-0.9642,-0.95259,-0.93946,-0.92489,-0.90895,-0.89173,-0.8733,-0.85376,-0.83319,-0.81166,-0.78927,-0.76607,-0.74213,-0.71751,-0.69227,-0.66643,-0.64003,-0.6131,-0.58564,-0.55766,-0.52916,-0.50011,-0.47049,-0.44028,-0.40941,-0.37783,-0.34548,-0.31227,-0.27811,-0.24287,-0.20643,-0.16864,-0.12932,-0.088261,-0.04523,0
0,-0.026996,-0.053217,-0.079654,-0.10631,-0.13317,-0.16023,-0.18746,-0.21485,-0.24234,-0.26991,-0.29752,-0.32512,-0.35265,-0.38008,-0.40735,-0.43442,-0.46124,-0.48777,-0.51396,-0.53978,-0.5652,-0.59018,-0.61471,-0.63876,-0.66232,-0.68536,-0.70787,-0.72984,-0.75125,-0.77208,-0.79232,-0.81193,-0.83088,-0.84916,-0.8667,-0.88347,-0.89942,-0.91447,-0.92857,-0.94164,-0.95361,-0.96439,-0.9739,-0.98205,-0.98878,-0.99399,-0.99762,-0.99961,-0.99991,-0.99848,-0.9953,-0.99036,-0.98367,-0.97526,-0.96515,-0.95342,-0.94012,-0.92534,-0.90914,-0.89163,-0.8729,-0.85305,-0.83215,-0.81031,-0.7876,-0.76411,-0.7399,-0.71503,-0.68955,-0.66352,-0.63695,-0.60987,-0.5823,-0.55424,-0.52568,-0.4966,-0.46699,-0.4368,-0.40599,-0.3745,-0.34227,-0.30921,-0.27523,-0.24023,-0.20406,-0.1666,-0.12767,-0.08708,-0.044613,0
0,-0.025942,-0.051177,-0.076653,-0.10237,-0.12833,-0.15452,-0.18091,-0.20748,-0.23421,-0.26105,-0.28797,-0.31492,-0.34186,-0.36875,-0.39553,-0.42216,-0.4486,-0.4748,-0.50073,-0.52635,-0.55163,-0.57654,-0.60105,-0.62514,-0.6488,-0.67201,-0.69475,-0.717,-0.73875,-0.75997,-0.78065,-0.80076,-0.82027,-0.83914,-0.85732,-0.87477,-0.89142,-0.9072,-0.92205,-0.93589,-0.94862,-0.96016,-0.97041,-0.97929,-0.98669,-0.99254,-0.99675,-0.99925,-0.99999,-0.99893,-0.99603,-0.99129,-0.98472,-0.97634,-0.9662,-0.95437,-0.9409,-0.9259,-0.90945,-0.89165,-0.87261,-0.85243,-0.83121,-0.80904,-0.78602,-0.76223,-0.73774,-0.71262,-0.68692,-0.66068,-0.63395,-0.60673,-0.57905,-0.55091,-0.5223,-0.49321,-0.46361,-0.43346,-0.40271,-0.37132,-0.33922,-0.30631,-0.27252,-0.23774,-0.20185,-0.1647,-0.12614,-0.085992,-0.044051,0
0,-0.024937,-0.049231,-0.073789,-0.098612,-0.1237,-0.14904,-0.17461,-0.20039,-0.22636,-0.25247,-0.27871,-0.30501,-0.33135,-0.35767,-0.38394,-0.41011,-0.43614,-0.46199,-0.48761,-0.51299,-0.53808,-0.56286,-0.5873,-0.61139,-0.6351,-0.65842,-0.68133,-0.70381,-0.72585,-0.74743,-0.76852,-0.7891,-0.80912,-0.82856,-0.84737,-0.86548,-0.88283,-0.89936,-0.91498,-0.9296,-0.94314,-0.95547,-0.96652,-0.97616,-0.9843,-0.99083,-0.99568,-0.99875,-0.99998,-0.99932,-0.99675,-0.99224,-0.98581,-0.9775,-0.96734,-0.95541,-0.94179,-0.92657,-0.90985,-0.89176,-0.8724,-0.85189,-0.83033,-0.80783,-0.78449,-0.76039,-0.73562,-0.71025,-0.68432,-0.65789,-0.63099,-0.60364,-0.57587,-0.54766,-0.51901,-0.48991,-0.46032,-0.43022,-0.39955,-0.36826,-0.33628,-0.30354,-0.26994,-0.23539,-0.19975,-0.16291,-0.12471,-0.084981,-0.043533,0
0,-0.023979,-0.047374,-0.071051,-0.095013,-0.11926,-0.14377,-0.16855,-0.19356,-0.21878,-0.24418,-0.26973,-0.29538,-0.32111,-0.34686,-0.37259,-0.39827,-0.42386,-0.44932,-0.4746,-0.49969,-0.52455,-0.54915,-0.57348,-0.5975,-0.62121,-0.64459,-0.66762,-0.69028,-0.71256,-0.73445,-0.7559,-0.7769,-0.79742,-0.8174,-0.83681,-0.85557,-0.87363,-0.89091,-0.90731,-0.92274,-0.9371,-0.95028,-0.96216,-0.97262,-0.98154,-0.98883,-0.99436,-0.99806,-0.99984,-0.99964,-0.99744,-0.99321,-0.98696,-0.97872,-0.96856,-0.95654,-0.94276,-0.92732,-0.91034,-0.89195,-0.87225,-0.85139,-0.82949,-0.80664,-0.78297,-0.75857,-0.73352,-0.70788,-0.68173,-0.65511,-0.62805,-0.60058,-0.5727,-0.54443,-0.51576,-0.48665,-0.4571,-0.42705,-0.39647,-0.36529,-0.33345,-0.30087,-0.26746,-0.23313,-0.19776,-0.16121,-0.12336,-0.084032,-0.043052,0
0,-0.023064,-0.0456,-0.068433,-0.091568,-0.115,-0.13873,-0.16273,-0.18698,-0.21147,-0.23616,-0.26103,-0.28603,-0.31113,-0.3363,-0.36148,-0.38665,-0.41177,-0.4368,-0.46171,-0.48647,-0.51105,-0.53542,-0.55958,-0.58349,-0.60714,-0.63052,-0.65361,-0.6764,-0.69887,-0.72101,-0.74278,-0.76417,-0.78513,-0.80563,-0.82561,-0.84502,-0.86377,-0.88179,-0.89899,-0.91525,-0.93047,-0.94452,-0.95728,-0.96862,-0.97839,-0.98649,-0.99278,-0.99716,-0.99955,-0.99987,-0.99809,-0.99417,-0.98813,-0.98001,-0.96986,-0.95776,-0.94382,-0.92816,-0.9109,-0.89219,-0.87215,-0.85093,-0.82866,-0.80546,-0.78145,-0.75673,-0.73138,-0.70549,-0.67911,-0.6523,-0.62508,-0.59749,-0.56953,-0.54121,-0.51251,-0.48342,-0.4539,-0.42392,-0.39343,-0.36237,-0.33068,-0.29827,-0.26506,-0.23096,-0.19584,-0.15959,-0.12207,-0.083134,-0.0426,0
0,-0.02219,-0.043906,-0.065931,-0.088271,-0.11092,-0.13388,-0.15713,-0.18065,-0.20442,-0.22841,-0.2526,-0.27695,-0.30142,-0.32599,-0.35061,-0.37525,-0.39987,-0.42444,-0.44894,-0.47333,-0.49758,-0.52168,-0.54561,-0.56936,-0.5929,-0.61622,-0.63932,-0.66218,-0.68478,-0.70711,-0.72915,-0.75088,-0.77225,-0.79322,-0.81375,-0.83377,-0.8532,-0.87196,-0.88996,-0.90707,-0.92318,-0.93815,-0.95184,-0.9641,-0.97479,-0.98376,-0.99088,-0.99603,-0.99909,-0.99999,-0.99868,-0.99512,-0.98933,-0.98134,-0.97122,-0.95905,-0.94496,-0.92906,-0.91151,-0.89246,-0.87207,-0.85047,-0.82782,-0.80425,-0.77989,-0.75483,-0.72919,-0.70303,-0.67643,-0.64942,-0.62206,-0.59435,-0.56631,-0.53795,-0.50924,-0.48017,-0.4507,-0.4208,-0.39041,-0.35948,-0.32794,-0.29572,-0.26271,-0.22884,-0.19398,-0.15803,-0.12084,-0.082276,-0.042173,0
0,-0.021357,-0.042288,-0.06354,-0.085118,-0.10702,-0.12923,-0.15175,-0.17455,-0.19762,-0.22092,-0.24444,-0.26814,-0.29198,-0.31594,-0.33998,-0.36406,-0.38816,-0.41225,-0.4363,-0.46027,-0.48416,-0.50794,-0.5316,-0.55512,-0.57849,-0.6017,-0.62474,-0.6476,-0.67028,-0.69275,-0.715,-0.73701,-0.75873,-0.78014,-0.80118,-0.82178,-0.84188,-0.86138,-0.88017,-0.89815,-0.91517,-0.93109,-0.94576,-0.95901,-0.97068,-0.9806,-0.98862,-0.9946,-0.99842,-0.99997,-0.99919,-0.99605,-0.99055,-0.98272,-0.97264,-0.96041,-0.94615,-0.93002,-0.91217,-0.89276,-0.87198,-0.84999,-0.82694,-0.80298,-0.77825,-0.75285,-0.7269,-0.70048,-0.67364,-0.64645,-0.61894,-0.59112,-0.56302,-0.53462,-0.50591,-0.47688,-0.44747,-0.41766,-0.38739,-0.35661,-0.32523,-0.29319,-0.2604,-0.22676,-0.19217,-0.1565,-0.11965,-0.081449,-0.041765,0
0,-0.020562,-0.040746,-0.061259,-0.082106,-0.10328,-0.12478,-0.14659,-0.1687,-0.19107,-0.2137,-0.23655,-0.2596,-0.28281,-0.30615,-0.32959,-0.35311,-0.37666,-0.40023,-0.4238,-0.44733,-0.4708,-0.49421,-0.51754,-0.54078,-0.56392,-0.58696,-0.60988,-0.63269,-0.65537,-0.67792,-0.70032,-0.72254,-0.74457,-0.76636,-0.78786,-0.80902,-0.82975,-0.84997,-0.86956,-0.88841,-0.90637,-0.92328,-0.93897,-0.95327,-0.96599,-0.97694,-0.98595,-0.99285,-0.99749,-0.99977,-0.9996,-0.99693,-0.99176,-0.98413,-0.97412,-0.96183,-0.94741,-0.93102,-0.91284,-0.89306,-0.87187,-0.84946,-0.82598,-0.80161,-0.77649,-0.75075,-0.72448,-0.69778,-0.67072,-0.64334,-0.61569,-0.58778,-0.55961,-0.5312,-0.50251,-0.47352,-0.44419,-0.41448,-0.38434,-0.35371,-0.32251,-0.29067,-0.2581,-0.2247,-0.19038,-0.15501,-0.11848,-0.080647,-0.041372,0
0,-0.019806,-0.039278,-0.059087,-0.079235,-0.099719,-0.12053,-0.14166,-0.16308,-0.18479,-0.20675,-0.22894,-0.25134,-0.27391,-0.29663,-0.31946,-0.34239,-0.36538,-0.38841,-0.41145,-0.43449,-0.45752,-0.48051,-0.50346,-0.52636,-0.54922,-0.57201,-0.59475,-0.61744,-0.64006,-0.66261,-0.68509,-0.70748,-0.72974,-0.75186,-0.77378,-0.79544,-0.81677,-0.83769,-0.85807,-0.87779,-0.89669,-0.91462,-0.93139,-0.9468,-0.96064,-0.97271,-0.98279,-0.9907,-0.99628,-0.99937,-0.99988,-0.99775,-0.99297,-0.98557,-0.97564,-0.9633,-0.94871,-0.93205,-0.91353,-0.89335,-0.87172,-0.84885,-0.82492,-0.80012,-0.7746,-0.74848,-0.72189,-0.69491,-0.66762,-0.64006,-0.61228,-0.58428,-0.55607,-0.52764,-0.49898,-0.47006,-0.44082,-0.41124,-0.38124,-0.35078,-0.31977,-0.28813,-0.25579,-0.22265,-0.1886,-0.15354,-0.11733,-0.079862,-0.040991,0
0,-0.019089,-0.037886,-0.057024,-0.076506,-0.096326,-0.11648,-0.13694,-0.15771,-0.17876,-0.20007,-0.22161,-0.24336,-0.26529,-0.28738,-0.3096,-0.33192,-0.35432,-0.37678,-0.39928,-0.42179,-0.44432,-0.46685,-0.48937,-0.51188,-0.53438,-0.55688,-0.57937,-0.60186,-0.62435,-0.64684,-0.66932,-0.69179,-0.71423,-0.7366,-0.75888,-0.781,-0.80289,-0.82446,-0.84561,-0.8662,-0.88607,-0.90505,-0.92293,-0.93951,-0.95455,-0.96782,-0.97908,-0.98811,-0.99471,-0.99872,-1,-0.99848,-0.99415,-0.98702,-0.97721,-0.96482,-0.95006,-0.93311,-0.91421,-0.89359,-0.87149,-0.84813,-0.82372,-0.79846,-0.77251,-0.74601,-0.71909,-0.69183,-0.66431,-0.63657,-0.60866,-0.58058,-0.55234,-0.52393,-0.49532,-0.46647,-0.43735,-0.4079,-0.37807,-0.34779,-0.31698,-0.28558,-0.25348,-0.2206,-0.18683,-0.15207,-0.1162,-0.079089,-0.040618,0
0,-0.018411,-0.036569,-0.055073,-0.073922,-0.09311,-0.11263,-0.13246,-0.15259,-0.173,-0.19367,-0.21457,-0.23568,-0.25698,-0.27844,-0.30003,-0.32173,-0.34352,-0.36538,-0.38729,-0.40925,-0.43124,-0.45325,-0.47529,-0.49735,-0.51944,-0.54157,-0.56374,-0.58596,-0.60824,-0.63059,-0.653,-0.67548,-0.69801,-0.72057,-0.74313,-0.76564,-0.78804,-0.81023,-0.83212,-0.85356,-0.87439,-0.89444,-0.91349,-0.9313,-0.94762,-0.96218,-0.97473,-0.98499,-0.99274,-0.99776,-0.99992,-0.99911,-0.99529,-0.98849,-0.97881,-0.96639,-0.95143,-0.93417,-0.91486,-0.89377,-0.87115,-0.84727,-0.82234,-0.79659,-0.77019,-0.74329,-0.71602,-0.68848,-0.66073,-0.63283,-0.6048,-0.57666,-0.54841,-0.52002,-0.49148,-0.46273,-0.43374,-0.40445,-0.37481,-0.34473,-0.31414,-0.28297,-0.25113,-0.21853,-0.18505,-0.1506,-0.11507,-0.078324,-0.040251,0
0,-0.017774,-0.035332,-0.053237,-0.071488,-0.090076,-0.10899,-0.12821,-0.14773,-0.16752,-0.18757,-0.20784,-0.22832,-0.24898,-0.2698,-0.29075,-0.31182,-0.33298,-0.35422,-0.37552,-0.39688,-0.41829,-0.43974,-0.46125,-0.4828,-0.50442,-0.52611,-0.54789,-0.56976,-0.59176,-0.61388,-0.63613,-0.65853,-0.68107,-0.70373,-0.7265,-0.74933,-0.77216,-0.79492,-0.8175,-0.83977,-0.86156,-0.8827,-0.90294,-0.92204,-0.93972,-0.95568,-0.96962,-0.98124,-0.99027,-0.99645,-0.9996,-0.99959,-0.99637,-0.98995,-0.98044,-0.96799,-0.95284,-0.93523,-0.91547,-0.89386,-0.87068,-0.84622,-0.82074,-0.79447,-0.76759,-0.74027,-0.71265,-0.68481,-0.65684,-0.62878,-0.60066,-0.57247,-0.54423,-0.51589,-0.48744,-0.45882,-0.42998,-0.40088,-0.37143,-0.34157,-0.31123,-0.28032,-0.24875,-0.21643,-0.18326,-0.14913,-0.11394,-0.077561,-0.039888,0
0,-0.017179,-0.034176,-0.051521,-0.06921,-0.087231,-0.10557,-0.12422,-0.14314,-0.16234,-0.18177,-0.20143,-0.22128,-0.24131,-0.26149,-0.2818,-0.30222,-0.32273,-0.34333,-0.36399,-0.38471,-0.4055,-0.42635,-0.44726,-0.46825,-0.48933,-0.51051,-0.53182,-0.55328,-0.5749,-0.5967,-0.61871,-0.64094,-0.66339,-0.68607,-0.70895,-0.73201,-0.7552,-0.77845,-0.80167,-0.82473,-0.84746,-0.86968,-0.89115,-0.91159,-0.93071,-0.94818,-0.96364,-0.97677,-0.98722,-0.99471,-0.99899,-0.99991,-0.99737,-0.9914,-0.98209,-0.96963,-0.95425,-0.93628,-0.91602,-0.89383,-0.87003,-0.84495,-0.81886,-0.79203,-0.76464,-0.73689,-0.7089,-0.68078,-0.65259,-0.62439,-0.59618,-0.56798,-0.53976,-0.5115,-0.48317,-0.4547,-0.42605,-0.39714,-0.36792,-0.33831,-0.30823,-0.2776,-0.24632,-0.2143,-0.18144,-0.14765,-0.1128,-0.076798,-0.039526,0
0,-0.016629,-0.033106,-0.049932,-0.067097,-0.084587,-0.10239,-0.12048,-0.13885,-0.15746,-0.17631,-0.19536,-0.2146,-0.234,-0.25353,-0.27319,-0.29295,-0.3128,-0.33273,-0.35272,-0.37278,-0.3929,-0.41309,-0.43336,-0.45373,-0.4742,-0.49481,-0.51557,-0.53652,-0.55768,-0.57908,-0.60075,-0.6227,-0.64497,-0.66754,-0.69044,-0.71363,-0.73709,-0.76075,-0.78453,-0.80832,-0.83196,-0.85525,-0.87795,-0.89979,-0.92043,-0.93951,-0.95664,-0.97142,-0.98347,-0.99243,-0.99801,-1,-0.99827,-0.99282,-0.98376,-0.97129,-0.95568,-0.93728,-0.91647,-0.89364,-0.86916,-0.84339,-0.81665,-0.78921,-0.76129,-0.73308,-0.70472,-0.67631,-0.64792,-0.61959,-0.59133,-0.56313,-0.53497,-0.50682,-0.47863,-0.45035,-0.4219,-0.39324,-0.36427,-0.33493,-0.30514,-0.2748,-0.24382,-0.21212,-0.1796,-0.14614,-0.11166,-0.076033,-0.039165,0
0,-0.016126,-0.032128,-0.048477,-0.065158,-0.082156,-0.099452,-0.11703,-0.13486,-0.15292,-0.1712,-0.18966,-0.20829,-0.22706,-0.24596,-0.26496,-0.28405,-0.30322,-0.32245,-0.34174,-0.3611,-0.38052,-0.40001,-0.41958,-0.43926,-0.45906,-0.47902,-0.49916,-0.51952,-0.54012,-0.56102,-0.58224,-0.60381,-0.62577,-0.64814,-0.67093,-0.69414,-0.71775,-0.74172,-0.76598,-0.79042,-0.81491,-0.83924,-0.86319,-0.88645,-0.90868,-0.92948,-0.94842,-0.96504,-0.97888,-0.98952,-0.99659,-0.99981,-0.99903,-0.99421,-0.98545,-0.97298,-0.95711,-0.93824,-0.91681,-0.89325,-0.86802,-0.84149,-0.81403,-0.78593,-0.75745,-0.72877,-0.70003,-0.67135,-0.64276,-0.61433,-0.58603,-0.55787,-0.52981,-0.5018,-0.4738,-0.44573,-0.41754,-0.38914,-0.36046,-0.33142,-0.30193,-0.27191,-0.24126,-0.2099,-0.17772,-0.14462,-0.1105,-0.075261,-0.038803,0
0,-0.015674,-0.031249,-0.047166,-0.063408,-0.079954,-0.096783,-0.11387,-0.1312,-0.14874,-0.16646,-0.18435,-0.20239,-0.22054,-0.2388,-0.25714,-0.27554,-0.29401,-0.31253,-0.3311,-0.34971,-0.36838,-0.38712,-0.40595,-0.42488,-0.44395,-0.46318,-0.48261,-0.50228,-0.52224,-0.54253,-0.56319,-0.58427,-0.6058,-0.62784,-0.6504,-0.67349,-0.69713,-0.72128,-0.7459,-0.77089,-0.79614,-0.82147,-0.84664,-0.87134,-0.89523,-0.91786,-0.93876,-0.95741,-0.97326,-0.98581,-0.9946,-0.99927,-0.9996,-0.99553,-0.98714,-0.97469,-0.95853,-0.93912,-0.91698,-0.89262,-0.86652,-0.83916,-0.81091,-0.78211,-0.75303,-0.72386,-0.69475,-0.66579,-0.63704,-0.60852,-0.58024,-0.55215,-0.52423,-0.49641,-0.46863,-0.44082,-0.41291,-0.38482,-0.35646,-0.32775,-0.2986,-0.26893,-0.23863,-0.20762,-0.1758,-0.14306,-0.10933,-0.074483,-0.038439,0
0,-0.015277,-0.030476,-0.046011,-0.06186,-0.077998,-0.0944,-0.11104,-0.12789,-0.14493,-0.16213,-0.17947,-0.19692,-0.21446,-0.23208,-0.24975,-0.26747,-0.28522,-0.303,-0.32081,-0.33865,-0.35654,-0.37448,-0.3925,-0.41062,-0.42888,-0.4473,-0.46594,-0.48484,-0.50405,-0.52362,-0.5436,-0.56406,-0.58504,-0.6066,-0.62878,-0.65162,-0.67513,-0.69932,-0.72416,-0.74958,-0.77549,-0.80172,-0.82806,-0.85421,-0.8798,-0.90437,-0.92739,-0.94827,-0.96639,-0.98112,-0.99191,-0.99828,-0.99994,-0.99676,-0.98883,-0.97641,-0.95993,-0.93991,-0.91695,-0.89166,-0.8646,-0.8363,-0.80719,-0.77763,-0.74791,-0.71824,-0.68875,-0.65954,-0.63066,-0.6021,-0.57387,-0.54591,-0.51817,-0.49059,-0.46309,-0.43559,-0.40801,-0.38027,-0.35227,-0.32392,-0.29514,-0.26584,-0.23591,-0.20528,-0.17383,-0.14149,-0.10814,-0.073697,-0.038073,0
0,-0.01494,-0.029819,-0.045026,-0.060532,-0.07631,-0.092329,-0.10856,-0.12497,-0.14154,-0.15824,-0.17504,-0.19193,-0.20887,-0.22584,-0.24285,-0.25986,-0.27688,-0.29391,-0.31093,-0.32796,-0.34502,-0.36211,-0.37927,-0.39651,-0.41389,-0.43143,-0.44919,-0.46722,-0.48557,-0.5043,-0.52349,-0.54319,-0.56348,-0.58441,-0.60605,-0.62846,-0.65168,-0.67573,-0.70062,-0.72631,-0.75274,-0.77976,-0.80719,-0.83475,-0.86206,-0.88865,-0.91395,-0.93729,-0.95796,-0.9752,-0.98832,-0.99671,-0.99997,-0.99788,-0.99051,-0.97815,-0.96129,-0.94056,-0.91666,-0.8903,-0.86214,-0.83279,-0.80272,-0.77235,-0.74196,-0.71177,-0.68192,-0.65249,-0.62351,-0.59497,-0.56684,-0.53907,-0.51158,-0.48429,-0.45713,-0.43,-0.4028,-0.37545,-0.34785,-0.31991,-0.29154,-0.26263,-0.23311,-0.20287,-0.17182,-0.13988,-0.10693,-0.072901,-0.037704,0
0,-0.014669,-0.029288,-0.044225,-0.059445,-0.074913,-0.090596,-0.10646,-0.12247,-0.13861,-0.15483,-0.17112,-0.18745,-0.20379,-0.22013,-0.23647,-0.25277,-0.26904,-0.28528,-0.30149,-0.31768,-0.33386,-0.35005,-0.36629,-0.38259,-0.39901,-0.41559,-0.43238,-0.44943,-0.46681,-0.4846,-0.50285,-0.52165,-0.54109,-0.56123,-0.58216,-0.60395,-0.62668,-0.6504,-0.67514,-0.7009,-0.72765,-0.7553,-0.78369,-0.81258,-0.84159,-0.87027,-0.898,-0.92404,-0.94758,-0.96772,-0.98358,-0.99439,-0.99958,-0.99884,-0.99217,-0.97991,-0.96261,-0.94104,-0.91602,-0.88842,-0.85901,-0.82846,-0.79735,-0.76609,-0.735,-0.70429,-0.6741,-0.64449,-0.61547,-0.58701,-0.55906,-0.53154,-0.50437,-0.47746,-0.4507,-0.424,-0.39725,-0.37035,-0.3432,-0.31571,-0.28778,-0.25931,-0.23022,-0.2004,-0.16977,-0.13823,-0.1057,-0.072097,-0.037333,0
0,-0.01447,-0.028897,-0.043627,-0.05862,-0.073836,-0.089234,-0.10478,-0.12043,-0.13616,-0.15194,-0.16773,-0.18352,-0.19928,-0.215,-0.23065,-0.24623,-0.26174,-0.27717,-0.29254,-0.30784,-0.3231,-0.33834,-0.3536,-0.3689,-0.38428,-0.39981,-0.41552,-0.4315,-0.4478,-0.4645,-0.48168,-0.49943,-0.51785,-0.53702,-0.55704,-0.57801,-0.60003,-0.62318,-0.64753,-0.67312,-0.69997,-0.72803,-0.7572,-0.78727,-0.81792,-0.8487,-0.87898,-0.90797,-0.93473,-0.95821,-0.97732,-0.99105,-0.99862,-0.99956,-0.9938,-0.98167,-0.96386,-0.94128,-0.91494,-0.88588,-0.85501,-0.82312,-0.79083,-0.75862,-0.7268,-0.6956,-0.66511,-0.63537,-0.60638,-0.57809,-0.5504,-0.52323,-0.49648,-0.47002,-0.44375,-0.41755,-0.39131,-0.36493,-0.33829,-0.3113,-0.28385,-0.25586,-0.22723,-0.19786,-0.16767,-0.13656,-0.10446,-0.071283,-0.036959,0
0,-0.014351,-0.028658,-0.043252,-0.058085,-0.073108,-0.088277,-0.10355,-0.11889,-0.13425,-0.14961,-0.16494,-0.18021,-0.19539,-0.21048,-0.22545,-0.2403,-0.25503,-0.26963,-0.28411,-0.29849,-0.31279,-0.32702,-0.34123,-0.35545,-0.36972,-0.3841,-0.39865,-0.41344,-0.42853,-0.44401,-0.45997,-0.47651,-0.49373,-0.51173,-0.53063,-0.55055,-0.57162,-0.59393,-0.61761,-0.64274,-0.66939,-0.69758,-0.72726,-0.7583,-0.79044,-0.82327,-0.85618,-0.88834,-0.91872,-0.94606,-0.96904,-0.98635,-0.99689,-0.99996,-0.99537,-0.98345,-0.96502,-0.94121,-0.91327,-0.88246,-0.84989,-0.81646,-0.78288,-0.74965,-0.7171,-0.68542,-0.65469,-0.62492,-0.59607,-0.56804,-0.54074,-0.51403,-0.48779,-0.46189,-0.4362,-0.4106,-0.38496,-0.35916,-0.33309,-0.30666,-0.27975,-0.25228,-0.22414,-0.19525,-0.16551,-0.13486,-0.1032,-0.070462,-0.036583,0
0,-0.014321,-0.028589,-0.043124,-0.057867,-0.072764,-0.087764,-0.10282,-0.11789,-0.13293,-0.1479,-0.16279,-0.17755,-0.19217,-0.20663,-0.22092,-0.23503,-0.24895,-0.26269,-0.27626,-0.28968,-0.30296,-0.31613,-0.32922,-0.34228,-0.35536,-0.3685,-0.38178,-0.39525,-0.40901,-0.42313,-0.43771,-0.45286,-0.46868,-0.4853,-0.50285,-0.52147,-0.54129,-0.56247,-0.58515,-0.60948,-0.63557,-0.66351,-0.69335,-0.72504,-0.75841,-0.79314,-0.82867,-0.86419,-0.89856,-0.93038,-0.958,-0.97973,-0.99405,-0.99989,-0.99684,-0.98523,-0.96605,-0.9407,-0.9108,-0.87789,-0.8433,-0.80812,-0.77311,-0.73881,-0.70553,-0.67343,-0.64256,-0.61288,-0.58429,-0.55667,-0.52989,-0.50378,-0.4782,-0.45298,-0.42799,-0.40308,-0.37813,-0.35301,-0.32759,-0.30178,-0.27546,-0.24855,-0.22094,-0.19256,-0.16331,-0.13313,-0.10192,-0.069634,-0.036205,0
0,-0.014389,-0.028708,-0.043267,-0.058,-0.072844,-0.08774,-0.10264,-0.11748,-0.13224,-0.14687,-0.16133,-0.17561,-0.18968,-0.20351,-0.21711,-0.23046,-0.24356,-0.25642,-0.26904,-0.28144,-0.29365,-0.30569,-0.3176,-0.32943,-0.34121,-0.35301,-0.3649,-0.37694,-0.38922,-0.40183,-0.41486,-0.42843,-0.44265,-0.45766,-0.4736,-0.49062,-0.5089,-0.52859,-0.5499,-0.57301,-0.5981,-0.62535,-0.65487,-0.68675,-0.72095,-0.75726,-0.79526,-0.8342,-0.87294,-0.90989,-0.94311,-0.97038,-0.98959,-0.99911,-0.99817,-0.98703,-0.96689,-0.9396,-0.90723,-0.87173,-0.83475,-0.79754,-0.76097,-0.72556,-0.6916,-0.6592,-0.62833,-0.5989,-0.57076,-0.54375,-0.51766,-0.49232,-0.46755,-0.44317,-0.41902,-0.39494,-0.37078,-0.34643,-0.32175,-0.29663,-0.27097,-0.24467,-0.21764,-0.1898,-0.16107,-0.13137,-0.10063,-0.068801,-0.035828,0
0,-0.014567,-0.029034,-0.043711,-0.05852,-0.073389,-0.088252,-0.10305,-0.11773,-0.13225,-0.14656,-0.16064,-0.17445,-0.18797,-0.20119,-0.21408,-0.22666,-0.23891,-0.25084,-0.26247,-0.27382,-0.28489,-0.29574,-0.30639,-0.31689,-0.32728,-0.33764,-0.34801,-0.35849,-0.36914,-0.38006,-0.39136,-0.40315,-0.41554,-0.42869,-0.44274,-0.45786,-0.47423,-0.49206,-0.51156,-0.53297,-0.55653,-0.58249,-0.6111,-0.64255,-0.67696,-0.71432,-0.7544,-0.79663,-0.83995,-0.88272,-0.92265,-0.95695,-0.98264,-0.99722,-0.99926,-0.98885,-0.96748,-0.93763,-0.90207,-0.86334,-0.82349,-0.78397,-0.74571,-0.70921,-0.67469,-0.64216,-0.61152,-0.58258,-0.55514,-0.52895,-0.5038,-0.47945,-0.45569,-0.43233,-0.40917,-0.38606,-0.36285,-0.33938,-0.31553,-0.2912,-0.26626,-0.24064,-0.21424,-0.18697,-0.15878,-0.12958,-0.099331,-0.067967,-0.035453,0
0,-0.014867,-0.02959,-0.044487,-0.059466,-0.074446,-0.089353,-0.10412,-0.11869,-0.13302,-0.14706,-0.16077,-0.17413,-0.18711,-0.1997,-0.21189,-0.22367,-0.23505,-0.24602,-0.25661,-0.26684,-0.27672,-0.2863,-0.2956,-0.30468,-0.31358,-0.32236,-0.3311,-0.33985,-0.34872,-0.35778,-0.36714,-0.37692,-0.38725,-0.39825,-0.4101,-0.42297,-0.43705,-0.45256,-0.46976,-0.48891,-0.51031,-0.53429,-0.56119,-0.59136,-0.62511,-0.66267,-0.70408,-0.74909,-0.79691,-0.84603,-0.89396,-0.93722,-0.97171,-0.99347,-0.99993,-0.99069,-0.96768,-0.93435,-0.89456,-0.85173,-0.80841,-0.76627,-0.72626,-0.68878,-0.65393,-0.62157,-0.59148,-0.56338,-0.53696,-0.51192,-0.48799,-0.4649,-0.4424,-0.42028,-0.39833,-0.37637,-0.35424,-0.33179,-0.3089,-0.28544,-0.26132,-0.23644,-0.21071,-0.18407,-0.15645,-0.12778,-0.098027,-0.067136,-0.035082,0
0,-0.015302,-0.030403,-0.045631,-0.060883,-0.076067,-0.0911,-0.10591,-0.12043,-0.13462,-0.14841,-0.16179,-0.17472,-0.18717,-0.19913,-0.21059,-0.22156,-0.23202,-0.24199,-0.25149,-0.26054,-0.26915,-0.27737,-0.28523,-0.29278,-0.30007,-0.30715,-0.3141,-0.32097,-0.32787,-0.33487,-0.34208,-0.34961,-0.35759,-0.36615,-0.37546,-0.38569,-0.39704,-0.40975,-0.42408,-0.44032,-0.45882,-0.47996,-0.50419,-0.53198,-0.56385,-0.6003,-0.64175,-0.68841,-0.74004,-0.79556,-0.85265,-0.90732,-0.95398,-0.98643,-0.99979,-0.99258,-0.96726,-0.92897,-0.88339,-0.83524,-0.78775,-0.74274,-0.70105,-0.6629,-0.62813,-0.59642,-0.56738,-0.54059,-0.51564,-0.49218,-0.46985,-0.44836,-0.42743,-0.40682,-0.38632,-0.36572,-0.34487,-0.3236,-0.3018,-0.27934,-0.25612,-0.23206,-0.20708,-0.1811,-0.15409,-0.12597,-0.096724,-0.066312,-0.034718,0
0,-0.015889,-0.031498,-0.04718,-0.062817,-0.078306,-0.093553,-0.10848,-0.12302,-0.13711,-0.1507,-0.16377,-0.17628,-0.1882,-0.19953,-0.21025,-0.22036,-0.22987,-0.23879,-0.24714,-0.25493,-0.26219,-0.26896,-0.27527,-0.28117,-0.28671,-0.29194,-0.29693,-0.30175,-0.30647,-0.31119,-0.316,-0.32101,-0.32634,-0.33212,-0.33851,-0.34568,-0.35383,-0.36318,-0.374,-0.3866,-0.40134,-0.41864,-0.43901,-0.46303,-0.49139,-0.52487,-0.56431,-0.6105,-0.66404,-0.72484,-0.79146,-0.86012,-0.92385,-0.97293,-0.99795,-0.99454,-0.96578,-0.91997,-0.86612,-0.81101,-0.7586,-0.71069,-0.66775,-0.62958,-0.59566,-0.56537,-0.53811,-0.51331,-0.49046,-0.46912,-0.44889,-0.42944,-0.41047,-0.39171,-0.37294,-0.35397,-0.33461,-0.31473,-0.29417,-0.27285,-0.25065,-0.22749,-0.20332,-0.17807,-0.15169,-0.12415,-0.095429,-0.0655,-0.034365,0
0,-0.016643,-0.032906,-0.049176,-0.06532,-0.081221,-0.096776,-0.1119,-0.12652,-0.14057,-0.154,-0.16678,-0.17888,-0.19027,-0.20094,-0.2109,-0.22012,-0.22863,-0.23644,-0.24355,-0.25001,-0.25582,-0.26102,-0.26566,-0.26977,-0.27341,-0.27662,-0.27947,-0.28202,-0.28435,-0.28654,-0.28867,-0.29086,-0.2932,-0.29583,-0.29888,-0.30251,-0.30692,-0.3123,-0.31892,-0.32705,-0.33706,-0.34936,-0.36448,-0.38305,-0.40585,-0.43385,-0.46825,-0.51046,-0.56205,-0.62451,-0.69847,-0.78222,-0.86911,-0.94523,-0.99198,-0.99662,-0.96223,-0.90405,-0.83787,-0.77371,-0.71599,-0.66582,-0.6228,-0.58594,-0.55419,-0.52655,-0.50218,-0.48035,-0.46045,-0.44197,-0.42449,-0.40764,-0.3911,-0.37462,-0.35796,-0.34092,-0.32333,-0.30505,-0.28594,-0.2659,-0.24485,-0.22272,-0.19944,-0.17497,-0.14928,-0.12234,-0.094152,-0.064709,-0.034026,0
0,-0.017583,-0.034659,-0.051663,-0.068446,-0.084875,-0.10084,-0.11624,-0.131,-0.14507,-0.15837,-0.17089,-0.18258,-0.19343,-0.20344,-0.21258,-0.22088,-0.22832,-0.23494,-0.24074,-0.24575,-0.25,-0.25351,-0.25633,-0.25849,-0.26004,-0.26104,-0.26153,-0.26157,-0.26124,-0.26061,-0.25976,-0.25877,-0.25775,-0.2568,-0.25604,-0.25562,-0.2557,-0.25645,-0.25809,-0.26086,-0.26509,-0.27113,-0.27946,-0.29066,-0.30549,-0.32493,-0.35031,-0.38337,-0.42647,-0.48268,-0.5557,-0.64887,-0.76165,-0.88118,-0.97347,-0.99877,-0.95379,-0.87275,-0.78764,-0.71274,-0.65098,-0.60106,-0.5607,-0.52775,-0.50046,-0.47744,-0.45761,-0.44014,-0.42437,-0.40975,-0.39586,-0.38232,-0.36884,-0.35516,-0.34105,-0.32633,-0.31084,-0.29443,-0.277,-0.25846,-0.23871,-0.21771,-0.19542,-0.1718,-0.14684,-0.12054,-0.092903,-0.063947,-0.033707,0
0,-0.018729,-0.036792,-0.054688,-0.07225,-0.089331,-0.10581,-0.12158,-0.13655,-0.15068,-0.16389,-0.17615,-0.18744,-0.19774,-0.20704,-0.21533,-0.22263,-0.22894,-0.23427,-0.23865,-0.2421,-0.24464,-0.24631,-0.24713,-0.24715,-0.24641,-0.24495,-0.24283,-0.24009,-0.23679,-0.23301,-0.2288,-0.22424,-0.21942,-0.21442,-0.20934,-0.2043,-0.19941,-0.19481,-0.19067,-0.18717,-0.18454,-0.18304,-0.18302,-0.18491,-0.18927,-0.19687,-0.20876,-0.22645,-0.25218,-0.28935,-0.34336,-0.42276,-0.54029,-0.70793,-0.90158,-0.99991,-0.92928,-0.79881,-0.68732,-0.60571,-0.54723,-0.50472,-0.47308,-0.44891,-0.42994,-0.4146,-0.40177,-0.39064,-0.38061,-0.37118,-0.36198,-0.35269,-0.34305,-0.33283,-0.32183,-0.30991,-0.29691,-0.28272,-0.26725,-0.25041,-0.23216,-0.21245,-0.19126,-0.16858,-0.14441,-0.11877,-0.091695,-0.063224,-0.033415,0
0,-0.020103,-0.03934,-0.0583,-0.076792,-0.094655,-0.11175,-0.12798,-0.14323,-0.15746,-0.1706,-0.18263,-0.1935,-0.20322,-0.21177,-0.21915,-0.22537,-0.23045,-0.23439,-0.23722,-0.23895,-0.23962,-0.23925,-0.23787,-0.23552,-0.23222,-0.22803,-0.22298,-0.21712,-0.2105,-0.20316,-0.19518,-0.18659,-0.17748,-0.1679,-0.15793,-0.14764,-0.13713,-0.12646,-0.11575,-0.10509,-0.094615,-0.084448,-0.074756,-0.065731,-0.057621,-0.050748,-0.04555,-0.04266,-0.043034,-0.048213,-0.060879,-0.086155,-0.13515,-0.23642,-0.47886,-0.963,-0.79412,-0.56358,-0.4591,-0.40621,-0.37658,-0.35893,-0.34803,-0.34113,-0.33664,-0.33357,-0.33126,-0.32922,-0.32711,-0.32464,-0.32158,-0.31773,-0.31291,-0.30698,-0.2998,-0.29125,-0.28124,-0.26968,-0.25651,-0.24167,-0.22514,-0.2069,-0.18694,-0.16529,-0.14198,-0.11704,-0.090544,-0.062554,-0.033157,0
0,-0.021726,-0.042342,-0.062548,-0.08213,-0.10091,-0.11874,-0.1355,-0.15111,-0.16548,-0.17857,-0.19035,-0.20079,-0.20988,-0.21762,-0.224,-0.22905,-0.23277,-0.23518,-0.23629,-0.23613,-0.23472,-0.23208,-0.22823,-0.22322,-0.21706,-0.20979,-0.20145,-0.19206,-0.18167,-0.17032,-0.15805,-0.14491,-0.13095,-0.1162,-0.10073,-0.084573,-0.067774,-0.050376,-0.032413,-0.013916,0.0050999,0.02463,0.04469,0.065322,0.086605,0.10867,0.13173,0.15613,0.18239,0.21139,0.24467,0.28502,0.3382,0.41772,0.56236,0.88262,0.71139,0.21932,0.038052,-0.050933,-0.10544,-0.14347,-0.17219,-0.19499,-0.21362,-0.22909,-0.24199,-0.25266,-0.26132,-0.26809,-0.27301,-0.27612,-0.27739,-0.27679,-0.2743,-0.26987,-0.26346,-0.25504,-0.24459,-0.23209,-0.21756,-0.201,-0.18244,-0.16195,-0.13956,-0.11537,-0.089468,-0.061953,-0.032944,0
0,-0.023622,-0.045837,-0.067482,-0.088323,-0.10816,-0.12684,-0.14422,-0.16023,-0.17478,-0.18783,-0.19934,-0.2093,-0.2177,-0.22454,-0.22982,-0.23356,-0.23577,-0.23646,-0.23566,-0.23337,-0.22961,-0.22441,-0.21778,-0.20975,-0.20033,-0.18956,-0.17745,-0.16404,-0.14935,-0.13343,-0.1163,-0.097996,-0.078564,-0.058035,-0.036444,-0.013823,0.0098042,0.034423,0.060033,0.086649,0.11431,0.14309,0.17309,0.2045,0.23753,0.27255,0.31003,0.35065,0.39537,0.44556,0.50319,0.57104,0.65286,0.75246,0.86854,0.97451,0.98596,0.83236,0.60209,0.40108,0.25103,0.14103,0.058569,-0.0050835,-0.055518,-0.096303,-0.12975,-0.15739,-0.18025,-0.19905,-0.21426,-0.22622,-0.23516,-0.24122,-0.24452,-0.24512,-0.24307,-0.23843,-0.23122,-0.22149,-0.20929,-0.19468,-0.17773,-0.15853,-0.13717,-0.11378,-0.088491,-0.06144,-0.032788,0
0,-0.025816,-0.049863,-0.073154,-0.095426,-0.11646,-0.13609,-0.15418,-0.17063,-0.18537,-0.19836,-0.20957,-0.21899,-0.2266,-0.23243,-0.23646,-0.23872,-0.23922,-0.23797,-0.23498,-0.23027,-0.22384,-0.2157,-0.20588,-0.19437,-0.1812,-0.16638,-0.14993,-0.13188,-0.11226,-0.091094,-0.068426,-0.044294,-0.018745,0.0081714,0.036409,0.065921,0.096665,0.12861,0.16173,0.19602,0.23151,0.26822,0.30624,0.34569,0.38674,0.42962,0.47462,0.52212,0.57256,0.62643,0.68418,0.74601,0.8114,0.87814,0.94051,0.9868,0.99855,0.95712,0.85881,0.72239,0.57564,0.43851,0.31931,0.21899,0.13547,0.066025,0.008117,-0.040317,-0.080881,-0.11479,-0.14294,-0.16603,-0.18456,-0.19891,-0.20937,-0.21616,-0.21944,-0.21937,-0.21605,-0.20962,-0.20018,-0.18785,-0.17276,-0.15503,-0.13482,-0.1123,-0.087639,-0.061038,-0.032704,0
0,-0.028334,-0.054461,-0.079612,-0.10349,-0.12587,-0.14655,-0.16541,-0.18233,-0.19726,-0.21016,-0.22099,-0.22976,-0.23647,-0.24111,-0.24371,-0.24426,-0.24279,-0.23929,-0.23378,-0.22625,-0.21671,-0.20515,-0.19159,-0.17602,-0.15846,-0.13891,-0.1174,-0.093965,-0.068634,-0.041463,-0.012516,0.018129,0.050384,0.084149,0.11932,0.15578,0.19341,0.23211,0.27176,0.31226,0.35353,0.39549,0.4381,0.48131,0.52512,0.56952,0.61452,0.66013,0.70628,0.75286,0.79956,0.8458,0.89052,0.9319,0.96703,0.9916,0.99992,0.98569,0.94399,0.87384,0.77975,0.67062,0.55643,0.44538,0.34259,0.25044,0.16948,0.099247,0.038832,-0.012765,-0.056499,-0.093201,-0.12356,-0.14817,-0.16749,-0.1819,-0.19171,-0.19721,-0.19862,-0.19615,-0.19001,-0.18038,-0.16745,-0.15143,-0.13252,-0.11094,-0.086944,-0.060778,-0.032711,0
0,-0.031204,-0.059673,-0.086903,-0.11257,-0.13642,-0.15824,-0.17791,-0.19531,-0.21039,-0.22312,-0.23347,-0.24145,-0.24706,-0.25031,-0.2512,-0.24975,-0.24595,-0.23981,-0.23131,-0.22046,-0.20722,-0.19161,-0.17361,-0.15321,-0.13043,-0.10528,-0.077812,-0.048074,-0.016149,0.017853,0.053798,0.09152,0.13083,0.17153,0.21339,0.25616,0.29961,0.34348,0.38756,0.43161,0.47544,0.51887,0.56175,0.60396,0.64538,0.68592,0.72549,0.76398,0.80128,0.83718,0.87141,0.90355,0.93299,0.95883,0.97981,0.99426,0.99999,0.99443,0.97486,0.93894,0.88545,0.81499,0.73027,0.63577,0.53676,0.43821,0.34403,0.25683,0.17805,0.10818,0.047189,-0.0053034,-0.049812,-0.086892,-0.11708,-0.14089,-0.15876,-0.1711,-0.17828,-0.18064,-0.17847,-0.17207,-0.16171,-0.14768,-0.13026,-0.10974,-0.086445,-0.060694,-0.032834,0
0,-0.034455,-0.065538,-0.095073,-0.1227,-0.14813,-0.17117,-0.19166,-0.20951,-0.22466,-0.2371,-0.2468,-0.25377,-0.25803,-0.25958,-0.25842,-0.25454,-0.24795,-0.23862,-0.22652,-0.21164,-0.19394,-0.1734,-0.15001,-0.12377,-0.094704,-0.062865,-0.028343,0.0087278,0.048167,0.089743,0.13318,0.17815,0.22431,0.27127,0.31863,0.366,0.41301,0.45931,0.50458,0.54858,0.59109,0.63196,0.67107,0.70836,0.74379,0.77735,0.80903,0.83883,0.86673,0.89268,0.91659,0.9383,0.95755,0.97396,0.98702,0.99598,0.99992,0.99761,0.98762,0.96834,0.93816,0.89571,0.8403,0.77224,0.69312,0.60574,0.51372,0.42091,0.33078,0.24607,0.16863,0.099501,0.039077,-0.012647,-0.055955,-0.091264,-0.11907,-0.13987,-0.15418,-0.16245,-0.16514,-0.16265,-0.15539,-0.14373,-0.12805,-0.10873,-0.086188,-0.060833,-0.033102,0
0,-0.038122,-0.072104,-0.10417,-0.13391,-0.16103,-0.18531,-0.20659,-0.2248,-0.23989,-0.25183,-0.26064,-0.26631,-0.26886,-0.26828,-0.26457,-0.25771,-0.24766,-0.23438,-0.21783,-0.19795,-0.17471,-0.14807,-0.11802,-0.08461,-0.047907,-0.0080559,0.034725,0.080139,0.12781,0.17729,0.22807,0.2796,0.33128,0.38257,0.43292,0.48186,0.52898,0.57399,0.61665,0.65683,0.69447,0.72956,0.76217,0.79237,0.82027,0.846,0.86967,0.89139,0.91124,0.92929,0.94555,0.96001,0.9726,0.98316,0.99147,0.99719,0.99987,0.9989,0.99348,0.98263,0.96521,0.9399,0.90538,0.86047,0.80444,0.7373,0.66011,0.57503,0.48513,0.39397,0.30503,0.22125,0.1448,0.077,0.018475,-0.030661,-0.070651,-0.10194,-0.1251,-0.14072,-0.14942,-0.15175,-0.14826,-0.13946,-0.12586,-0.10794,-0.086229,-0.06125,-0.033555,0
0,-0.042247,-0.079422,-0.11423,-0.14624,-0.1751,-0.2006,-0.22259,-0.24099,-0.25578,-0.26695,-0.27449,-0.27843,-0.27876,-0.27545,-0.26849,-0.25783,-0.24338,-0.22509,-0.20286,-0.17663,-0.14634,-0.11198,-0.073603,-0.031325,0.014617,0.063874,0.11597,0.17031,0.22619,0.28285,0.33947,0.39527,0.44952,0.50161,0.55104,0.59747,0.64068,0.6806,0.71726,0.75075,0.78123,0.80891,0.83399,0.8567,0.87725,0.89583,0.91261,0.92775,0.94138,0.9536,0.96445,0.97399,0.9822,0.98903,0.99437,0.99807,0.99987,0.99946,0.99637,0.99004,0.97972,0.96449,0.94326,0.91477,0.87769,0.8308,0.77321,0.70477,0.62632,0.53993,0.44873,0.35652,0.2671,0.18375,0.10882,0.043739,-0.010914,-0.05515,-0.089369,-0.11422,-0.13044,-0.13878,-0.13998,-0.13471,-0.12364,-0.10739,-0.08663,-0.062016,-0.034246,0
0,-0.046886,-0.087557,-0.12532,-0.15969,-0.19029,-0.21692,-0.23943,-0.25776,-0.27189,-0.28184,-0.2876,-0.28917,-0.28653,-0.27964,-0.26842,-0.25276,-0.23255,-0.20768,-0.17801,-0.14347,-0.10404,-0.059802,-0.010953,0.04212,0.098851,0.15848,0.22008,0.28259,0.34492,0.40597,0.46478,0.52055,0.57269,0.62084,0.66485,0.70472,0.7406,0.77274,0.80142,0.82696,0.84969,0.86991,0.88791,0.90395,0.91826,0.93103,0.94245,0.95264,0.96174,0.96982,0.97695,0.98317,0.98848,0.99289,0.99632,0.9987,0.9999,0.99971,0.99789,0.99409,0.98784,0.97857,0.96551,0.94772,0.92404,0.89311,0.85347,0.80373,0.74283,0.67053,0.58778,0.49701,0.40198,0.30717,0.21696,0.13489,0.063306,0.0033801,-0.044648,-0.081167,-0.10695,-0.12292,-0.13004,-0.12921,-0.12129,-0.1071,-0.087468,-0.063223,-0.035244,0
0,-0.052117,-0.096594,-0.13749,-0.17426,-0.20653,-0.23407,-0.25678,-0.2746,-0.28755,-0.29562,-0.29881,-0.29709,-0.29039,-0.2786,-0.26159,-0.23916,-0.21114,-0.17734,-0.13764,-0.09203,-0.040639,0.016165,0.077746,0.14316,0.21121,0.28047,0.34941,0.41657,0.48063,0.54057,0.59572,0.64573,0.69053,0.7303,0.76535,0.7961,0.823,0.8465,0.86703,0.88499,0.90072,0.91454,0.9267,0.93743,0.94694,0.95536,0.96285,0.96951,0.97542,0.98065,0.98524,0.98924,0.99265,0.99546,0.99764,0.99916,0.99993,0.99983,0.99872,0.99639,0.99256,0.98686,0.97881,0.96777,0.95292,0.93321,0.90732,0.87369,0.83059,0.77634,0.70972,0.63059,0.54045,0.44272,0.34238,0.24499,0.15547,0.0773,0.012312,-0.039,-0.077078,-0.1029,-0.11764,-0.12251,-0.11863,-0.10705,-0.088822,-0.064985,-0.036642,0
0,-0.058052,-0.10666,-0.15082,-0.18995,-0.22366,-0.25174,-0.27412,-0.29077,-0.3017,-0.3069,-0.30634,-0.29991,-0.28746,-0.26877,-0.24358,-0.21161,-0.1726,-0.12636,-0.072917,-0.01254,0.054102,0.1259,0.20128,0.27835,0.355,0.42919,0.49917,0.56365,0.62188,0.67357,0.71887,0.75817,0.79204,0.82111,0.84602,0.86735,0.88565,0.90138,0.91494,0.92668,0.93688,0.94578,0.95357,0.96043,0.96648,0.97183,0.97658,0.9808,0.98453,0.98784,0.99074,0.99326,0.9954,0.99717,0.99854,0.99948,0.99996,0.99989,0.9992,0.99775,0.99538,0.99186,0.98689,0.98009,0.9709,0.95861,0.94228,0.92067,0.89218,0.85489,0.80665,0.74541,0.66988,0.58043,0.47989,0.37359,0.26836,0.17082,0.085815,0.015977,-0.038012,-0.076752,-0.10154,-0.1139,-0.11531,-0.10717,-0.090776,-0.067449,-0.03857,0
0,-0.064864,-0.11791,-0.1654,-0.20669,-0.24141,-0.2694,-0.29062,-0.30505,-0.31269,-0.31349,-0.30731,-0.29392,-0.273,-0.24415,-0.20695,-0.16101,-0.10613,-0.042413,0.029526,0.10841,0.19225,0.27844,0.36405,0.44626,0.52271,0.59181,0.65279,0.70559,0.75067,0.78878,0.82083,0.84769,0.87021,0.8891,0.90501,0.91844,0.92985,0.93958,0.94793,0.95513,0.96137,0.96681,0.97157,0.97576,0.97946,0.98274,0.98565,0.98823,0.99053,0.99256,0.99435,0.99589,0.99721,0.99829,0.99913,0.9997,0.99998,0.99992,0.99948,0.99858,0.99711,0.99494,0.99189,0.98772,0.98211,0.97459,0.96457,0.95119,0.9333,0.90936,0.87732,0.83469,0.77868,0.70684,0.6182,0.51462,0.40164,0.28757,0.18112,0.088928,0.01449,-0.04141,-0.079708,-0.10217,-0.11075,-0.10726,-0.093395,-0.070803,-0.041211,0
0,-0.072818,-0.1306,-0.18132,-0.22432,-0.25931,-0.28616,-0.30487,-0.31544,-0.31776,-0.31166,-0.29678,-0.27265,-0.23865,-0.19414,-0.13861,-0.071847,0.0056897,0.092595,0.18632,0.2833,0.37936,0.47053,0.55368,0.62695,0.68975,0.74249,0.78616,0.82201,0.85133,0.87529,0.89492,0.91105,0.92437,0.93544,0.94469,0.95248,0.95907,0.96469,0.96951,0.97367,0.97729,0.98045,0.98323,0.98568,0.98785,0.98978,0.9915,0.99303,0.9944,0.9956,0.99667,0.99759,0.99837,0.99901,0.99951,0.99984,0.99999,0.99994,0.99966,0.99909,0.99819,0.99686,0.99501,0.9925,0.98912,0.98462,0.97861,0.9706,0.95982,0.94526,0.92542,0.89826,0.86103,0.81031,0.74247,0.65491,0.5481,0.42748,0.30314,0.18657,0.086708,0.008016,-0.048811,-0.085292,-0.10384,-0.10689,-0.096679,-0.075275,-0.04483,0
0,-0.08232,-0.14503,-0.19861,-0.24248,-0.27643,-0.30042,-0.31445,-0.3184,-0.31197,-0.29464,-0.26563,-0.22402,-0.16884,-0.099424,-0.015883,0.080316,0.1859,0.2958,0.40399,0.50483,0.59426,0.6704,0.73326,0.78409,0.82468,0.85691,0.88249,0.90284,0.91912,0.93222,0.94284,0.95151,0.95866,0.96459,0.96956,0.97374,0.9773,0.98034,0.98297,0.98524,0.98723,0.98898,0.99052,0.99189,0.99311,0.9942,0.99517,0.99604,0.99682,0.99751,0.99812,0.99865,0.9991,0.99946,0.99974,0.99992,1,0.99995,0.99977,0.99942,0.99887,0.99808,0.99698,0.99549,0.9935,0.99087,0.98738,0.98273,0.9765,0.96805,0.95647,0.94041,0.91788,0.886,0.84084,0.77759,0.69171,0.58165,0.45226,0.31575,0.18741,0.079251,-0.0032077,-0.059673,-0.09259,-0.10518,-0.10047,-0.081124,-0.049811,0
0,-0.093981,-0.1616,-0.21716,-0.2603,-0.29097,-0.30918,-0.31475,-0.30722,-0.28573,-0.24905,-0.19568,-0.12423,-0.034173,0.073087,0.19324,0.31888,0.441,0.55156,0.64572,0.7222,0.78237,0.82884,0.86444,0.89169,0.91263,0.92884,0.9415,0.95148,0.95943,0.96582,0.97101,0.97526,0.97878,0.98172,0.98419,0.98629,0.98809,0.98964,0.99098,0.99216,0.99319,0.9941,0.99492,0.99564,0.99629,0.99687,0.9974,0.99787,0.99829,0.99867,0.999,0.99929,0.99953,0.99973,0.99987,0.99997,1,0.99996,0.99985,0.99964,0.99931,0.99885,0.99821,0.99736,0.99623,0.99474,0.99279,0.9902,0.98674,0.98207,0.97569,0.96681,0.95425,0.93615,0.90966,0.87051,0.8128,0.72977,0.61692,0.47756,0.32635,0.18398,0.066705,-0.018823,-0.073224,-0.10028,-0.10419,-0.088573,-0.056712,0
0,-0.10869,-0.1806,-0.23628,-0.27577,-0.29916,-0.30624,-0.29624,-0.26769,-0.21847,-0.14619,-0.049199,0.071501,0.21006,0.3551,0.49271,0.61175,0.70732,0.78021,0.83422,0.87374,0.90265,0.92394,0.93977,0.95169,0.96079,0.96781,0.97331,0.97767,0.98117,0.984,0.98632,0.98823,0.98983,0.99118,0.99232,0.9933,0.99415,0.99488,0.99553,0.99609,0.9966,0.99704,0.99744,0.99781,0.99813,0.99842,0.99869,0.99893,0.99914,0.99934,0.99951,0.99965,0.99978,0.99987,0.99995,0.99999,1,0.99997,0.9999,0.99978,0.99959,0.99933,0.99898,0.99851,0.9979,0.9971,0.99606,0.99468,0.99287,0.99043,0.98713,0.98255,0.97607,0.96671,0.95285,0.93181,0.89925,0.84844,0.77022,0.65596,0.50568,0.33645,0.17683,0.04932,-0.038293,-0.088309,-0.10633,-0.097596,-0.066298,0
0,-0.12756,-0.20184,-0.2538,-0.28405,-0.2924,-0.27753,-0.23677,-0.16635,-0.062668,0.074391,0.23671,0.40587,0.55974,0.68376,0.7754,0.83984,0.88427,0.91489,0.93622,0.9513,0.96216,0.97012,0.97605,0.98055,0.98402,0.98672,0.98887,0.99058,0.99198,0.99312,0.99406,0.99485,0.99552,0.99608,0.99657,0.99699,0.99735,0.99767,0.99796,0.99821,0.99843,0.99864,0.99882,0.99898,0.99913,0.99927,0.99939,0.99951,0.99961,0.9997,0.99978,0.99985,0.9999,0.99995,0.99998,1,1,0.99998,0.99994,0.99987,0.99977,0.99963,0.99945,0.99921,0.9989,0.9985,0.99798,0.9973,0.99641,0.99523,0.99364,0.99146,0.98841,0.98402,0.97752,0.9676,0.95196,0.92655,0.88429,0.81389,0.70135,0.5402,0.34863,0.16696,0.027543,-0.060752,-0.10307,-0.1073,-0.079432,0
0,-0.15148,-0.22318,-0.26338,-0.27265,-0.24865,-0.18617,-0.078404,0.077765,0.27127,0.47061,0.63976,0.76241,0.84338,0.89489,0.92761,0.94874,0.96273,0.97222,0.97884,0.98356,0.98701,0.98957,0.99151,0.993,0.99417,0.9951,0.99584,0.99644,0.99694,0.99735,0.99769,0.99798,0.99823,0.99844,0.99863,0.99879,0.99893,0.99906,0.99917,0.99927,0.99936,0.99944,0.99951,0.99958,0.99964,0.9997,0.99975,0.9998,0.99984,0.99988,0.99991,0.99994,0.99997,0.99998,0.99999,1,1,0.99999,0.99996,0.99993,0.99988,0.99982,0.99973,0.99962,0.99947,0.99929,0.99905,0.99875,0.99836,0.99784,0.99716,0.99622,0.99493,0.9931,0.9904,0.98633,0.97991,0.96939,0.95138,0.9193,0.86076,0.75591,0.58673,0.36766,0.15638,0.002288,-0.084628,-0.11417,-0.096426,0
0,-0.17898,-0.23596,-0.24561,-0.20431,-0.10118,0.074097,0.30872,0.54641,0.72719,0.83957,0.9036,0.93975,0.96072,0.97334,0.98126,0.98641,0.98988,0.99228,0.99399,0.99524,0.99617,0.99687,0.99741,0.99784,0.99818,0.99845,0.99867,0.99885,0.999,0.99913,0.99923,0.99933,0.9994,0.99947,0.99953,0.99958,0.99963,0.99967,0.99971,0.99975,0.99978,0.9998,0.99983,0.99985,0.99988,0.9999,0.99991,0.99993,0.99995,0.99996,0.99997,0.99998,0.99999,1,1,1,1,0.99999,0.99998,0.99997,0.99995,0.99992,0.99988,0.99984,0.99978,0.99971,0.99962,0.9995,0.99935,0.99916,0.9989,0.99856,0.99809,0.99744,0.99649,0.99508,0.99289,0.98932,0.98324,0.97226,0.95122,0.90873,0.82121,0.65376,0.40305,0.14961,-0.024189,-0.10665,-0.11451,0
0,-0.19735,-0.20672,-0.13004,0.054486,0.34163,0.62951,0.81458,0.90678,0.95024,0.97152,0.98263,0.98882,0.99246,0.99472,0.99617,0.99715,0.99782,0.9983,0.99865,0.99891,0.99911,0.99926,0.99938,0.99948,0.99955,0.99962,0.99967,0.99971,0.99975,0.99978,0.9998,0.99982,0.99984,0.99986,0.99988,0.99989,0.9999,0.99991,0.99992,0.99993,0.99994,0.99995,0.99995,0.99996,0.99997,0.99997,0.99998,0.99998,0.99999,0.99999,0.99999,1,1,1,1,1,1,1,0.99999,0.99999,0.99998,0.99997,0.99996,0.99995,0.99993,0.99991,0.99988,0.99984,0.9998,0.99974,0.99966,0.99957,0.99943,0.99925,0.99899,0.99861,0.99803,0.99711,0.99556,0.99281,0.98756,0.97674,0.95243,0.89352,0.7509,0.4753,0.15893,-0.04531,-0.11861,0
0,-0.13704,0.023921,0.36853,0.72059,0.89499,0.95789,0.98094,0.99035,0.99465,0.9968,0.99796,0.99864,0.99905,0.99932,0.99949,0.99961,0.9997,0.99976,0.99981,0.99984,0.99987,0.99989,0.99991,0.99992,0.99993,0.99994,0.99995,0.99995,0.99996,0.99996,0.99997,0.99997,0.99997,0.99998,0.99998,0.99998,0.99998,0.99999,0.99999,0.99999,0.99999,0.99999,0.99999,0.99999,0.99999,1,1,1,1,1,1,1,1,1,1,1,1,1,1,1,1,0.99999,0.99999,0.99999,0.99998,0.99998,0.99997,0.99997,0.99996,0.99995,0.99993,0.99992,0.99989,0.99986,0.99981,0.99975,0.99965,0.9995,0.99925,0.99882,0.99802,0.99641,0.99282,0.98383,0.95795,0.87424,0.62604,0.2248,-0.038859,0
0,0.45348,0.83973,0.96207,0.9894,0.99638,0.99853,0.99931,0.99964,0.9998,0.99987,0.99992,0.99994,0.99996,0.99997,0.99998,0.99998,0.99999,0.99999,0.99999,0.99999,0.99999,0.99999,1,1,1,1,1,1,1,1,1,1,1,1,1,1,1,1,1,1,1,1,1,1,1,1,1,1,1,1,1,1,1,1,1,1,1,1,1,1,1,1,1,1,1,1,1,1,1,1,1,0.99999,0.99999,0.99999,0.99999,0.99998,0.99998,0.99997,0.99996,0.99993,0.99989,0.99981,0.99963,0.9992,0.99794,0.9935,0.97389,0.87334,0.50275,0
1,1,1,1,1,1,1,1,1,1,1,1,1,1,1,1,1,1,1,1,1,1,1,1,1,1,1,1,1,1,1,1,1,1,1,1,1,1,1,1,1,1,1,1,1,1,1,1,1,1,1,1,1,1,1,1,1,1,1,1,1,1,1,1,1,1,1,1,1,1,1,1,1,1,1,1,1,1,1,1,1,1,1,1,1,1,1,1,1,1,1
