0,0,0,0,0,0,0,0,0,0,0,0,0,0,0,0,0,0,0,0,0,0,0,0,0,0,0,0,0,0,0,0,0,0,0,0,0,0,0,0,0,0,0,0,0,0,0,0,0,0,0,0,0,0,0,0,0,0,0,0,0,0,0,0,0,0,0,0,0,0,0,0,0,0,0,0,0,0,0,0,0,0,0,0,0,0,0,0,0,0,0
0,0.70794,0.90024,0.97184,0.99786,0.98365,0.3038,-0.84594,-0.94732,-0.97251,-0.98299,-0.98848,-0.99174,-0.99385,-0.99528,-0.9963,-0.99704,-0.9976,-0.99803,-0.99837,-0.99864,-0.99885,-0.99903,-0.99917,-0.99929,-0.9994,-0.99948,-0.99955,-0.99962,-0.99967,-0.99972,-0.99976,-0.9998,-0.99983,-0.99986,-0.99988,-0.9999,-0.99992,-0.99994,-0.99995,-0.99997,-0.99998,-0.99999,-0.99999,-1,-1,-1,-1,-0.99999,-0.99998,-0.99997,-0.99995,-0.99993,-0.99991,-0.99988,-0.99984,-0.9998,-0.99975,-0.99969,-0.99962,-0.99954,-0.99944,-0.99933,-0.99919,-0.99903,-0.99883,-0.9986,-0.99831,-0.99795,-0.9975,-0.99692,-0.99615,-0.99512,-0.99366,-0.99149,-0.98801,-0.98176,-0.96827,-0.92695,-0.64039,0.79508,0.97904,0.99751,0.99999,0.99784,0.99175,0.97875,0.95004,0.88137,0.7062,0
0,0.43825,0.70914,0.91951,0.92854,-0.36609,-0.75193,-0.86157,-0.91142,-0.93906,-0.95607,-0.96724,-0.97493,-0.98041,-0.98443,-0.98745,-0.98976,-0.99156,-0.99298,-0.99411,-0.99503,-0.99578,-0.99641,-0.99693,-0.99736,-0.99773,-0.99805,-0.99832,-0.99855,-0.99875,-0.99893,-0.99909,-0.99922,-0.99935,-0.99945,-0.99955,-0.99963,-0.99971,-0.99977,-0.99983,-0.99988,-0.99992,-0.99995,-0.99998,-0.99999,-1,-1,-0.99999,-0.99996,-0.99993,-0.99988,-0.99982,-0.99975,-0.99966,-0.99954,-0.99941,-0.99925,-0.99907,-0.99885,-0.99859,-0.99829,-0.99794,-0.99753,-0.99704,-0.99647,-0.99579,-0.99498,-0.994,-0.99282,-0.99136,-0.98954,-0.98724,-0.98427,-0.98031,-0.9749,-0.96714,-0.95536,-0.93592,-0.89943,-0.81505,-0.54119,0.35927,0.91248,0.99457,0.99716,0.97558,0.93129,0.85041,0.70743,0.47156,0
0,0.23982,0.4016,0.74446,-0.61774,-0.71812,-0.78963,-0.84165,-0.8795,-0.90716,-0.92756,-0.94277,-0.95425,-0.96303,-0.96982,-0.97515,-0.97937,-0.98274,-0.98548,-0.9877,-0.98954,-0.99106,-0.99234,-0.99341,-0.99432,-0.9951,-0.99577,-0.99634,-0.99684,-0.99728,-0.99767,-0.99801,-0.99831,-0.99857,-0.99881,-0.99902,-0.9992,-0.99937,-0.99951,-0.99963,-0.99974,-0.99983,-0.9999,-0.99995,-0.99998,-1,-0.99999,-0.99997,-0.99992,-0.99984,-0.99974,-0.99961,-0.99944,-0.99924,-0.999,-0.99871,-0.99837,-0.99797,-0.9975,-0.99696,-0.99632,-0.99559,-0.99473,-0.99373,-0.99256,-0.99118,-0.98957,-0.98765,-0.98536,-0.98261,-0.97927,-0.97517,-0.97007,-0.96361,-0.95529,-0.9443,-0.92933,-0.90813,-0.8764,-0.825,-0.73096,-0.52281,0.032073,0.82061,0.99983,0.95364,0.85215,0.71122,0.5301,0.31295,0
0,0.071072,-0.36478,-0.78527,-0.70922,-0.73524,-0.7757,-0.81473,-0.84846,-0.87636,-0.89897,-0.91715,-0.93172,-0.94342,-0.95286,-0.9605,-0.96673,-0.97184,-0.97605,-0.97955,-0.98247,-0.98493,-0.987,-0.98877,-0.99028,-0.99159,-0.99271,-0.99369,-0.99454,-0.99529,-0.99596,-0.99654,-0.99706,-0.99752,-0.99793,-0.99829,-0.99861,-0.9989,-0.99915,-0.99937,-0.99955,-0.9997,-0.99983,-0.99992,-0.99997,-1,-0.99999,-0.99994,-0.99985,-0.99972,-0.99954,-0.99931,-0.99903,-0.99868,-0.99826,-0.99776,-0.99717,-0.99649,-0.99569,-0.99477,-0.99371,-0.99248,-0.99105,-0.98941,-0.9875,-0.98529,-0.98272,-0.97971,-0.97618,-0.97202,-0.96707,-0.96116,-0.95404,-0.94537,-0.93472,-0.92147,-0.90475,-0.88328,-0.85512,-0.81713,-0.7637,-0.68323,-0.545,-0.22875,0.72939,0.93618,0.72671,0.545,0.37507,0.20869,0
0,-0.17341,-0.92702,-0.69913,-0.68509,-0.71206,-0.74816,-0.78428,-0.8172,-0.84595,-0.87044,-0.89103,-0.90821,-0.9225,-0.93436,-0.94423,-0.95245,-0.95933,-0.9651,-0.96996,-0.97408,-0.97758,-0.98058,-0.98314,-0.98536,-0.98728,-0.98895,-0.99041,-0.99169,-0.99282,-0.99382,-0.99471,-0.9955,-0.9962,-0.99683,-0.99738,-0.99788,-0.99832,-0.9987,-0.99903,-0.99931,-0.99955,-0.99974,-0.99987,-0.99996,-1,-0.99998,-0.99991,-0.99977,-0.99957,-0.99929,-0.99894,-0.9985,-0.99796,-0.99732,-0.99657,-0.99569,-0.99466,-0.99347,-0.9921,-0.99052,-0.98871,-0.98663,-0.98424,-0.9815,-0.97836,-0.97474,-0.97056,-0.96573,-0.96013,-0.95361,-0.94599,-0.93704,-0.9265,-0.91402,-0.89916,-0.8814,-0.86007,-0.83435,-0.80321,-0.7654,-0.71925,-0.66228,-0.58928,-0.47762,0.85079,0.48653,0.35365,0.24305,0.13628,0
0,-0.95715,-0.65954,-0.61996,-0.64133,-0.6767,-0.71485,-0.75168,-0.78547,-0.81559,-0.84193,-0.86467,-0.88414,-0.90073,-0.91483,-0.92679,-0.93695,-0.94558,-0.95294,-0.95921,-0.96459,-0.96921,-0.97319,-0.97664,-0.97964,-0.98226,-0.98454,-0.98656,-0.98833,-0.9899,-0.9913,-0.99254,-0.99365,-0.99463,-0.99552,-0.9963,-0.997,-0.99762,-0.99816,-0.99863,-0.99903,-0.99937,-0.99963,-0.99982,-0.99995,-1,-0.99997,-0.99986,-0.99967,-0.99938,-0.99899,-0.99849,-0.99787,-0.99712,-0.99622,-0.99517,-0.99394,-0.99251,-0.99087,-0.98899,-0.98683,-0.98437,-0.98157,-0.97837,-0.97474,-0.9706,-0.96588,-0.96051,-0.95438,-0.94737,-0.93935,-0.93015,-0.9196,-0.90747,-0.89351,-0.87744,-0.85897,-0.83779,-0.81361,-0.78625,-0.75575,-0.72267,-0.68874,-0.65881,-0.64886,-0.74475,-0.35583,0.11037,0.12272,0.081138,0
0,-0.52942,-0.51201,-0.54933,-0.59308,-0.63699,-0.67894,-0.71791,-0.7534,-0.78522,-0.81342,-0.83816,-0.85973,-0.87843,-0.89459,-0.90852,-0.92053,-0.93088,-0.9398,-0.9475,-0.95417,-0.95996,-0.96499,-0.96937,-0.97321,-0.97658,-0.97955,-0.98217,-0.9845,-0.98656,-0.9884,-0.99005,-0.99151,-0.99283,-0.994,-0.99505,-0.99599,-0.99682,-0.99754,-0.99817,-0.99871,-0.99916,-0.99951,-0.99977,-0.99993,-1,-0.99996,-0.99981,-0.99955,-0.99916,-0.99864,-0.99797,-0.99715,-0.99615,-0.99496,-0.99357,-0.99196,-0.99009,-0.98795,-0.9855,-0.98272,-0.97956,-0.97598,-0.97193,-0.96736,-0.9622,-0.95638,-0.94981,-0.9424,-0.93405,-0.92462,-0.914,-0.90201,-0.88851,-0.87333,-0.85629,-0.83724,-0.81607,-0.79276,-0.76745,-0.74058,-0.71314,-0.68726,-0.66767,-0.66639,-0.72298,-0.9774,-0.28203,-0.0054469,0.033549,0
0,-0.32205,-0.41878,-0.48795,-0.54553,-0.5964,-0.64226,-0.68378,-0.72128,-0.75495,-0.78499,-0.81163,-0.83513,-0.85578,-0.87386,-0.88964,-0.90341,-0.91542,-0.92588,-0.93501,-0.94298,-0.94995,-0.95606,-0.96143,-0.96616,-0.97033,-0.97403,-0.97731,-0.98023,-0.98283,-0.98516,-0.98725,-0.98912,-0.9908,-0.9923,-0.99365,-0.99484,-0.99591,-0.99684,-0.99765,-0.99834,-0.99892,-0.99937,-0.9997,-0.99992,-1,-0.99995,-0.99976,-0.99942,-0.99892,-0.99825,-0.9974,-0.99634,-0.99507,-0.99357,-0.99181,-0.98977,-0.98743,-0.98475,-0.9817,-0.97825,-0.97436,-0.96997,-0.96505,-0.95952,-0.95333,-0.94641,-0.93867,-0.93004,-0.92041,-0.90968,-0.89775,-0.88449,-0.86979,-0.85354,-0.83565,-0.81606,-0.79475,-0.77182,-0.7475,-0.72232,-0.69721,-0.67397,-0.65612,-0.65147,-0.68078,-0.81526,-0.88959,-0.18075,-0.015085,0
0,-0.23703,-0.35336,-0.4354,-0.50092,-0.55679,-0.60598,-0.64994,-0.68944,-0.72493,-0.75675,-0.78518,-0.81049,-0.83294,-0.8528,-0.87033,-0.88577,-0.89937,-0.91133,-0.92186,-0.93112,-0.93929,-0.94651,-0.95288,-0.95853,-0.96355,-0.96801,-0.97199,-0.97555,-0.97874,-0.9816,-0.98416,-0.98647,-0.98855,-0.99041,-0.99208,-0.99357,-0.9949,-0.99606,-0.99707,-0.99793,-0.99865,-0.99922,-0.99963,-0.99989,-1,-0.99994,-0.9997,-0.99928,-0.99866,-0.99783,-0.99677,-0.99547,-0.99391,-0.99206,-0.98991,-0.98742,-0.98457,-0.98132,-0.97765,-0.97351,-0.96885,-0.96364,-0.95782,-0.95134,-0.94413,-0.93613,-0.92727,-0.91746,-0.90663,-0.8947,-0.88157,-0.86716,-0.85139,-0.8342,-0.81553,-0.79537,-0.77377,-0.75086,-0.72687,-0.70227,-0.67782,-0.65486,-0.63581,-0.62554,-0.63543,-0.6992,-0.92937,-0.51035,-0.077515,0
0,-0.18926,-0.30466,-0.39066,-0.46014,-0.51919,-0.57089,-0.61692,-0.65822,-0.69539,-0.72886,-0.75894,-0.78591,-0.81003,-0.83155,-0.85071,-0.86775,-0.88286,-0.89628,-0.90817,-0.91872,-0.92809,-0.93641,-0.94381,-0.95041,-0.95629,-0.96155,-0.96627,-0.9705,-0.9743,-0.97772,-0.98081,-0.98359,-0.98609,-0.98835,-0.99037,-0.99218,-0.99379,-0.9952,-0.99643,-0.99748,-0.99835,-0.99904,-0.99955,-0.99987,-1,-0.99992,-0.99964,-0.99913,-0.99838,-0.99738,-0.9961,-0.99454,-0.99267,-0.99046,-0.98789,-0.98493,-0.98155,-0.97772,-0.9734,-0.96854,-0.96312,-0.95708,-0.95037,-0.94294,-0.93473,-0.92569,-0.91574,-0.90482,-0.89287,-0.87982,-0.8656,-0.85014,-0.8334,-0.81533,-0.79592,-0.77518,-0.75317,-0.73001,-0.70592,-0.68125,-0.65656,-0.63278,-0.61146,-0.59549,-0.59099,-0.61381,-0.72021,-0.99272,-0.18759,0
0,-0.158,-0.26699,-0.35259,-0.4234,-0.48413,-0.5375,-0.58508,-0.62787,-0.66652,-0.70145,-0.73303,-0.76151,-0.78717,-0.81023,-0.83092,-0.84945,-0.86602,-0.88082,-0.89405,-0.90586,-0.9164,-0.92583,-0.93427,-0.94182,-0.9486,-0.95469,-0.96016,-0.96509,-0.96954,-0.97356,-0.97719,-0.98047,-0.98343,-0.98611,-0.98851,-0.99066,-0.99258,-0.99426,-0.99573,-0.99699,-0.99802,-0.99885,-0.99946,-0.99984,-1,-0.99991,-0.99957,-0.99897,-0.99809,-0.99691,-0.99541,-0.99357,-0.99137,-0.98879,-0.98578,-0.98234,-0.97841,-0.97398,-0.969,-0.96343,-0.95724,-0.95037,-0.94278,-0.93442,-0.92524,-0.91519,-0.90421,-0.89225,-0.87925,-0.86516,-0.84992,-0.8335,-0.81586,-0.79698,-0.77686,-0.75551,-0.733,-0.70943,-0.68496,-0.65983,-0.63444,-0.60935,-0.58548,-0.56438,-0.54906,-0.54647,-0.5777,-0.74684,-0.50995,0
0,-0.1357,-0.23703,-0.32012,-0.39055,-0.45181,-0.50606,-0.5547,-0.59864,-0.63848,-0.67468,-0.70757,-0.73742,-0.76447,-0.78894,-0.81104,-0.83097,-0.84892,-0.86506,-0.87957,-0.8926,-0.90432,-0.91484,-0.92431,-0.93284,-0.94052,-0.94745,-0.9537,-0.95936,-0.96448,-0.96912,-0.97332,-0.97713,-0.98058,-0.9837,-0.9865,-0.98902,-0.99126,-0.99324,-0.99497,-0.99644,-0.99766,-0.99864,-0.99935,-0.99981,-1,-0.9999,-0.99951,-0.99882,-0.99779,-0.99643,-0.99469,-0.99257,-0.99004,-0.98706,-0.98362,-0.97968,-0.9752,-0.97016,-0.96452,-0.95823,-0.95127,-0.94359,-0.93514,-0.92588,-0.91576,-0.90475,-0.89279,-0.87984,-0.86586,-0.8508,-0.83463,-0.81732,-0.79885,-0.7792,-0.75838,-0.73642,-0.71335,-0.68925,-0.66424,-0.63846,-0.61214,-0.58557,-0.55922,-0.53376,-0.51038,-0.49147,-0.48324,-0.51008,-0.83698,0
0,-0.11891,-0.21268,-0.29227,-0.3613,-0.42222,-0.47672,-0.52594,-0.57065,-0.61142,-0.64866,-0.68267,-0.71371,-0.74201,-0.76777,-0.79118,-0.81241,-0.83165,-0.84906,-0.8648,-0.87903,-0.89188,-0.90349,-0.91399,-0.92348,-0.93207,-0.93986,-0.94691,-0.95332,-0.95913,-0.96441,-0.96922,-0.97358,-0.97753,-0.98112,-0.98435,-0.98726,-0.98985,-0.99214,-0.99414,-0.99585,-0.99727,-0.9984,-0.99923,-0.99977,-0.99999,-0.99989,-0.99946,-0.99867,-0.9975,-0.99595,-0.99397,-0.99156,-0.98869,-0.98532,-0.98143,-0.97698,-0.97195,-0.9663,-0.96,-0.95301,-0.94529,-0.93681,-0.92752,-0.91739,-0.90638,-0.89445,-0.88157,-0.86769,-0.85279,-0.83684,-0.8198,-0.80166,-0.78241,-0.76203,-0.74055,-0.71796,-0.69431,-0.66963,-0.64399,-0.61745,-0.59013,-0.56211,-0.53353,-0.50451,-0.47518,-0.44568,-0.41621,-0.38768,-0.3736,0
0,-0.10577,-0.19255,-0.26827,-0.33526,-0.39525,-0.44948,-0.49886,-0.54402,-0.58544,-0.62348,-0.65842,-0.69049,-0.71989,-0.7468,-0.7714,-0.79384,-0.81429,-0.8329,-0.84982,-0.86519,-0.87915,-0.89183,-0.90334,-0.9138,-0.9233,-0.93195,-0.93981,-0.94698,-0.9535,-0.95945,-0.96487,-0.96981,-0.9743,-0.97837,-0.98205,-0.98537,-0.98833,-0.99095,-0.99324,-0.9952,-0.99683,-0.99813,-0.9991,-0.99972,-0.99999,-0.99989,-0.99941,-0.99852,-0.99722,-0.99547,-0.99326,-0.99056,-0.98734,-0.98357,-0.97923,-0.97428,-0.9687,-0.96245,-0.95549,-0.94781,-0.93935,-0.93009,-0.92,-0.90903,-0.89717,-0.88437,-0.87062,-0.85587,-0.84011,-0.82332,-0.80548,-0.78657,-0.76659,-0.74553,-0.7234,-0.7002,-0.67595,-0.65067,-0.62437,-0.59707,-0.56876,-0.53941,-0.50892,-0.47709,-0.44345,-0.4071,-0.36601,-0.31519,-0.2397,0
0,-0.095189,-0.17566,-0.24744,-0.31207,-0.37071,-0.42429,-0.47347,-0.51878,-0.56059,-0.59922,-0.6349,-0.66782,-0.69817,-0.7261,-0.75177,-0.77532,-0.79689,-0.81663,-0.83467,-0.85114,-0.86617,-0.87988,-0.89239,-0.90381,-0.91423,-0.92374,-0.93242,-0.94036,-0.94761,-0.95424,-0.9603,-0.96583,-0.97087,-0.97545,-0.9796,-0.98335,-0.9867,-0.98967,-0.99226,-0.99449,-0.99635,-0.99783,-0.99894,-0.99966,-0.99998,-0.99989,-0.99937,-0.9984,-0.99695,-0.99502,-0.99257,-0.98957,-0.98601,-0.98184,-0.97706,-0.97161,-0.96548,-0.95864,-0.95105,-0.94268,-0.93351,-0.9235,-0.91263,-0.90087,-0.88819,-0.87457,-0.86,-0.84444,-0.82788,-0.81031,-0.79172,-0.77209,-0.75143,-0.72972,-0.70698,-0.68319,-0.65836,-0.63249,-0.60555,-0.5775,-0.54829,-0.51777,-0.48571,-0.45171,-0.41503,-0.37434,-0.32697,-0.26711,-0.17999,0
0,-0.086482,-0.1613,-0.22926,-0.29136,-0.3484,-0.40103,-0.44974,-0.49494,-0.53691,-0.57592,-0.61215,-0.64576,-0.67691,-0.70573,-0.73236,-0.75691,-0.77952,-0.80031,-0.8194,-0.83692,-0.85298,-0.8677,-0.88119,-0.89355,-0.90487,-0.91524,-0.92475,-0.93347,-0.94146,-0.94879,-0.9555,-0.96164,-0.96725,-0.97236,-0.977,-0.98119,-0.98495,-0.98828,-0.99121,-0.99372,-0.99582,-0.9975,-0.99876,-0.99959,-0.99997,-0.9999,-0.99934,-0.99828,-0.99671,-0.99459,-0.9919,-0.98862,-0.98471,-0.98016,-0.97493,-0.969,-0.96233,-0.95491,-0.9467,-0.93767,-0.92781,-0.91708,-0.90547,-0.89295,-0.8795,-0.86511,-0.84976,-0.83344,-0.81614,-0.79785,-0.77856,-0.75826,-0.73696,-0.71465,-0.69133,-0.66698,-0.6416,-0.61516,-0.58761,-0.55889,-0.52886,-0.49735,-0.46405,-0.42844,-0.38969,-0.34634,-0.29576,-0.23274,-0.1459,0
0,-0.079188,-0.14896,-0.21329,-0.27283,-0.32811,-0.37958,-0.42761,-0.47247,-0.51441,-0.5536,-0.5902,-0.62435,-0.65616,-0.68574,-0.7132,-0.73866,-0.76221,-0.78398,-0.80406,-0.82257,-0.83962,-0.85532,-0.86976,-0.88304,-0.89525,-0.90649,-0.91682,-0.92632,-0.93506,-0.94309,-0.95047,-0.95724,-0.96343,-0.96909,-0.97424,-0.9789,-0.98308,-0.9868,-0.99006,-0.99287,-0.99523,-0.99713,-0.99855,-0.9995,-0.99996,-0.99991,-0.99932,-0.99819,-0.99649,-0.99419,-0.99127,-0.98771,-0.98347,-0.97854,-0.97288,-0.96647,-0.95928,-0.9513,-0.94248,-0.93282,-0.92229,-0.91088,-0.89856,-0.88532,-0.87114,-0.85603,-0.83996,-0.82293,-0.80493,-0.78596,-0.76603,-0.74511,-0.72322,-0.70035,-0.67649,-0.65161,-0.62571,-0.59874,-0.57064,-0.54131,-0.51059,-0.47828,-0.44401,-0.40725,-0.36714,-0.32229,-0.27032,-0.20691,-0.12368,0
0,-0.072986,-0.13824,-0.19917,-0.25618,-0.30962,-0.3598,-0.40697,-0.45133,-0.49305,-0.53227,-0.56909,-0.60362,-0.63595,-0.66616,-0.69435,-0.72061,-0.74502,-0.76768,-0.78868,-0.80813,-0.82612,-0.84275,-0.85811,-0.87229,-0.88539,-0.89747,-0.90863,-0.91892,-0.92841,-0.93715,-0.94521,-0.95262,-0.95942,-0.96564,-0.97131,-0.97646,-0.98108,-0.9852,-0.98883,-0.99195,-0.99458,-0.9967,-0.99831,-0.9994,-0.99994,-0.99992,-0.99932,-0.99813,-0.99631,-0.99384,-0.9907,-0.98687,-0.98231,-0.977,-0.97092,-0.96405,-0.95636,-0.94783,-0.93843,-0.92816,-0.917,-0.90493,-0.89193,-0.87801,-0.86316,-0.84736,-0.83061,-0.81292,-0.79428,-0.77469,-0.75415,-0.73266,-0.71022,-0.68683,-0.66246,-0.63711,-0.61073,-0.58328,-0.55468,-0.52482,-0.49353,-0.46058,-0.4256,-0.38806,-0.34713,-0.30155,-0.24926,-0.1868,-0.10798,0
0,-0.067647,-0.12886,-0.18662,-0.24117,-0.29275,-0.34155,-0.38775,-0.43146,-0.47282,-0.51191,-0.5488,-0.58358,-0.6163,-0.64703,-0.67583,-0.70279,-0.72796,-0.75144,-0.7733,-0.79362,-0.8125,-0.83003,-0.84628,-0.86134,-0.87529,-0.88822,-0.90018,-0.91126,-0.92151,-0.93098,-0.93972,-0.94778,-0.9552,-0.962,-0.96822,-0.97386,-0.97894,-0.98349,-0.98749,-0.99095,-0.99386,-0.99623,-0.99804,-0.99927,-0.99991,-0.99994,-0.99934,-0.99809,-0.99616,-0.99354,-0.99019,-0.98609,-0.98122,-0.97556,-0.96908,-0.96176,-0.95358,-0.94452,-0.93458,-0.92372,-0.91195,-0.89926,-0.88563,-0.87107,-0.85556,-0.83912,-0.82175,-0.80344,-0.7842,-0.76403,-0.74294,-0.72092,-0.69798,-0.6741,-0.64927,-0.62347,-0.59666,-0.56878,-0.53975,-0.50945,-0.4777,-0.44426,-0.40877,-0.37073,-0.32938,-0.2836,-0.23164,-0.17073,-0.09628,0
0,-0.063,-0.12058,-0.17539,-0.22759,-0.27732,-0.32469,-0.36982,-0.41279,-0.45366,-0.4925,-0.52934,-0.56424,-0.59723,-0.62836,-0.65768,-0.68523,-0.71108,-0.7353,-0.75794,-0.77908,-0.7988,-0.81717,-0.83427,-0.85018,-0.86498,-0.87873,-0.8915,-0.90336,-0.91436,-0.92456,-0.934,-0.94272,-0.95077,-0.95816,-0.96493,-0.97109,-0.97666,-0.98164,-0.98603,-0.98985,-0.99307,-0.9957,-0.99771,-0.99911,-0.99986,-0.99996,-0.99937,-0.99808,-0.99606,-0.99329,-0.98974,-0.9854,-0.98024,-0.97423,-0.96736,-0.95961,-0.95097,-0.94141,-0.93093,-0.91952,-0.90718,-0.89389,-0.87966,-0.86449,-0.84839,-0.83135,-0.81338,-0.7945,-0.7747,-0.754,-0.73239,-0.70988,-0.68648,-0.66216,-0.63691,-0.61071,-0.58351,-0.55525,-0.52585,-0.49518,-0.46307,-0.42927,-0.39346,-0.35514,-0.31366,-0.26801,-0.21674,-0.15764,-0.08724,0
0,-0.058917,-0.11322,-0.1653,-0.21525,-0.26316,-0.30909,-0.3531,-0.39523,-0.43552,-0.474,-0.51068,-0.54559,-0.57874,-0.61017,-0.63989,-0.66795,-0.6944,-0.71927,-0.74262,-0.76451,-0.78501,-0.80419,-0.82211,-0.83884,-0.85445,-0.86901,-0.88257,-0.89521,-0.90696,-0.91789,-0.92803,-0.93743,-0.94611,-0.95412,-0.96146,-0.96815,-0.97421,-0.97965,-0.98446,-0.98864,-0.99219,-0.99509,-0.99734,-0.99892,-0.9998,-0.99998,-0.99941,-0.9981,-0.996,-0.9931,-0.98938,-0.9848,-0.97936,-0.97303,-0.96579,-0.95763,-0.94854,-0.93851,-0.92752,-0.91558,-0.90269,-0.88884,-0.87405,-0.85831,-0.84164,-0.82404,-0.80552,-0.7861,-0.76579,-0.74459,-0.72251,-0.69955,-0.67572,-0.65099,-0.62537,-0.5988,-0.57126,-0.54268,-0.51297,-0.482,-0.44961,-0.41557,-0.37956,-0.34115,-0.29972,-0.25443,-0.20406,-0.14682,-0.080066,0
0,-0.055297,-0.10662,-0.15617,-0.204,-0.25014,-0.29462,-0.33748,-0.37872,-0.41835,-0.45637,-0.4928,-0.52761,-0.56083,-0.59245,-0.62249,-0.65097,-0.67792,-0.70337,-0.72736,-0.74995,-0.77118,-0.79111,-0.8098,-0.82732,-0.84372,-0.85906,-0.87341,-0.88681,-0.89931,-0.91097,-0.92181,-0.93189,-0.94123,-0.94985,-0.95778,-0.96502,-0.9716,-0.9775,-0.98275,-0.98732,-0.99121,-0.99441,-0.99691,-0.99869,-0.99972,-0.99999,-0.99948,-0.99815,-0.99599,-0.99298,-0.98909,-0.9843,-0.9786,-0.97196,-0.96437,-0.95583,-0.94631,-0.93582,-0.92436,-0.91192,-0.8985,-0.88413,-0.8688,-0.85252,-0.83532,-0.81719,-0.79816,-0.77825,-0.75745,-0.73579,-0.71328,-0.68991,-0.66568,-0.64059,-0.61462,-0.58774,-0.5599,-0.53104,-0.50107,-0.46987,-0.43728,-0.40309,-0.36699,-0.3286,-0.28737,-0.24258,-0.1932,-0.13778,-0.074258,0
0,-0.052065,-0.10068,-0.14788,-0.19369,-0.23812,-0.28118,-0.32286,-0.36316,-0.40208,-0.43958,-0.47566,-0.5103,-0.54349,-0.57521,-0.60548,-0.63429,-0.66166,-0.68762,-0.71218,-0.73539,-0.7573,-0.77793,-0.79736,-0.81563,-0.83279,-0.8489,-0.864,-0.87816,-0.8914,-0.90378,-0.91534,-0.9261,-0.9361,-0.94535,-0.95388,-0.96169,-0.96879,-0.97519,-0.98089,-0.98587,-0.99012,-0.99365,-0.99641,-0.99841,-0.99961,-1,-0.99955,-0.99823,-0.99603,-0.99293,-0.98889,-0.98391,-0.97796,-0.97103,-0.96312,-0.9542,-0.94428,-0.93336,-0.92144,-0.90853,-0.89463,-0.87975,-0.86391,-0.84713,-0.82943,-0.81081,-0.7913,-0.77092,-0.74968,-0.7276,-0.70468,-0.68093,-0.65635,-0.63093,-0.60465,-0.57748,-0.54938,-0.52029,-0.49011,-0.45874,-0.42601,-0.39173,-0.35563,-0.31736,-0.27643,-0.23221,-0.18385,-0.13015,-0.069484,0
0,-0.049156,-0.095295,-0.14031,-0.18422,-0.227,-0.26865,-0.30916,-0.3485,-0.38665,-0.42357,-0.45924,-0.49362,-0.5267,-0.55845,-0.58886,-0.61792,-0.64564,-0.67202,-0.69709,-0.72086,-0.74338,-0.76468,-0.78479,-0.80377,-0.82166,-0.83851,-0.85435,-0.86925,-0.88323,-0.89633,-0.9086,-0.92005,-0.93071,-0.9406,-0.94974,-0.95813,-0.96579,-0.9727,-0.97886,-0.98427,-0.98892,-0.99278,-0.99584,-0.99808,-0.99947,-1,-0.99963,-0.99835,-0.99613,-0.99294,-0.98878,-0.98362,-0.97745,-0.97025,-0.96203,-0.95277,-0.94247,-0.93114,-0.91879,-0.90542,-0.89105,-0.87571,-0.85939,-0.84214,-0.82396,-0.80488,-0.78493,-0.76412,-0.74246,-0.71999,-0.6967,-0.6726,-0.64769,-0.62197,-0.59542,-0.568,-0.53968,-0.51039,-0.48004,-0.44854,-0.41573,-0.38143,-0.34539,-0.30729,-0.26672,-0.22312,-0.17576,-0.12366,-0.065512,0
0,-0.046523,-0.090387,-0.13337,-0.17547,-0.21668,-0.25696,-0.2963,-0.33466,-0.372,-0.4083,-0.44349,-0.47755,-0.51045,-0.54215,-0.57262,-0.60186,-0.62985,-0.65659,-0.68209,-0.70637,-0.72944,-0.75134,-0.7721,-0.79175,-0.81033,-0.82789,-0.84446,-0.86008,-0.87478,-0.8886,-0.90157,-0.91372,-0.92505,-0.93559,-0.94536,-0.95435,-0.96256,-0.97001,-0.97666,-0.98253,-0.98758,-0.9918,-0.99518,-0.99768,-0.99929,-0.99998,-0.99972,-0.99849,-0.99626,-0.99303,-0.98876,-0.98345,-0.97707,-0.96963,-0.96111,-0.95152,-0.94087,-0.92915,-0.91639,-0.9026,-0.88779,-0.87199,-0.85523,-0.83753,-0.81891,-0.7994,-0.77902,-0.7578,-0.73577,-0.71292,-0.68929,-0.66487,-0.63967,-0.61368,-0.58688,-0.55925,-0.53073,-0.50128,-0.47081,-0.43922,-0.40637,-0.37209,-0.33616,-0.29829,-0.2581,-0.21513,-0.16874,-0.11811,-0.062175,0
0,-0.044125,-0.085891,-0.12698,-0.16738,-0.20706,-0.24601,-0.2842,-0.32157,-0.35809,-0.39371,-0.42838,-0.46207,-0.49471,-0.52629,-0.55676,-0.5861,-0.61429,-0.64132,-0.66719,-0.6919,-0.71548,-0.73793,-0.75928,-0.77957,-0.79881,-0.81705,-0.83432,-0.85064,-0.86606,-0.88059,-0.89426,-0.90709,-0.9191,-0.93031,-0.94071,-0.95031,-0.95911,-0.9671,-0.97427,-0.98061,-0.98609,-0.9907,-0.99442,-0.99721,-0.99906,-0.99993,-0.9998,-0.99865,-0.99645,-0.99318,-0.98883,-0.98338,-0.97682,-0.96915,-0.96037,-0.95047,-0.93948,-0.9274,-0.91425,-0.90005,-0.88483,-0.86861,-0.85141,-0.83329,-0.81425,-0.79433,-0.77356,-0.75196,-0.72957,-0.70638,-0.68244,-0.65773,-0.63226,-0.60602,-0.57901,-0.55118,-0.5225,-0.49292,-0.46235,-0.43071,-0.39786,-0.36364,-0.32785,-0.29023,-0.25045,-0.20809,-0.16261,-0.11333,-0.059349,0
0,-0.041928,-0.081752,-0.12106,-0.15985,-0.19808,-0.23574,-0.27278,-0.30917,-0.34484,-0.37976,-0.41388,-0.44713,-0.47947,-0.51087,-0.54127,-0.57064,-0.59896,-0.62622,-0.65239,-0.67749,-0.7015,-0.72445,-0.74635,-0.76723,-0.7871,-0.80598,-0.82392,-0.84093,-0.85704,-0.87226,-0.88663,-0.90016,-0.91285,-0.92472,-0.93577,-0.946,-0.9554,-0.96396,-0.97166,-0.9785,-0.98444,-0.98947,-0.99355,-0.99666,-0.99877,-0.99985,-0.99988,-0.99883,-0.99668,-0.9934,-0.98899,-0.98343,-0.97671,-0.96883,-0.9598,-0.94962,-0.93831,-0.92588,-0.91236,-0.89778,-0.88215,-0.86553,-0.84793,-0.8294,-0.80996,-0.78966,-0.76852,-0.74657,-0.72383,-0.70034,-0.67609,-0.65111,-0.6254,-0.59895,-0.57174,-0.54374,-0.51493,-0.48524,-0.45461,-0.42294,-0.39011,-0.35598,-0.32035,-0.283,-0.24363,-0.20187,-0.15726,-0.10919,-0.056938,0
0,-0.039905,-0.077925,-0.11557,-0.15283,-0.18967,-0.22608,-0.262,-0.2974,-0.33222,-0.36642,-0.39993,-0.43271,-0.4647,-0.49586,-0.52612,-0.55547,-0.58387,-0.61128,-0.6377,-0.66311,-0.68751,-0.71091,-0.73331,-0.75473,-0.77518,-0.79468,-0.81326,-0.83093,-0.84772,-0.86363,-0.87869,-0.8929,-0.90628,-0.91882,-0.93053,-0.94139,-0.95141,-0.96056,-0.96882,-0.97618,-0.98261,-0.98807,-0.99255,-0.996,-0.99841,-0.99973,-0.99995,-0.99902,-0.99694,-0.99369,-0.98924,-0.98358,-0.97672,-0.96866,-0.9594,-0.94895,-0.93734,-0.92459,-0.91072,-0.89576,-0.87976,-0.86275,-0.84477,-0.82585,-0.80604,-0.78536,-0.76387,-0.74158,-0.71853,-0.69474,-0.67023,-0.645,-0.61906,-0.59241,-0.56503,-0.53689,-0.50797,-0.4782,-0.44752,-0.41585,-0.38306,-0.34904,-0.31359,-0.27652,-0.23755,-0.19637,-0.15255,-0.1056,-0.054868,0
0,-0.038033,-0.07437,-0.11045,-0.14625,-0.18177,-0.21696,-0.25179,-0.28621,-0.32017,-0.35363,-0.38652,-0.41879,-0.45038,-0.48124,-0.51133,-0.54059,-0.56899,-0.5965,-0.6231,-0.64878,-0.67351,-0.6973,-0.72015,-0.74207,-0.76306,-0.78314,-0.80233,-0.82064,-0.83808,-0.85467,-0.8704,-0.8853,-0.89936,-0.91258,-0.92496,-0.93648,-0.94713,-0.95689,-0.96573,-0.97364,-0.98057,-0.98651,-0.99141,-0.99524,-0.99797,-0.99956,-0.99999,-0.99922,-0.99724,-0.99403,-0.98957,-0.98385,-0.97687,-0.96864,-0.95917,-0.94847,-0.93658,-0.92351,-0.90931,-0.894,-0.87764,-0.86025,-0.8419,-0.82261,-0.80244,-0.78142,-0.75959,-0.73698,-0.71363,-0.68957,-0.6648,-0.63934,-0.6132,-0.58637,-0.55883,-0.53058,-0.50156,-0.47173,-0.44102,-0.40936,-0.37664,-0.34274,-0.30748,-0.27069,-0.23212,-0.19148,-0.14841,-0.10246,-0.053082,0
0,-0.036293,-0.071056,-0.10566,-0.14008,-0.17432,-0.20833,-0.24209,-0.27555,-0.30865,-0.34135,-0.3736,-0.40532,-0.43648,-0.467,-0.49685,-0.52598,-0.55433,-0.58189,-0.60861,-0.63449,-0.65949,-0.68362,-0.70687,-0.72924,-0.75074,-0.77136,-0.79113,-0.81005,-0.82812,-0.84536,-0.86177,-0.87734,-0.89208,-0.90599,-0.91904,-0.93122,-0.94252,-0.95291,-0.96236,-0.97084,-0.97832,-0.98475,-0.99011,-0.99434,-0.99743,-0.99933,-1,-0.99942,-0.99757,-0.99442,-0.98997,-0.98421,-0.97714,-0.96876,-0.9591,-0.94817,-0.93601,-0.92264,-0.90812,-0.89248,-0.87576,-0.85802,-0.83931,-0.81966,-0.79914,-0.77779,-0.75564,-0.73273,-0.7091,-0.68477,-0.65976,-0.63409,-0.60776,-0.58077,-0.5531,-0.52474,-0.49565,-0.46577,-0.43506,-0.40343,-0.37079,-0.33701,-0.30196,-0.26544,-0.22725,-0.18713,-0.14474,-0.099701,-0.051531,0
0,-0.03467,-0.067953,-0.10116,-0.13427,-0.16728,-0.20016,-0.23287,-0.26537,-0.29762,-0.32956,-0.36114,-0.39229,-0.42298,-0.45313,-0.48269,-0.51163,-0.53988,-0.56743,-0.59422,-0.62024,-0.64546,-0.66988,-0.69347,-0.71625,-0.7382,-0.75933,-0.77964,-0.79914,-0.81782,-0.8357,-0.85276,-0.869,-0.88442,-0.89901,-0.91275,-0.92561,-0.93757,-0.94861,-0.95869,-0.96777,-0.97582,-0.98278,-0.98863,-0.99331,-0.99678,-0.99901,-0.99997,-0.99961,-0.99791,-0.99487,-0.99045,-0.98467,-0.97752,-0.96902,-0.95918,-0.94804,-0.93562,-0.92198,-0.90714,-0.89117,-0.87412,-0.85603,-0.83697,-0.81698,-0.79613,-0.77445,-0.75199,-0.72879,-0.70489,-0.68031,-0.65508,-0.62921,-0.60271,-0.57557,-0.54779,-0.51933,-0.49018,-0.46028,-0.42957,-0.39799,-0.36543,-0.33179,-0.29694,-0.2607,-0.22288,-0.18323,-0.14148,-0.09727,-0.050178,0
0,-0.033148,-0.065038,-0.096918,-0.12878,-0.16062,-0.19239,-0.22408,-0.25565,-0.28704,-0.31821,-0.34911,-0.37967,-0.40985,-0.43959,-0.46883,-0.49753,-0.52564,-0.55311,-0.57992,-0.60603,-0.63142,-0.65607,-0.67996,-0.70309,-0.72546,-0.74705,-0.76786,-0.78791,-0.80717,-0.82566,-0.84336,-0.86026,-0.87636,-0.89163,-0.90605,-0.9196,-0.93225,-0.94396,-0.95469,-0.9644,-0.97305,-0.98058,-0.98695,-0.9921,-0.99601,-0.99861,-0.99988,-0.99977,-0.99827,-0.99535,-0.991,-0.98522,-0.97802,-0.96941,-0.95942,-0.94807,-0.93542,-0.9215,-0.90637,-0.89008,-0.87269,-0.85427,-0.83486,-0.81454,-0.79336,-0.77136,-0.74861,-0.72513,-0.70097,-0.67616,-0.65072,-0.62466,-0.598,-0.57073,-0.54284,-0.51431,-0.48511,-0.45519,-0.4245,-0.39297,-0.36051,-0.32702,-0.29236,-0.25639,-0.21892,-0.17974,-0.13857,-0.095114,-0.04899,0
0,-0.031718,-0.062292,-0.092915,-0.12358,-0.15429,-0.185,-0.21569,-0.24633,-0.27688,-0.30728,-0.33748,-0.36743,-0.39708,-0.42638,-0.45526,-0.48368,-0.51159,-0.53894,-0.56571,-0.59186,-0.61736,-0.64219,-0.66632,-0.68976,-0.71249,-0.7345,-0.75579,-0.77634,-0.79616,-0.81523,-0.83355,-0.8511,-0.86786,-0.88381,-0.89893,-0.91318,-0.92653,-0.93893,-0.95034,-0.96071,-0.96998,-0.97811,-0.98504,-0.99071,-0.99508,-0.9981,-0.99971,-0.9999,-0.99862,-0.99586,-0.99161,-0.98586,-0.97863,-0.96993,-0.9598,-0.94826,-0.93538,-0.92119,-0.90577,-0.88917,-0.87146,-0.8527,-0.83297,-0.81232,-0.79081,-0.76851,-0.74546,-0.72171,-0.6973,-0.67227,-0.64662,-0.62039,-0.59358,-0.56619,-0.53821,-0.50962,-0.48038,-0.45046,-0.4198,-0.38833,-0.35598,-0.32263,-0.28818,-0.25247,-0.21534,-0.17658,-0.13596,-0.093193,-0.047941,0
0,-0.030368,-0.059696,-0.089123,-0.11865,-0.14826,-0.17794,-0.20767,-0.2374,-0.2671,-0.29673,-0.32623,-0.35556,-0.38466,-0.41347,-0.44196,-0.47005,-0.49772,-0.52492,-0.55159,-0.57773,-0.60328,-0.62824,-0.65257,-0.67626,-0.69931,-0.72169,-0.7434,-0.76443,-0.78477,-0.8044,-0.82332,-0.84149,-0.85891,-0.87554,-0.89136,-0.90631,-0.92037,-0.93348,-0.94559,-0.95665,-0.96659,-0.97535,-0.98288,-0.98911,-0.99399,-0.99746,-0.99947,-0.99998,-0.99896,-0.9964,-0.99227,-0.98658,-0.97933,-0.97057,-0.96031,-0.9486,-0.93549,-0.92105,-0.90535,-0.88844,-0.87041,-0.85132,-0.83125,-0.81028,-0.78845,-0.76585,-0.74251,-0.7185,-0.69385,-0.6686,-0.64276,-0.61637,-0.58942,-0.56192,-0.53386,-0.50521,-0.47595,-0.44604,-0.41541,-0.38402,-0.35177,-0.31858,-0.28433,-0.24887,-0.21207,-0.17372,-0.1336,-0.09147,-0.047009,0
0,-0.029092,-0.057235,-0.085522,-0.11395,-0.14252,-0.1712,-0.19998,-0.22882,-0.25769,-0.28654,-0.31534,-0.34402,-0.37255,-0.40086,-0.42892,-0.45666,-0.48404,-0.51102,-0.53756,-0.56363,-0.58919,-0.61422,-0.63869,-0.66259,-0.6859,-0.70861,-0.7307,-0.75217,-0.77299,-0.79315,-0.81264,-0.83142,-0.84948,-0.86679,-0.8833,-0.89896,-0.91375,-0.92759,-0.94042,-0.9522,-0.96284,-0.97228,-0.98045,-0.98728,-0.99271,-0.99667,-0.99912,-1,-0.99928,-0.99694,-0.99297,-0.98736,-0.98013,-0.97132,-0.96094,-0.94907,-0.93576,-0.92107,-0.90508,-0.88786,-0.86951,-0.85009,-0.8297,-0.80839,-0.78626,-0.76335,-0.73974,-0.71546,-0.69058,-0.66511,-0.6391,-0.61255,-0.58547,-0.55787,-0.52974,-0.50105,-0.47177,-0.44188,-0.4113,-0.37999,-0.34786,-0.31482,-0.28076,-0.24556,-0.20907,-0.1711,-0.13146,-0.089914,-0.046176,0
0,-0.02788,-0.054898,-0.082095,-0.10947,-0.13703,-0.16474,-0.1926,-0.22057,-0.24861,-0.2767,-0.30478,-0.33281,-0.36075,-0.38854,-0.41613,-0.44348,-0.47054,-0.49726,-0.52362,-0.54957,-0.57508,-0.60013,-0.62469,-0.64875,-0.67227,-0.69526,-0.71768,-0.73954,-0.76081,-0.78146,-0.80149,-0.82087,-0.83955,-0.85752,-0.87472,-0.8911,-0.90662,-0.92121,-0.93479,-0.94732,-0.95869,-0.96885,-0.9777,-0.98518,-0.99121,-0.99571,-0.99864,-0.99994,-0.99956,-0.99749,-0.9937,-0.98821,-0.98102,-0.97217,-0.9617,-0.94967,-0.93615,-0.92121,-0.90494,-0.88743,-0.86875,-0.849,-0.82828,-0.80665,-0.78419,-0.76099,-0.73709,-0.71257,-0.68745,-0.66178,-0.63559,-0.60889,-0.5817,-0.55401,-0.52581,-0.49709,-0.46781,-0.43794,-0.40742,-0.37619,-0.34419,-0.3113,-0.27745,-0.24249,-0.2063,-0.1687,-0.12951,-0.0885,-0.045426,0
0,-0.026729,-0.052673,-0.078828,-0.1052,-0.13178,-0.15855,-0.18551,-0.21262,-0.23985,-0.26717,-0.29454,-0.32191,-0.34924,-0.37648,-0.40358,-0.43051,-0.45721,-0.48364,-0.50976,-0.53555,-0.56096,-0.58598,-0.61058,-0.63473,-0.65842,-0.68163,-0.70434,-0.72654,-0.74821,-0.76933,-0.78987,-0.8098,-0.8291,-0.84771,-0.86559,-0.8827,-0.89896,-0.9143,-0.92867,-0.94196,-0.95411,-0.96502,-0.97461,-0.98278,-0.98946,-0.99456,-0.99802,-0.99977,-0.99978,-0.99802,-0.99446,-0.9891,-0.98198,-0.97312,-0.96257,-0.95039,-0.93667,-0.92149,-0.90494,-0.88711,-0.86811,-0.84803,-0.82696,-0.805,-0.78223,-0.75873,-0.73455,-0.70977,-0.68442,-0.65856,-0.63219,-0.60536,-0.57805,-0.55028,-0.52203,-0.49329,-0.46402,-0.43418,-0.40373,-0.3726,-0.34071,-0.30799,-0.27434,-0.23962,-0.20372,-0.16647,-0.1277,-0.087206,-0.044745,0
0,-0.025631,-0.050551,-0.075708,-0.10111,-0.12675,-0.15261,-0.17869,-0.20496,-0.23139,-0.25795,-0.28461,-0.31131,-0.33801,-0.36469,-0.39128,-0.41775,-0.44405,-0.47014,-0.49599,-0.52157,-0.54683,-0.57177,-0.59634,-0.62054,-0.64434,-0.66772,-0.69067,-0.71317,-0.73519,-0.75673,-0.77774,-0.79821,-0.81808,-0.83732,-0.85588,-0.8737,-0.89071,-0.90684,-0.922,-0.9361,-0.94905,-0.96076,-0.97113,-0.98004,-0.98742,-0.99318,-0.99722,-0.99949,-0.99994,-0.99852,-0.99522,-0.99004,-0.98301,-0.97415,-0.96353,-0.95122,-0.9373,-0.92187,-0.90504,-0.88689,-0.86756,-0.84714,-0.82573,-0.80343,-0.78034,-0.75653,-0.73208,-0.70704,-0.68147,-0.65541,-0.62888,-0.60191,-0.5745,-0.54666,-0.51837,-0.48962,-0.46036,-0.43057,-0.40019,-0.36916,-0.33741,-0.30485,-0.2714,-0.23692,-0.20131,-0.1644,-0.12603,-0.086011,-0.044123,0
0,-0.024585,-0.048525,-0.072725,-0.097191,-0.12192,-0.14691,-0.17213,-0.19758,-0.22322,-0.24903,-0.27496,-0.30099,-0.32706,-0.35315,-0.3792,-0.40519,-0.43106,-0.45678,-0.48231,-0.50763,-0.5327,-0.5575,-0.582,-0.60618,-0.63004,-0.65354,-0.67667,-0.69941,-0.72175,-0.74365,-0.7651,-0.78606,-0.80649,-0.82634,-0.84556,-0.86409,-0.88185,-0.89876,-0.91473,-0.92967,-0.94347,-0.95602,-0.96721,-0.97693,-0.98507,-0.99153,-0.99622,-0.99907,-1,-0.99898,-0.99599,-0.99102,-0.9841,-0.97527,-0.9646,-0.95215,-0.93804,-0.92236,-0.90523,-0.88677,-0.86709,-0.84631,-0.82455,-0.80192,-0.7785,-0.75438,-0.72964,-0.70435,-0.67856,-0.6523,-0.62562,-0.59852,-0.57102,-0.54311,-0.51479,-0.48603,-0.4568,-0.42706,-0.39677,-0.36585,-0.33424,-0.30185,-0.2686,-0.23436,-0.19903,-0.16245,-0.12447,-0.0849,-0.04355,0
0,-0.023585,-0.046589,-0.069871,-0.093439,-0.11729,-0.14142,-0.16582,-0.19046,-0.21532,-0.24038,-0.2656,-0.29094,-0.31638,-0.34186,-0.36736,-0.39283,-0.41824,-0.44355,-0.46873,-0.49374,-0.51856,-0.54317,-0.56755,-0.59167,-0.61552,-0.63908,-0.66233,-0.68527,-0.70786,-0.73009,-0.75192,-0.77334,-0.79428,-0.81472,-0.83458,-0.85381,-0.87232,-0.89002,-0.90683,-0.92263,-0.93731,-0.95075,-0.96282,-0.9734,-0.98236,-0.98959,-0.99499,-0.99847,-0.99995,-0.99938,-0.99674,-0.99202,-0.98524,-0.97646,-0.96575,-0.95318,-0.93887,-0.92294,-0.9055,-0.88671,-0.86667,-0.84553,-0.82341,-0.80042,-0.77666,-0.75223,-0.72721,-0.70166,-0.67564,-0.6492,-0.62236,-0.59514,-0.56756,-0.5396,-0.51125,-0.4825,-0.45331,-0.42364,-0.39343,-0.36263,-0.33117,-0.29896,-0.26591,-0.23192,-0.19686,-0.1606,-0.12299,-0.083859,-0.043018,0
0,-0.02263,-0.044737,-0.067139,-0.089844,-0.11285,-0.13615,-0.15974,-0.18359,-0.20769,-0.23201,-0.25651,-0.28117,-0.30596,-0.33083,-0.35575,-0.38069,-0.4056,-0.43046,-0.45524,-0.47991,-0.50444,-0.52881,-0.553,-0.577,-0.60078,-0.62435,-0.64767,-0.67073,-0.69353,-0.71602,-0.7382,-0.76002,-0.78145,-0.80243,-0.82291,-0.84282,-0.86207,-0.88058,-0.89823,-0.91492,-0.93052,-0.94488,-0.95789,-0.96938,-0.97924,-0.98731,-0.99349,-0.99767,-0.99976,-0.9997,-0.99746,-0.99303,-0.98643,-0.97772,-0.96697,-0.95429,-0.93978,-0.92358,-0.90584,-0.88669,-0.86629,-0.84477,-0.82227,-0.79891,-0.77481,-0.75005,-0.72474,-0.69894,-0.6727,-0.64607,-0.61908,-0.59175,-0.56409,-0.53609,-0.50773,-0.479,-0.44985,-0.42025,-0.39015,-0.35948,-0.32817,-0.29615,-0.26331,-0.22956,-0.19478,-0.15883,-0.12159,-0.082874,-0.042519,0
0,-0.021717,-0.042966,-0.064525,-0.086398,-0.10859,-0.13109,-0.15389,-0.17697,-0.20032,-0.2239,-0.2477,-0.27168,-0.2958,-0.32005,-0.34437,-0.36875,-0.39314,-0.41752,-0.44186,-0.46614,-0.49033,-0.51441,-0.53836,-0.56218,-0.58585,-0.60935,-0.63267,-0.65581,-0.67874,-0.70145,-0.72391,-0.74609,-0.76795,-0.78944,-0.81051,-0.83108,-0.85106,-0.87037,-0.88888,-0.90648,-0.92302,-0.93837,-0.95236,-0.96484,-0.97565,-0.98464,-0.99167,-0.99663,-0.9994,-0.99991,-0.99813,-0.99404,-0.98765,-0.97904,-0.96828,-0.95548,-0.94077,-0.9243,-0.90623,-0.88671,-0.86592,-0.844,-0.8211,-0.79736,-0.7729,-0.74782,-0.72221,-0.69614,-0.66968,-0.64287,-0.61574,-0.58831,-0.56058,-0.53254,-0.50419,-0.47548,-0.4464,-0.41689,-0.3869,-0.35637,-0.32523,-0.29339,-0.26077,-0.22727,-0.19276,-0.15713,-0.12024,-0.081936,-0.042047,0
0,-0.020844,-0.041274,-0.062023,-0.083099,-0.1045,-0.12623,-0.14826,-0.17059,-0.1932,-0.21606,-0.23916,-0.26245,-0.28591,-0.30952,-0.33323,-0.35703,-0.38087,-0.40474,-0.42861,-0.45245,-0.47625,-0.49999,-0.52365,-0.54723,-0.57072,-0.59409,-0.61736,-0.6405,-0.66351,-0.68636,-0.70905,-0.73153,-0.75377,-0.77573,-0.79734,-0.81854,-0.83924,-0.85934,-0.87871,-0.89724,-0.91476,-0.93112,-0.94616,-0.95968,-0.97153,-0.98152,-0.98949,-0.99531,-0.99884,-1,-0.99874,-0.99503,-0.9889,-0.98041,-0.96965,-0.95673,-0.94182,-0.92506,-0.90664,-0.88674,-0.86554,-0.8432,-0.81989,-0.79575,-0.77091,-0.74548,-0.71957,-0.69324,-0.66656,-0.63958,-0.61231,-0.58478,-0.55699,-0.52894,-0.5006,-0.47194,-0.44293,-0.41352,-0.38366,-0.35328,-0.32231,-0.29068,-0.25828,-0.22503,-0.1908,-0.15549,-0.11895,-0.081035,-0.041598,0
0,-0.020012,-0.039658,-0.059633,-0.079944,-0.10059,-0.12156,-0.14286,-0.16445,-0.18634,-0.20849,-0.23089,-0.25349,-0.27629,-0.29925,-0.32234,-0.34553,-0.3688,-0.39213,-0.41549,-0.43885,-0.46222,-0.48556,-0.50888,-0.53216,-0.5554,-0.57859,-0.60173,-0.62481,-0.64783,-0.67076,-0.6936,-0.71632,-0.73888,-0.76125,-0.78337,-0.80516,-0.82655,-0.84742,-0.86766,-0.88712,-0.90565,-0.92307,-0.93921,-0.95385,-0.96681,-0.97788,-0.98689,-0.99365,-0.99803,-0.99993,-0.99926,-0.996,-0.99017,-0.98183,-0.97108,-0.95805,-0.94292,-0.92586,-0.90708,-0.88676,-0.86512,-0.84233,-0.81858,-0.79402,-0.76879,-0.74302,-0.71679,-0.6902,-0.6633,-0.63614,-0.60875,-0.58114,-0.5533,-0.52524,-0.49693,-0.46833,-0.43941,-0.41012,-0.3804,-0.35018,-0.3194,-0.28798,-0.25581,-0.22282,-0.18888,-0.15388,-0.11768,-0.080164,-0.041167,0
0,-0.019218,-0.038118,-0.057354,-0.076931,-0.096848,-0.1171,-0.13767,-0.15856,-0.17974,-0.20119,-0.22289,-0.24482,-0.26695,-0.28925,-0.3117,-0.33428,-0.35695,-0.3797,-0.40251,-0.42536,-0.44825,-0.47115,-0.49407,-0.51699,-0.53992,-0.56286,-0.5858,-0.60875,-0.63169,-0.65464,-0.67756,-0.70044,-0.72327,-0.74599,-0.76855,-0.79089,-0.81292,-0.83455,-0.85564,-0.87604,-0.8956,-0.91413,-0.93141,-0.94725,-0.9614,-0.97366,-0.98379,-0.99161,-0.99694,-0.99966,-0.99966,-0.99691,-0.99143,-0.98328,-0.97256,-0.95943,-0.94407,-0.92669,-0.90751,-0.88675,-0.86464,-0.84137,-0.81716,-0.79215,-0.76652,-0.74038,-0.71384,-0.68698,-0.65986,-0.63254,-0.60502,-0.57734,-0.54947,-0.52142,-0.49315,-0.46463,-0.43581,-0.40665,-0.37709,-0.34706,-0.31648,-0.28528,-0.25336,-0.22063,-0.18698,-0.15229,-0.11645,-0.079315,-0.040751,0
0,-0.018465,-0.036655,-0.055186,-0.074063,-0.093282,-0.11284,-0.13272,-0.15291,-0.1734,-0.19417,-0.21519,-0.23644,-0.25789,-0.27953,-0.30133,-0.32327,-0.34532,-0.36747,-0.3897,-0.412,-0.43436,-0.45677,-0.47923,-0.50173,-0.52429,-0.54691,-0.56958,-0.59232,-0.61512,-0.63799,-0.66092,-0.68389,-0.7069,-0.7299,-0.75284,-0.77567,-0.79831,-0.82065,-0.84257,-0.86392,-0.88452,-0.90418,-0.92268,-0.93977,-0.95521,-0.96875,-0.98012,-0.98911,-0.99551,-0.99915,-0.99992,-0.99777,-0.99269,-0.98476,-0.97409,-0.96086,-0.94526,-0.92753,-0.90792,-0.88669,-0.86406,-0.84029,-0.81557,-0.7901,-0.76404,-0.73752,-0.71066,-0.68353,-0.6562,-0.62872,-0.6011,-0.57335,-0.54547,-0.51744,-0.48924,-0.46081,-0.43212,-0.40311,-0.37373,-0.34389,-0.31353,-0.28256,-0.2509,-0.21844,-0.18509,-0.15072,-0.11523,-0.078484,-0.040345,0
0,-0.017751,-0.035269,-0.053132,-0.071342,-0.089896,-0.10878,-0.128,-0.14752,-0.16734,-0.18743,-0.20778,-0.22835,-0.24914,-0.27011,-0.29125,-0.31253,-0.33394,-0.35546,-0.37708,-0.39879,-0.42057,-0.44244,-0.46439,-0.48642,-0.50854,-0.53076,-0.55309,-0.57554,-0.59811,-0.62083,-0.64368,-0.66666,-0.68976,-0.71295,-0.73621,-0.75946,-0.78265,-0.80566,-0.82838,-0.85065,-0.87231,-0.89313,-0.91288,-0.93131,-0.94813,-0.96305,-0.97579,-0.98607,-0.99366,-0.99835,-1,-0.99853,-0.99393,-0.98627,-0.97567,-0.96233,-0.94648,-0.92837,-0.9083,-0.88654,-0.86336,-0.83904,-0.81379,-0.78782,-0.76131,-0.7344,-0.7072,-0.67981,-0.65227,-0.62464,-0.59692,-0.56914,-0.54126,-0.51328,-0.48516,-0.45685,-0.42831,-0.39947,-0.37028,-0.34066,-0.31053,-0.27981,-0.24842,-0.21625,-0.1832,-0.14917,-0.11403,-0.077664,-0.039948,0
0,-0.017078,-0.033963,-0.051195,-0.068774,-0.086694,-0.10495,-0.12352,-0.14239,-0.16156,-0.18099,-0.20068,-0.22059,-0.2407,-0.261,-0.28147,-0.30209,-0.32283,-0.3437,-0.36467,-0.38574,-0.40692,-0.42819,-0.44957,-0.47106,-0.49267,-0.51443,-0.53634,-0.55842,-0.58068,-0.60315,-0.62583,-0.64872,-0.67183,-0.69513,-0.71861,-0.7422,-0.76586,-0.78948,-0.81296,-0.83614,-0.85884,-0.88084,-0.90189,-0.92172,-0.94001,-0.95643,-0.97067,-0.98239,-0.99132,-0.9972,-0.99985,-0.99917,-0.99513,-0.98779,-0.97729,-0.96385,-0.94771,-0.9292,-0.90861,-0.88628,-0.8625,-0.83758,-0.81175,-0.78526,-0.75828,-0.73096,-0.70343,-0.67576,-0.64802,-0.62025,-0.59247,-0.56466,-0.53681,-0.5089,-0.48089,-0.45273,-0.42435,-0.39571,-0.36673,-0.33735,-0.30747,-0.27702,-0.24591,-0.21404,-0.18131,-0.14761,-0.11283,-0.076852,-0.039557,0
0,-0.016449,-0.03274,-0.04938,-0.066364,-0.083685,-0.10133,-0.11929,-0.13755,-0.15608,-0.17487,-0.1939,-0.21315,-0.2326,-0.25223,-0.27202,-0.29195,-0.31201,-0.3322,-0.3525,-0.3729,-0.39342,-0.41405,-0.4348,-0.45569,-0.47673,-0.49794,-0.51935,-0.54098,-0.56284,-0.58497,-0.60738,-0.63009,-0.65309,-0.6764,-0.7,-0.72384,-0.74789,-0.77205,-0.79622,-0.82025,-0.84397,-0.86716,-0.88955,-0.91084,-0.9307,-0.94875,-0.96463,-0.97796,-0.98839,-0.99562,-0.99942,-0.99966,-0.99627,-0.98931,-0.97895,-0.9654,-0.94896,-0.92999,-0.90883,-0.88587,-0.86143,-0.83586,-0.80942,-0.78236,-0.75488,-0.72714,-0.69926,-0.67133,-0.64341,-0.61552,-0.58768,-0.55987,-0.53208,-0.50427,-0.4764,-0.4484,-0.42023,-0.39181,-0.36307,-0.33394,-0.30434,-0.27417,-0.24336,-0.2118,-0.1794,-0.14605,-0.11163,-0.076044,-0.039171,0
0,-0.015865,-0.031605,-0.047693,-0.064122,-0.08088,-0.097955,-0.11533,-0.13299,-0.15091,-0.16908,-0.18748,-0.20608,-0.22486,-0.24382,-0.26292,-0.28216,-0.30152,-0.321,-0.34059,-0.36029,-0.3801,-0.40004,-0.42011,-0.44034,-0.46074,-0.48133,-0.50216,-0.52324,-0.54461,-0.5663,-0.58833,-0.61074,-0.63354,-0.65674,-0.68034,-0.70433,-0.72865,-0.75325,-0.77804,-0.80287,-0.82758,-0.85194,-0.87569,-0.8985,-0.92002,-0.93983,-0.9575,-0.97261,-0.98474,-0.99351,-0.99865,-0.99994,-0.99733,-0.99083,-0.98063,-0.96697,-0.95021,-0.93072,-0.90894,-0.88527,-0.86011,-0.83381,-0.80671,-0.77904,-0.75104,-0.72287,-0.69465,-0.66646,-0.63836,-0.61038,-0.58251,-0.55473,-0.52703,-0.49935,-0.47165,-0.44385,-0.41591,-0.38774,-0.35927,-0.33042,-0.30112,-0.27126,-0.24077,-0.20954,-0.17747,-0.14447,-0.11043,-0.075237,-0.038787,0
0,-0.015329,-0.030563,-0.046143,-0.062057,-0.078292,-0.094831,-0.11166,-0.12875,-0.14609,-0.16365,-0.18143,-0.19939,-0.21751,-0.23579,-0.2542,-0.27273,-0.29137,-0.31012,-0.32898,-0.34793,-0.36701,-0.3862,-0.40554,-0.42503,-0.44472,-0.46462,-0.48478,-0.50523,-0.526,-0.54714,-0.56869,-0.59068,-0.61315,-0.63612,-0.6596,-0.6836,-0.70808,-0.73301,-0.75831,-0.78385,-0.80948,-0.83499,-0.8601,-0.88448,-0.90774,-0.92943,-0.94908,-0.96617,-0.98021,-0.99076,-0.99743,-0.99998,-0.99827,-0.99234,-0.98234,-0.96858,-0.95144,-0.93138,-0.90888,-0.88443,-0.85846,-0.83138,-0.80354,-0.77524,-0.74669,-0.71807,-0.6895,-0.66107,-0.63281,-0.60476,-0.57689,-0.54919,-0.52161,-0.4941,-0.46661,-0.43905,-0.41137,-0.38349,-0.35532,-0.32678,-0.2978,-0.26827,-0.23811,-0.20723,-0.17552,-0.14288,-0.10922,-0.07443,-0.038404,0
0,-0.014845,-0.029622,-0.04474,-0.060184,-0.075937,-0.091978,-0.10829,-0.12484,-0.14162,-0.15861,-0.17578,-0.19311,-0.21058,-0.22818,-0.24589,-0.26371,-0.28162,-0.29961,-0.3177,-0.33588,-0.35416,-0.37256,-0.39111,-0.40981,-0.42871,-0.44784,-0.46724,-0.48696,-0.50703,-0.52752,-0.54846,-0.56991,-0.59192,-0.61451,-0.63773,-0.66159,-0.6861,-0.71121,-0.73689,-0.76304,-0.7895,-0.8161,-0.84255,-0.86852,-0.8936,-0.91731,-0.9391,-0.9584,-0.97462,-0.98719,-0.99566,-0.99968,-0.99907,-0.9938,-0.98407,-0.97021,-0.95265,-0.93194,-0.90863,-0.88328,-0.85641,-0.82846,-0.79984,-0.77084,-0.74171,-0.71263,-0.68372,-0.65506,-0.62669,-0.5986,-0.57078,-0.54319,-0.51578,-0.48849,-0.46124,-0.43397,-0.4066,-0.37903,-0.3512,-0.32301,-0.29437,-0.2652,-0.2354,-0.20487,-0.17353,-0.14128,-0.10801,-0.073619,-0.038022,0
0,-0.014417,-0.028789,-0.043496,-0.058518,-0.073833,-0.089417,-0.10525,-0.1213,-0.13755,-0.15398,-0.17056,-0.18727,-0.2041,-0.22103,-0.23804,-0.25513,-0.27228,-0.2895,-0.30679,-0.32416,-0.34161,-0.35917,-0.37686,-0.3947,-0.41275,-0.43102,-0.44958,-0.46846,-0.48773,-0.50744,-0.52766,-0.54843,-0.56983,-0.5919,-0.6147,-0.63826,-0.66261,-0.68776,-0.71366,-0.74026,-0.76744,-0.79502,-0.82276,-0.85033,-0.87729,-0.90313,-0.92727,-0.94902,-0.96769,-0.98262,-0.99319,-0.99896,-0.99966,-0.99522,-0.98583,-0.97185,-0.95382,-0.93235,-0.90812,-0.88175,-0.85386,-0.82495,-0.79546,-0.76572,-0.73599,-0.70645,-0.67721,-0.64835,-0.61989,-0.59181,-0.56408,-0.53666,-0.50947,-0.48245,-0.45551,-0.42857,-0.40155,-0.37435,-0.34689,-0.31908,-0.29082,-0.26203,-0.23261,-0.20247,-0.17152,-0.13965,-0.10678,-0.072804,-0.03764,0
0,-0.01405,-0.028074,-0.042424,-0.057076,-0.072002,-0.087174,-0.10257,-0.11815,-0.1339,-0.14979,-0.16581,-0.18192,-0.19811,-0.21437,-0.23067,-0.24702,-0.26341,-0.27983,-0.29629,-0.31281,-0.32939,-0.34605,-0.36283,-0.37975,-0.39686,-0.4142,-0.43181,-0.44977,-0.46812,-0.48693,-0.50628,-0.52623,-0.54686,-0.56825,-0.59045,-0.61353,-0.63754,-0.66252,-0.68846,-0.71533,-0.74306,-0.7715,-0.80043,-0.82955,-0.85842,-0.88651,-0.91316,-0.93763,-0.95911,-0.97675,-0.98982,-0.99769,-0.99997,-0.99655,-0.98759,-0.97351,-0.95493,-0.93258,-0.90727,-0.87974,-0.85069,-0.8207,-0.79026,-0.75973,-0.72937,-0.69937,-0.66983,-0.64081,-0.6123,-0.58429,-0.55672,-0.52953,-0.50263,-0.47594,-0.44937,-0.42282,-0.3962,-0.36942,-0.34237,-0.31498,-0.28714,-0.25876,-0.22975,-0.20001,-0.16946,-0.138,-0.10554,-0.071984,-0.037257,0
0,-0.01375,-0.027487,-0.041541,-0.055879,-0.070468,-0.085276,-0.10027,-0.11543,-0.13071,-0.1461,-0.16157,-0.17709,-0.19266,-0.20825,-0.22384,-0.23945,-0.25505,-0.27065,-0.28625,-0.30188,-0.31753,-0.33325,-0.34906,-0.36499,-0.38108,-0.3974,-0.41398,-0.43089,-0.44821,-0.466,-0.48434,-0.50332,-0.52302,-0.54353,-0.56494,-0.58733,-0.61079,-0.63537,-0.66112,-0.68804,-0.71611,-0.74522,-0.77519,-0.80576,-0.83652,-0.86693,-0.89629,-0.92377,-0.94842,-0.96923,-0.98525,-0.99567,-0.99991,-0.99776,-0.98936,-0.97518,-0.95595,-0.93257,-0.90598,-0.8771,-0.84673,-0.81554,-0.78406,-0.75268,-0.72168,-0.69123,-0.66142,-0.63229,-0.60381,-0.57594,-0.5486,-0.52172,-0.49519,-0.46891,-0.44277,-0.41668,-0.39053,-0.36421,-0.33763,-0.3107,-0.28331,-0.25538,-0.2268,-0.19749,-0.16737,-0.13633,-0.10428,-0.071159,-0.036873,0
0,-0.013524,-0.027043,-0.040865,-0.054951,-0.069261,-0.083758,-0.098407,-0.11317,-0.12803,-0.14294,-0.15788,-0.17284,-0.18779,-0.20271,-0.2176,-0.23244,-0.24724,-0.26199,-0.27671,-0.2914,-0.3061,-0.32081,-0.33558,-0.35045,-0.36545,-0.38065,-0.3961,-0.41186,-0.42802,-0.44465,-0.46183,-0.47967,-0.49826,-0.51771,-0.53812,-0.5596,-0.58225,-0.60618,-0.63147,-0.65816,-0.68629,-0.71582,-0.74662,-0.77848,-0.81105,-0.84379,-0.87601,-0.90678,-0.93503,-0.95954,-0.97911,-0.99264,-0.99934,-0.9988,-0.99113,-0.97685,-0.95685,-0.93223,-0.90413,-0.87366,-0.84177,-0.80921,-0.77659,-0.74432,-0.71267,-0.6818,-0.65178,-0.62261,-0.59424,-0.5666,-0.5396,-0.51312,-0.48705,-0.46127,-0.43565,-0.4101,-0.38448,-0.3587,-0.33265,-0.30622,-0.27933,-0.25188,-0.22377,-0.19492,-0.16523,-0.13463,-0.10302,-0.070329,-0.036489,0
0,-0.01338,-0.026756,-0.040418,-0.054318,-0.068412,-0.082655,-0.097007,-0.11143,-0.12589,-0.14036,-0.15481,-0.16921,-0.18355,-0.19781,-0.21198,-0.22605,-0.24003,-0.25391,-0.26771,-0.28144,-0.29511,-0.30877,-0.32245,-0.33617,-0.35,-0.36399,-0.3782,-0.3927,-0.40756,-0.42289,-0.43876,-0.45528,-0.47257,-0.49074,-0.50992,-0.53023,-0.55181,-0.57479,-0.59929,-0.62544,-0.65329,-0.6829,-0.71422,-0.74712,-0.78131,-0.81633,-0.85149,-0.88583,-0.91814,-0.94698,-0.97083,-0.98823,-0.99803,-0.99959,-0.99289,-0.97852,-0.95759,-0.93144,-0.90153,-0.86917,-0.8355,-0.80141,-0.76755,-0.73434,-0.70205,-0.67082,-0.64066,-0.61155,-0.58341,-0.55613,-0.52958,-0.50362,-0.47812,-0.45295,-0.42795,-0.40302,-0.37803,-0.35285,-0.32739,-0.30154,-0.27519,-0.24826,-0.22065,-0.19228,-0.16306,-0.1329,-0.10174,-0.069495,-0.036104,0
0,-0.013326,-0.026642,-0.040223,-0.054012,-0.067957,-0.082008,-0.096118,-0.11025,-0.12436,-0.13841,-0.15239,-0.16626,-0.18,-0.1936,-0.20705,-0.22034,-0.23348,-0.24646,-0.2593,-0.27202,-0.28463,-0.29717,-0.30968,-0.32219,-0.33475,-0.34743,-0.36029,-0.3734,-0.38684,-0.40071,-0.4151,-0.43013,-0.44591,-0.46257,-0.48026,-0.49912,-0.51932,-0.54102,-0.56438,-0.58957,-0.61674,-0.64601,-0.67743,-0.71097,-0.74647,-0.78357,-0.82165,-0.85977,-0.89661,-0.93051,-0.95957,-0.98183,-0.99565,-0.99998,-0.99461,-0.9802,-0.9581,-0.93006,-0.89789,-0.86326,-0.82753,-0.7917,-0.75649,-0.72232,-0.68944,-0.65792,-0.62775,-0.59885,-0.57109,-0.54431,-0.51837,-0.49308,-0.46829,-0.44385,-0.41959,-0.39539,-0.37112,-0.34663,-0.32184,-0.29662,-0.27087,-0.24451,-0.21744,-0.18958,-0.16084,-0.13116,-0.10045,-0.068658,-0.035721,0
0,-0.013373,-0.02672,-0.040307,-0.054067,-0.067938,-0.081864,-0.095792,-0.10968,-0.12348,-0.13716,-0.15069,-0.16404,-0.1772,-0.19015,-0.20287,-0.21537,-0.22764,-0.23969,-0.25154,-0.26319,-0.27469,-0.28605,-0.29731,-0.30852,-0.31973,-0.33099,-0.34239,-0.35398,-0.36585,-0.37811,-0.39084,-0.40417,-0.41822,-0.43313,-0.44906,-0.46617,-0.48464,-0.50467,-0.52646,-0.55025,-0.57623,-0.60461,-0.63557,-0.66922,-0.70553,-0.74432,-0.78512,-0.82708,-0.86888,-0.90865,-0.94406,-0.97253,-0.99167,-0.99978,-0.99628,-0.98187,-0.95829,-0.92781,-0.89283,-0.85543,-0.81725,-0.77947,-0.74281,-0.7077,-0.67432,-0.64267,-0.61267,-0.58416,-0.55698,-0.53091,-0.50575,-0.48132,-0.45741,-0.43385,-0.41048,-0.38714,-0.36369,-0.34,-0.31596,-0.29144,-0.26636,-0.24062,-0.21413,-0.18681,-0.15859,-0.12939,-0.099156,-0.067821,-0.03534,0
0,-0.013533,-0.027013,-0.040701,-0.05452,-0.068398,-0.082272,-0.096083,-0.10978,-0.12332,-0.13666,-0.14977,-0.16263,-0.17521,-0.1875,-0.19949,-0.21118,-0.22256,-0.23365,-0.24446,-0.25501,-0.26532,-0.27543,-0.28537,-0.29519,-0.30494,-0.31468,-0.32448,-0.33442,-0.34457,-0.35504,-0.36592,-0.37734,-0.38942,-0.40232,-0.41618,-0.4312,-0.44757,-0.46551,-0.48526,-0.50709,-0.53128,-0.55812,-0.58791,-0.6209,-0.65728,-0.69708,-0.74009,-0.7857,-0.83269,-0.87914,-0.92231,-0.95881,-0.98516,-0.99858,-0.99783,-0.98354,-0.95799,-0.92432,-0.88571,-0.84488,-0.80382,-0.76384,-0.7257,-0.68973,-0.65602,-0.62446,-0.59489,-0.56706,-0.54072,-0.51561,-0.49149,-0.46813,-0.44531,-0.42283,-0.40051,-0.37818,-0.35569,-0.33291,-0.30972,-0.286,-0.26165,-0.23659,-0.21073,-0.18399,-0.15631,-0.12761,-0.097857,-0.066985,-0.034962,0
0,-0.013819,-0.027543,-0.041437,-0.055413,-0.069388,-0.083289,-0.097052,-0.11062,-0.12395,-0.13699,-0.14971,-0.16209,-0.17411,-0.18574,-0.19699,-0.20784,-0.21831,-0.22839,-0.23812,-0.2475,-0.25656,-0.26534,-0.27387,-0.28221,-0.29039,-0.29849,-0.30656,-0.31468,-0.32295,-0.33144,-0.34027,-0.34954,-0.3594,-0.36999,-0.38148,-0.39404,-0.40788,-0.42326,-0.44042,-0.45968,-0.48136,-0.50586,-0.53357,-0.56491,-0.60028,-0.64003,-0.68428,-0.73283,-0.78485,-0.8386,-0.89107,-0.93803,-0.97443,-0.99567,-0.99914,-0.98521,-0.95696,-0.9189,-0.87551,-0.83037,-0.78591,-0.74355,-0.70397,-0.66736,-0.63363,-0.60254,-0.57377,-0.54699,-0.52185,-0.49804,-0.47527,-0.45327,-0.43179,-0.41061,-0.38954,-0.3684,-0.34703,-0.3253,-0.30307,-0.28024,-0.25672,-0.2324,-0.20722,-0.1811,-0.15399,-0.12582,-0.096557,-0.066156,-0.034591,0
0,-0.014244,-0.028337,-0.042555,-0.056794,-0.070961,-0.084976,-0.098765,-0.11227,-0.12543,-0.13821,-0.15058,-0.16249,-0.17395,-0.18492,-0.19541,-0.20541,-0.21492,-0.22396,-0.23255,-0.2407,-0.24844,-0.2558,-0.26283,-0.26956,-0.27606,-0.28237,-0.28857,-0.29472,-0.30091,-0.30722,-0.31377,-0.32065,-0.32801,-0.33598,-0.34472,-0.35443,-0.3653,-0.37758,-0.39155,-0.40753,-0.4259,-0.4471,-0.47161,-0.50001,-0.53293,-0.57101,-0.61485,-0.66483,-0.72084,-0.78179,-0.84496,-0.90546,-0.95622,-0.98953,-0.99994,-0.98687,-0.95471,-0.91037,-0.86047,-0.80987,-0.76147,-0.71668,-0.67593,-0.63913,-0.60593,-0.57587,-0.54846,-0.52324,-0.49979,-0.47772,-0.45669,-0.4364,-0.41658,-0.39699,-0.37741,-0.35768,-0.33762,-0.31709,-0.29597,-0.27415,-0.25154,-0.22804,-0.2036,-0.17815,-0.15164,-0.12402,-0.095264,-0.065337,-0.034228,0
0,-0.014827,-0.029425,-0.044093,-0.058712,-0.073177,-0.087396,-0.10129,-0.11479,-0.12785,-0.14041,-0.15244,-0.16391,-0.17481,-0.18511,-0.19482,-0.20393,-0.21245,-0.2204,-0.22778,-0.23462,-0.24095,-0.2468,-0.25221,-0.25723,-0.2619,-0.26628,-0.27043,-0.27442,-0.27833,-0.28225,-0.28626,-0.29048,-0.29503,-0.30004,-0.30566,-0.31206,-0.31946,-0.32808,-0.33819,-0.35012,-0.36425,-0.38104,-0.40104,-0.42492,-0.45348,-0.48765,-0.52849,-0.57713,-0.6345,-0.70086,-0.77488,-0.8521,-0.92361,-0.97667,-0.99954,-0.98857,-0.95027,-0.89635,-0.83731,-0.77984,-0.72714,-0.68025,-0.63905,-0.60295,-0.57119,-0.54304,-0.51781,-0.4949,-0.47379,-0.45405,-0.43527,-0.41714,-0.39937,-0.38171,-0.36393,-0.34587,-0.32734,-0.30821,-0.28836,-0.26768,-0.24609,-0.22351,-0.19988,-0.17515,-0.14927,-0.12223,-0.093985,-0.064535,-0.033878,0
0,-0.015583,-0.030838,-0.046096,-0.061221,-0.076096,-0.090618,-0.1047,-0.11827,-0.13127,-0.14365,-0.15537,-0.16641,-0.17675,-0.18637,-0.19528,-0.20347,-0.21094,-0.21773,-0.22383,-0.22928,-0.2341,-0.23833,-0.24199,-0.24515,-0.24783,-0.25011,-0.25202,-0.25365,-0.25505,-0.25631,-0.25752,-0.25877,-0.26016,-0.26183,-0.26391,-0.26654,-0.26993,-0.27426,-0.27979,-0.28682,-0.2957,-0.30687,-0.32087,-0.33839,-0.36027,-0.38762,-0.42184,-0.46468,-0.51824,-0.58478,-0.66587,-0.76043,-0.86063,-0.94769,-0.99578,-0.99033,-0.94131,-0.87159,-0.79943,-0.73376,-0.67722,-0.62956,-0.58956,-0.55582,-0.52705,-0.50219,-0.48033,-0.46077,-0.4429,-0.42624,-0.41039,-0.39499,-0.37976,-0.36445,-0.34885,-0.33276,-0.31604,-0.29854,-0.28015,-0.26078,-0.24034,-0.21878,-0.19604,-0.17209,-0.14689,-0.12044,-0.092728,-0.063757,-0.033544,0
0,-0.016533,-0.03261,-0.04861,-0.06438,-0.079786,-0.094716,-0.10907,-0.12278,-0.13578,-0.14802,-0.15946,-0.17007,-0.17984,-0.18876,-0.19683,-0.20404,-0.21042,-0.21596,-0.2207,-0.22465,-0.22784,-0.23031,-0.23209,-0.23322,-0.23374,-0.2337,-0.23316,-0.23218,-0.23081,-0.22914,-0.22722,-0.22515,-0.22302,-0.22094,-0.21901,-0.21736,-0.21615,-0.21555,-0.21575,-0.217,-0.21958,-0.22387,-0.2303,-0.23947,-0.25213,-0.26931,-0.29241,-0.32336,-0.36491,-0.42094,-0.49669,-0.59819,-0.72815,-0.87225,-0.97983,-0.9923,-0.92082,-0.82241,-0.73211,-0.65895,-0.60172,-0.55704,-0.52176,-0.49343,-0.47022,-0.45076,-0.43404,-0.41928,-0.40587,-0.39332,-0.38125,-0.36932,-0.35726,-0.34483,-0.33185,-0.31813,-0.30354,-0.28795,-0.27125,-0.25338,-0.23425,-0.21383,-0.19208,-0.16897,-0.1445,-0.11868,-0.091504,-0.06301,-0.033232,0
0,-0.017697,-0.034779,-0.051687,-0.068248,-0.084315,-0.099762,-0.11449,-0.12841,-0.14146,-0.15359,-0.16476,-0.17495,-0.18414,-0.19233,-0.1995,-0.20568,-0.21087,-0.21509,-0.21835,-0.22068,-0.2221,-0.22266,-0.22237,-0.22127,-0.21942,-0.21684,-0.21359,-0.20971,-0.20527,-0.20032,-0.19493,-0.18915,-0.18308,-0.17678,-0.17035,-0.16387,-0.15747,-0.15126,-0.14538,-0.13999,-0.13528,-0.13149,-0.12891,-0.12791,-0.12899,-0.1328,-0.14031,-0.15289,-0.17267,-0.20307,-0.24987,-0.32341,-0.44257,-0.63641,-0.89374,-0.99504,-0.85779,-0.70469,-0.59922,-0.52997,-0.48333,-0.45078,-0.42728,-0.40975,-0.39622,-0.38539,-0.37635,-0.36842,-0.36111,-0.35403,-0.34685,-0.33932,-0.33122,-0.32234,-0.31254,-0.30167,-0.28961,-0.27626,-0.26154,-0.2454,-0.22777,-0.20864,-0.18798,-0.1658,-0.14212,-0.11695,-0.090326,-0.062307,-0.032949,0
0,-0.019099,-0.037382,-0.055376,-0.072887,-0.089751,-0.10583,-0.12102,-0.13522,-0.14837,-0.16042,-0.17134,-0.1811,-0.18968,-0.19709,-0.20332,-0.20838,-0.21229,-0.21506,-0.21671,-0.21727,-0.21676,-0.2152,-0.21263,-0.20908,-0.20458,-0.19918,-0.19291,-0.18581,-0.17794,-0.16933,-0.16004,-0.15012,-0.13963,-0.12862,-0.11715,-0.10529,-0.093095,-0.08064,-0.067991,-0.055223,-0.042414,-0.029648,-0.017018,-0.0046294,0.007392,0.018892,0.029668,0.039441,0.047795,0.054062,0.05707,0.054508,0.041012,0.00060563,-0.14335,-0.99753,-0.47159,-0.35278,-0.3156,-0.301,-0.29543,-0.29414,-0.29503,-0.297,-0.2994,-0.30182,-0.30397,-0.30563,-0.30661,-0.30675,-0.30592,-0.30399,-0.30083,-0.29635,-0.29043,-0.28299,-0.27396,-0.26327,-0.25087,-0.23673,-0.22083,-0.20316,-0.18374,-0.16259,-0.13974,-0.11526,-0.08921,-0.06166,-0.032702,0
0,-0.020761,-0.040459,-0.059731,-0.07836,-0.096164,-0.11299,-0.12873,-0.14329,-0.15659,-0.16858,-0.17924,-0.18854,-0.19648,-0.20304,-0.20825,-0.21209,-0.2146,-0.21578,-0.21566,-0.21426,-0.21159,-0.20769,-0.20258,-0.19628,-0.18884,-0.18026,-0.1706,-0.15988,-0.14814,-0.13542,-0.12176,-0.10719,-0.09176,-0.075503,-0.058458,-0.040658,-0.022132,-0.0029042,0.017015,0.037625,0.058945,0.081015,0.10391,0.12775,0.1527,0.17904,0.20717,0.23768,0.27149,0.31006,0.35584,0.41308,0.48981,0.60189,0.7776,0.98681,0.80851,0.42055,0.19377,0.065542,-0.015709,-0.072282,-0.1144,-0.14724,-0.17363,-0.19524,-0.2131,-0.22785,-0.2399,-0.24951,-0.25686,-0.26203,-0.26508,-0.26602,-0.26486,-0.2616,-0.2562,-0.24868,-0.23902,-0.22723,-0.21333,-0.19734,-0.17932,-0.15931,-0.13739,-0.11365,-0.088174,-0.061085,-0.032501,0
0,-0.022709,-0.044051,-0.064805,-0.084728,-0.10362,-0.12132,-0.1377,-0.15267,-0.16615,-0.1781,-0.18849,-0.1973,-0.20452,-0.21016,-0.21422,-0.21672,-0.21767,-0.21709,-0.21499,-0.21139,-0.20631,-0.19976,-0.19178,-0.18238,-0.17159,-0.15942,-0.14591,-0.13108,-0.11497,-0.097598,-0.07901,-0.059237,-0.038312,-0.016267,0.0068669,0.031066,0.056313,0.082604,0.10995,0.13838,0.16794,0.19874,0.2309,0.26462,0.30016,0.33789,0.37832,0.42214,0.47026,0.52395,0.58484,0.65491,0.73605,0.82818,0.92327,0.99218,0.97846,0.84979,0.65763,0.47236,0.32148,0.2044,0.11363,0.042173,-0.015073,-0.061657,-0.10001,-0.13179,-0.15816,-0.17994,-0.1977,-0.21184,-0.22265,-0.23033,-0.23503,-0.23684,-0.23586,-0.23213,-0.22573,-0.21672,-0.20516,-0.19112,-0.1747,-0.15598,-0.13508,-0.11212,-0.087241,-0.060601,-0.032359,0
0,-0.024967,-0.048199,-0.070649,-0.092049,-0.11218,-0.13086,-0.14797,-0.1634,-0.17709,-0.18899,-0.19907,-0.20732,-0.21374,-0.21834,-0.22112,-0.2221,-0.22129,-0.21871,-0.21436,-0.20826,-0.20043,-0.19087,-0.1796,-0.16664,-0.15201,-0.13571,-0.11779,-0.09826,-0.077159,-0.054524,-0.030395,-0.00482,0.022151,0.050465,0.080072,0.11092,0.14297,0.17618,0.21052,0.246,0.28261,0.32039,0.35941,0.39976,0.44159,0.48509,0.53047,0.57801,0.62799,0.68066,0.73611,0.79404,0.85327,0.91096,0.96129,0.99424,0.996,0.95403,0.86609,0.74469,0.61004,0.47914,0.36118,0.25904,0.17222,0.098948,0.037206,-0.014821,-0.058639,-0.095439,-0.12614,-0.15145,-0.17191,-0.18794,-0.19985,-0.2079,-0.21227,-0.21315,-0.21066,-0.20495,-0.19616,-0.1844,-0.16982,-0.15257,-0.1328,-0.11069,-0.086437,-0.060231,-0.03229,0
0,-0.027562,-0.052942,-0.077313,-0.10038,-0.12189,-0.14167,-0.15957,-0.17551,-0.1894,-0.20121,-0.21092,-0.21852,-0.22402,-0.22742,-0.22872,-0.22796,-0.22512,-0.22023,-0.21329,-0.20431,-0.19328,-0.18022,-0.16514,-0.14803,-0.12893,-0.10784,-0.084804,-0.059857,-0.03305,-0.0044483,0.02587,0.057815,0.091284,0.12616,0.16234,0.19968,0.23807,0.27737,0.31746,0.35824,0.3996,0.44146,0.48375,0.52642,0.56942,0.61271,0.65627,0.70002,0.74385,0.78755,0.83073,0.87271,0.91239,0.94803,0.97699,0.99559,0.99921,0.98286,0.94266,0.87761,0.79083,0.68906,0.58058,0.47283,0.37108,0.2783,0.19566,0.12318,0.060315,0.0062734,-0.039774,-0.0786,-0.11087,-0.13717,-0.15796,-0.17366,-0.18461,-0.19108,-0.19333,-0.1916,-0.1861,-0.17704,-0.16462,-0.14906,-0.13058,-0.10941,-0.085794,-0.060005,-0.032314,0
0,-0.030522,-0.058321,-0.084842,-0.10975,-0.13279,-0.15377,-0.17252,-0.18896,-0.20303,-0.21469,-0.22392,-0.23073,-0.23512,-0.2371,-0.23668,-0.23386,-0.22866,-0.22106,-0.21107,-0.19868,-0.18388,-0.16668,-0.14707,-0.12507,-0.10069,-0.073969,-0.044965,-0.013754,0.019558,0.054841,0.091934,0.13066,0.1708,0.21213,0.25442,0.2974,0.34084,0.38447,0.42807,0.47142,0.51433,0.55662,0.59816,0.63881,0.67848,0.71707,0.7545,0.79065,0.8254,0.85856,0.88984,0.91886,0.94502,0.96752,0.98522,0.99663,0.99988,0.99274,0.97288,0.93821,0.88755,0.82112,0.74095,0.6507,0.55498,0.45841,0.36493,0.27738,0.19749,0.12607,0.063308,0.0090028,-0.037254,-0.075959,-0.10761,-0.13272,-0.15173,-0.16507,-0.17311,-0.17621,-0.17468,-0.16885,-0.159,-0.14542,-0.12841,-0.10828,-0.085351,-0.05996,-0.032455,0
0,-0.033874,-0.064375,-0.093279,-0.12022,-0.14492,-0.16715,-0.18678,-0.20371,-0.21788,-0.22927,-0.23787,-0.24368,-0.24671,-0.24697,-0.24446,-0.23918,-0.23113,-0.22028,-0.20662,-0.19013,-0.17078,-0.14858,-0.12353,-0.095634,-0.064952,-0.03156,0.0044197,0.04282,0.083424,0.12597,0.17016,0.21563,0.26203,0.30894,0.35598,0.40277,0.44893,0.49414,0.53813,0.58067,0.62156,0.6607,0.69799,0.73338,0.76686,0.79843,0.8281,0.85587,0.88172,0.90563,0.9275,0.94718,0.96444,0.97893,0.99015,0.99747,1,0.99666,0.98614,0.96697,0.93766,0.8969,0.84389,0.77874,0.70266,0.61802,0.5281,0.43654,0.34681,0.26175,0.1834,0.11303,0.051209,-0.0019469,-0.046629,-0.083207,-0.11215,-0.13395,-0.14912,-0.15815,-0.16148,-0.15956,-0.15279,-0.14157,-0.12629,-0.10735,-0.085154,-0.060138,-0.032743,0
0,-0.037652,-0.071145,-0.10267,-0.13181,-0.15826,-0.18179,-0.20228,-0.21961,-0.23375,-0.24469,-0.25241,-0.25693,-0.25824,-0.25637,-0.25128,-0.24297,-0.23141,-0.21655,-0.19837,-0.17681,-0.15186,-0.12351,-0.091765,-0.056704,-0.01844,0.022836,0.066863,0.1133,0.16173,0.21167,0.26259,0.31391,0.36508,0.41554,0.46479,0.5124,0.55801,0.60136,0.64229,0.68067,0.71651,0.74981,0.78066,0.80915,0.83541,0.85955,0.88169,0.90194,0.92038,0.93707,0.95204,0.96525,0.97665,0.98609,0.99336,0.99814,0.99999,0.99836,0.99249,0.98147,0.96422,0.9395,0.90602,0.86263,0.80851,0.74353,0.6685,0.58532,0.49682,0.40642,0.31759,0.23338,0.15608,0.087206,0.027509,-0.022793,-0.063878,-0.096154,-0.12018,-0.13656,-0.1459,-0.14879,-0.14579,-0.13742,-0.1242,-0.10664,-0.085257,-0.060598,-0.033218,0
0,-0.041895,-0.078679,-0.11304,-0.14452,-0.17279,-0.19762,-0.21887,-0.23646,-0.25035,-0.26054,-0.26703,-0.26983,-0.26893,-0.26432,-0.25596,-0.24382,-0.22781,-0.20788,-0.18396,-0.156,-0.12396,-0.087877,-0.047834,-0.0040117,0.043297,0.093682,0.14661,0.20144,0.25745,0.31384,0.36982,0.42464,0.47762,0.52821,0.57599,0.62066,0.66209,0.70024,0.73517,0.76701,0.79593,0.82215,0.84587,0.86731,0.88668,0.90416,0.91993,0.93413,0.94687,0.95824,0.96831,0.97711,0.98462,0.9908,0.99553,0.99867,0.99998,0.99914,0.99573,0.9892,0.97883,0.96375,0.94291,0.91509,0.87899,0.83338,0.77733,0.71055,0.63371,0.54867,0.45838,0.36655,0.277,0.19309,0.11734,0.051292,-0.004352,-0.049531,-0.084605,-0.11021,-0.12707,-0.13597,-0.13764,-0.13279,-0.12209,-0.10618,-0.085725,-0.061409,-0.033931,0
0,-0.046653,-0.087033,-0.12444,-0.15837,-0.18847,-0.2145,-0.23634,-0.25392,-0.26722,-0.27623,-0.28097,-0.28143,-0.27758,-0.26937,-0.25673,-0.23956,-0.21776,-0.1912,-0.1598,-0.12351,-0.082355,-0.036465,0.013877,0.068215,0.1259,0.18612,0.24788,0.31013,0.37176,0.43175,0.48918,0.54336,0.59377,0.64014,0.68238,0.72055,0.75484,0.78549,0.81282,0.83714,0.85876,0.87798,0.89508,0.91031,0.92388,0.93598,0.94678,0.95641,0.96498,0.97257,0.97924,0.98502,0.98994,0.99396,0.99704,0.99909,0.99998,0.99952,0.99748,0.99351,0.98717,0.97789,0.96494,0.94741,0.92416,0.89388,0.85512,0.80646,0.74683,0.67584,0.5943,0.50447,0.40996,0.31521,0.22464,0.14193,0.06955,0.0087793,-0.040059,-0.077312,-0.10374,-0.12026,-0.12784,-0.12741,-0.11985,-0.10598,-0.086631,-0.062662,-0.034953,0
0,-0.052,-0.096286,-0.13692,-0.17335,-0.20519,-0.23223,-0.25434,-0.27148,-0.28365,-0.29084,-0.29305,-0.29025,-0.28235,-0.26926,-0.25082,-0.22686,-0.19721,-0.16172,-0.1203,-0.072999,-0.020022,0.038171,0.10085,0.16698,0.23529,0.30433,0.37258,0.43863,0.50127,0.55959,0.61301,0.66127,0.70439,0.7426,0.77622,0.8057,0.83147,0.85398,0.87365,0.89085,0.90591,0.91914,0.93079,0.94106,0.95015,0.9582,0.96535,0.97169,0.9773,0.98225,0.98659,0.99034,0.99351,0.9961,0.99808,0.9994,0.99998,0.99972,0.99846,0.996,0.99208,0.98633,0.97829,0.96733,0.95265,0.93322,0.90776,0.87473,0.8324,0.77909,0.71352,0.63544,0.54618,0.44902,0.34886,0.25126,0.16124,0.082394,0.016685,-0.035321,-0.074024,-0.10038,-0.11559,-0.12084,-0.11729,-0.10602,-0.088056,-0.064472,-0.036375,0
0,-0.058043,-0.10655,-0.15054,-0.18942,-0.22279,-0.25045,-0.27231,-0.28836,-0.29858,-0.30297,-0.30148,-0.29401,-0.28039,-0.2604,-0.2338,-0.2003,-0.15967,-0.1118,-0.056755,0.0050801,0.072928,0.14556,0.22132,0.29825,0.37425,0.44736,0.51593,0.57882,0.63538,0.68545,0.72924,0.76717,0.79985,0.82788,0.85191,0.87249,0.89015,0.90534,0.91845,0.92979,0.93965,0.94825,0.95579,0.96241,0.96825,0.97341,0.97798,0.98203,0.98561,0.98877,0.99152,0.99391,0.99592,0.99755,0.9988,0.99963,0.99999,0.99982,0.99903,0.9975,0.99505,0.99148,0.98649,0.97969,0.97055,0.95838,0.94224,0.92091,0.89282,0.85608,0.80853,0.74811,0.67344,0.58479,0.48482,0.37876,0.27342,0.17547,0.089904,0.01945,-0.035128,-0.074391,-0.099627,-0.11236,-0.11409,-0.10623,-0.090082,-0.066985,-0.038329,0
0,-0.064951,-0.11798,-0.16538,-0.2065,-0.24097,-0.26863,-0.28941,-0.30332,-0.31034,-0.3104,-0.30336,-0.28897,-0.26692,-0.23681,-0.19822,-0.15082,-0.094443,-0.029292,0.043892,0.1237,0.20801,0.29415,0.3792,0.46038,0.5355,0.60312,0.66259,0.71398,0.75779,0.79481,0.82593,0.85202,0.87391,0.89229,0.90777,0.92086,0.93199,0.94148,0.94963,0.95666,0.96275,0.96806,0.97271,0.97679,0.9804,0.98358,0.98641,0.98891,0.99113,0.99308,0.99479,0.99627,0.99751,0.99852,0.99928,0.99978,1,0.99988,0.99937,0.99841,0.99689,0.99468,0.9916,0.98742,0.98181,0.97433,0.96438,0.95112,0.93342,0.90974,0.87809,0.83595,0.78056,0.70943,0.62148,0.51844,0.40573,0.2916,0.18482,0.092145,0.017184,-0.03921,-0.077938,-0.10076,-0.10964,-0.10641,-0.092773,-0.070389,-0.040996,0
0,-0.072981,-0.13081,-0.18151,-0.22443,-0.25925,-0.28585,-0.30423,-0.31436,-0.31615,-0.30938,-0.29372,-0.26866,-0.2336,-0.18791,-0.13111,-0.063064,0.015648,0.10348,0.19773,0.29473,0.39032,0.48058,0.56255,0.63454,0.6961,0.74772,0.79043,0.8255,0.85419,0.87766,0.89689,0.91272,0.92581,0.93669,0.9458,0.95346,0.95996,0.9655,0.97026,0.97437,0.97793,0.98105,0.98378,0.9862,0.98833,0.99022,0.9919,0.9934,0.99472,0.99589,0.99692,0.9978,0.99854,0.99914,0.99959,0.99989,1,0.99991,0.99959,0.99899,0.99805,0.99669,0.99482,0.99229,0.9889,0.9844,0.97842,0.97045,0.95975,0.9453,0.92565,0.89874,0.86186,0.8116,0.74431,0.65732,0.55101,0.43066,0.30629,0.18945,0.089176,0.010045,-0.047188,-0.084013,-0.10284,-0.10614,-0.096131,-0.074912,-0.04464,0
0,-0.082535,-0.14535,-0.19898,-0.24283,-0.27669,-0.30052,-0.31431,-0.31792,-0.31105,-0.29315,-0.26346,-0.22103,-0.16491,-0.09449,-0.009964,0.08706,0.19315,0.30312,0.41094,0.51104,0.59953,0.67469,0.73665,0.78672,0.8267,0.85847,0.8837,0.9038,0.91989,0.93285,0.94338,0.95198,0.95908,0.96497,0.96991,0.97408,0.97762,0.98065,0.98327,0.98553,0.98751,0.98925,0.99078,0.99214,0.99335,0.99442,0.99538,0.99623,0.99699,0.99767,0.99826,0.99876,0.99919,0.99953,0.99979,0.99995,1,0.99993,0.99973,0.99935,0.99878,0.99797,0.99685,0.99535,0.99336,0.99072,0.98723,0.9826,0.97639,0.96799,0.95649,0.94054,0.91818,0.88653,0.84169,0.77885,0.69344,0.58381,0.45468,0.31815,0.18959,0.081086,-0.0017338,-0.058523,-0.091709,-0.10452,-0.099989,-0.080811,-0.049648,0
0,-0.094224,-0.16198,-0.21763,-0.26082,-0.29148,-0.30961,-0.31504,-0.30728,-0.28547,-0.24835,-0.19443,-0.12233,-0.031594,0.076291,0.19686,0.3226,0.44446,0.55451,0.64804,0.72391,0.78357,0.82965,0.86497,0.89202,0.91284,0.92897,0.94158,0.95153,0.95946,0.96585,0.97104,0.9753,0.97883,0.98178,0.98427,0.98638,0.98818,0.98974,0.99109,0.99227,0.9933,0.99422,0.99503,0.99575,0.9964,0.99698,0.9975,0.99797,0.99838,0.99875,0.99907,0.99935,0.99958,0.99976,0.9999,0.99998,1,0.99995,0.99982,0.99959,0.99926,0.99878,0.99813,0.99727,0.99614,0.99465,0.99269,0.9901,0.98665,0.982,0.97565,0.96681,0.95432,0.93632,0.90998,0.87105,0.81363,0.73096,0.61846,0.47934,0.32813,0.18557,0.068018,-0.0178,-0.07245,-0.099711,-0.10378,-0.088308,-0.056575,0
0,-0.10893,-0.181,-0.2368,-0.27639,-0.29985,-0.30694,-0.2969,-0.26825,-0.21886,-0.14632,-0.048983,0.072073,0.21091,0.35606,0.49358,0.61239,0.70769,0.78035,0.83418,0.8736,0.90245,0.92371,0.93954,0.95147,0.96058,0.96763,0.97315,0.97753,0.98105,0.9839,0.98624,0.98818,0.98979,0.99116,0.99231,0.99331,0.99416,0.99491,0.99556,0.99613,0.99664,0.99709,0.99749,0.99785,0.99818,0.99847,0.99874,0.99897,0.99919,0.99937,0.99954,0.99968,0.9998,0.99989,0.99996,0.99999,1,0.99996,0.99988,0.99975,0.99956,0.99929,0.99894,0.99846,0.99785,0.99704,0.996,0.99462,0.99281,0.99038,0.98708,0.98252,0.97607,0.96675,0.95294,0.93199,0.89957,0.84895,0.77099,0.657,0.50693,0.33772,0.17795,0.050213,-0.037623,-0.087824,-0.106,-0.097378,-0.066185,0
0,-0.12778,-0.20221,-0.25433,-0.28472,-0.2932,-0.27844,-0.23777,-0.1674,-0.063711,0.073427,0.23589,0.40519,0.55916,0.68324,0.7749,0.83937,0.88383,0.91449,0.93585,0.95097,0.96186,0.96986,0.97582,0.98035,0.98384,0.98657,0.98874,0.99048,0.99188,0.99304,0.994,0.9948,0.99548,0.99605,0.99655,0.99698,0.99735,0.99767,0.99796,0.99822,0.99845,0.99865,0.99884,0.999,0.99916,0.99929,0.99942,0.99953,0.99963,0.99972,0.99979,0.99986,0.99992,0.99996,0.99999,1,1,0.99997,0.99993,0.99986,0.99975,0.99961,0.99943,0.99919,0.99887,0.99847,0.99795,0.99727,0.99638,0.9952,0.99362,0.99144,0.9884,0.98402,0.97754,0.96765,0.95206,0.92672,0.88458,0.81435,0.70201,0.54103,0.3495,0.16771,0.028113,-0.060346,-0.10279,-0.10713,-0.079342,0
0,-0.15166,-0.2235,-0.26386,-0.27331,-0.24951,-0.18725,-0.079699,0.076332,0.26986,0.4694,0.63881,0.7617,0.84283,0.89445,0.92725,0.94844,0.96247,0.972,0.97865,0.98339,0.98686,0.98944,0.99139,0.9929,0.99408,0.99502,0.99577,0.99639,0.99689,0.99731,0.99766,0.99795,0.99821,0.99843,0.99861,0.99878,0.99892,0.99905,0.99917,0.99927,0.99936,0.99944,0.99952,0.99959,0.99965,0.99971,0.99976,0.99981,0.99985,0.99989,0.99992,0.99995,0.99997,0.99999,1,1,1,0.99998,0.99996,0.99992,0.99987,0.99981,0.99972,0.99961,0.99946,0.99928,0.99904,0.99874,0.99834,0.99783,0.99714,0.99621,0.99492,0.99309,0.99041,0.98634,0.97994,0.96944,0.95147,0.91944,0.86099,0.75628,0.58723,0.3682,0.15684,0.0026211,-0.084408,-0.11404,-0.096358,0
0,-0.1791,-0.23621,-0.24602,-0.20493,-0.10207,0.072972,0.30754,0.54546,0.72656,0.83917,0.90333,0.93956,0.96056,0.97322,0.98115,0.98632,0.9898,0.99221,0.99393,0.99518,0.99612,0.99683,0.99737,0.9978,0.99814,0.99842,0.99864,0.99883,0.99898,0.99911,0.99922,0.99931,0.99939,0.99946,0.99953,0.99958,0.99963,0.99967,0.99971,0.99975,0.99978,0.99981,0.99983,0.99986,0.99988,0.9999,0.99992,0.99993,0.99995,0.99996,0.99997,0.99998,0.99999,1,1,1,1,0.99999,0.99998,0.99996,0.99994,0.99992,0.99988,0.99983,0.99978,0.9997,0.99961,0.99949,0.99934,0.99915,0.9989,0.99855,0.99809,0.99743,0.99649,0.99508,0.99289,0.98934,0.98326,0.97229,0.95127,0.90883,0.82138,0.65402,0.40336,0.14987,-0.024018,-0.10655,-0.11446,0
0,-0.19742,-0.20688,-0.13036,0.053967,0.34104,0.62909,0.81437,0.90668,0.95018,0.97148,0.9826,0.98879,0.99243,0.99469,0.99615,0.99713,0.9978,0.99829,0.99864,0.9989,0.9991,0.99925,0.99937,0.99947,0.99955,0.99961,0.99966,0.9997,0.99974,0.99977,0.9998,0.99982,0.99984,0.99986,0.99987,0.99989,0.9999,0.99991,0.99992,0.99993,0.99994,0.99995,0.99995,0.99996,0.99997,0.99997,0.99998,0.99998,0.99999,0.99999,0.99999,1,1,1,1,1,1,1,0.99999,0.99999,0.99998,0.99997,0.99996,0.99994,0.99993,0.9999,0.99988,0.99984,0.99979,0.99974,0.99966,0.99957,0.99943,0.99925,0.99899,0.99861,0.99804,0.99711,0.99557,0.99282,0.98757,0.97676,0.95246,0.89357,0.751,0.47545,0.15906,-0.045239,-0.11858,0
0,-0.13707,0.023836,0.36839,0.72052,0.89498,0.95789,0.98095,0.99036,0.99465,0.9968,0.99796,0.99864,0.99905,0.99931,0.99949,0.99961,0.9997,0.99976,0.9998,0.99984,0.99987,0.99989,0.9999,0.99992,0.99993,0.99994,0.99995,0.99995,0.99996,0.99996,0.99997,0.99997,0.99997,0.99998,0.99998,0.99998,0.99998,0.99999,0.99999,0.99999,0.99999,0.99999,0.99999,0.99999,0.99999,1,1,1,1,1,1,1,1,1,1,1,1,1,1,1,1,0.99999,0.99999,0.99999,0.99998,0.99998,0.99997,0.99997,0.99996,0.99995,0.99993,0.99992,0.99989,0.99986,0.99981,0.99975,0.99965,0.9995,0.99925,0.99882,0.99802,0.99641,0.99283,0.98384,0.95796,0.87426,0.62608,0.22484,-0.038841,0
0,0.45348,0.83973,0.96207,0.9894,0.99638,0.99853,0.99932,0.99964,0.9998,0.99987,0.99992,0.99994,0.99996,0.99997,0.99998,0.99998,0.99999,0.99999,0.99999,0.99999,0.99999,0.99999,1,1,1,1,1,1,1,1,1,1,1,1,1,1,1,1,1,1,1,1,1,1,1,1,1,1,1,1,1,1,1,1,1,1,1,1,1,1,1,1,1,1,1,1,1,1,1,1,1,0.99999,0.99999,0.99999,0.99999,0.99998,0.99998,0.99997,0.99996,0.99993,0.99989,0.99981,0.99963,0.9992,0.99794,0.9935,0.97389,0.87334,0.50276,0
1,1,1,1,1,1,1,1,1,1,1,1,1,1,1,1,1,1,1,1,1,1,1,1,1,1,1,1,1,1,1,1,1,1,1,1,1,1,1,1,1,1,1,1,1,1,1,1,1,1,1,1,1,1,1,1,1,1,1,1,1,1,1,1,1,1,1,1,1,1,1,1,1,1,1,1,1,1,1,1,1,1,1,1,1,1,1,1,1,1,1
