0,0,0,0,0,0,0,0,0,0,0,0,0,0,0,0,0,0,0,0,0,0,0,0,0,0,0,0,0,0,0,0,0,0,0,0,0,0,0,0,0,0,0,0,0,0,0,0,0,0,0,0,0,0,0,0,0,0,0,0,0,0,0,0,0,0,0,0,0,0,0,0,0,0,0,0,0,0,0,0,0,0,0,0,0,0,0,0,0,0,0
0,0.70794,0.90012,0.97167,0.99774,0.98476,0.34712,-0.84119,-0.94653,-0.97224,-0.98287,-0.98842,-0.99171,-0.99382,-0.99526,-0.99628,-0.99703,-0.9976,-0.99803,-0.99837,-0.99864,-0.99885,-0.99903,-0.99917,-0.99929,-0.99939,-0.99948,-0.99955,-0.99962,-0.99967,-0.99972,-0.99976,-0.9998,-0.99983,-0.99986,-0.99988,-0.9999,-0.99992,-0.99994,-0.99995,-0.99997,-0.99998,-0.99999,-0.99999,-1,-1,-1,-1,-0.99999,-0.99998,-0.99997,-0.99995,-0.99993,-0.99991,-0.99988,-0.99984,-0.9998,-0.99975,-0.99969,-0.99962,-0.99954,-0.99944,-0.99932,-0.99919,-0.99902,-0.99883,-0.99859,-0.9983,-0.99793,-0.99748,-0.99689,-0.99612,-0.99507,-0.99359,-0.99138,-0.98782,-0.98139,-0.96733,-0.9232,-0.59947,0.81944,0.98071,0.99774,0.99998,0.99777,0.99166,0.97863,0.94991,0.88124,0.7062,0
0,0.4385,0.70914,0.91856,0.93667,-0.34859,-0.74844,-0.86034,-0.91085,-0.93875,-0.95587,-0.96711,-0.97484,-0.98035,-0.98439,-0.98742,-0.98973,-0.99154,-0.99296,-0.9941,-0.99502,-0.99578,-0.9964,-0.99692,-0.99736,-0.99773,-0.99804,-0.99831,-0.99855,-0.99875,-0.99893,-0.99909,-0.99922,-0.99935,-0.99945,-0.99955,-0.99963,-0.99971,-0.99977,-0.99983,-0.99988,-0.99992,-0.99995,-0.99998,-0.99999,-1,-1,-0.99999,-0.99996,-0.99993,-0.99988,-0.99982,-0.99975,-0.99965,-0.99954,-0.99941,-0.99925,-0.99906,-0.99884,-0.99858,-0.99828,-0.99793,-0.99751,-0.99703,-0.99645,-0.99577,-0.99495,-0.99397,-0.99277,-0.9913,-0.98947,-0.98715,-0.98414,-0.98014,-0.97464,-0.96676,-0.95474,-0.93479,-0.89705,-0.80855,-0.5159,0.40715,0.92034,0.99532,0.99688,0.97515,0.93091,0.85016,0.70742,0.4718,0
0,0.2405,0.40373,0.73804,-0.61387,-0.71647,-0.78868,-0.84105,-0.8791,-0.90689,-0.92736,-0.94262,-0.95414,-0.96295,-0.96976,-0.9751,-0.97933,-0.98271,-0.98545,-0.98768,-0.98952,-0.99105,-0.99232,-0.9934,-0.99431,-0.99509,-0.99576,-0.99634,-0.99684,-0.99728,-0.99766,-0.998,-0.9983,-0.99857,-0.99881,-0.99902,-0.9992,-0.99937,-0.99951,-0.99963,-0.99974,-0.99983,-0.9999,-0.99995,-0.99998,-1,-0.99999,-0.99997,-0.99992,-0.99984,-0.99974,-0.99961,-0.99944,-0.99924,-0.99899,-0.9987,-0.99836,-0.99796,-0.99749,-0.99694,-0.9963,-0.99556,-0.9947,-0.99369,-0.99252,-0.99114,-0.98951,-0.98758,-0.98528,-0.98251,-0.97915,-0.97501,-0.96986,-0.96335,-0.95493,-0.94381,-0.92863,-0.90706,-0.87467,-0.82189,-0.72446,-0.50618,0.073968,0.83992,0.99998,0.95237,0.85147,0.71117,0.53045,0.31334,0
0,0.072756,-0.34379,-0.7883,-0.70927,-0.73493,-0.77536,-0.81443,-0.84821,-0.87615,-0.8988,-0.91701,-0.93161,-0.94334,-0.95279,-0.96044,-0.96668,-0.9718,-0.97602,-0.97952,-0.98245,-0.98491,-0.98699,-0.98876,-0.99027,-0.99157,-0.9927,-0.99368,-0.99454,-0.99529,-0.99595,-0.99654,-0.99706,-0.99752,-0.99793,-0.99829,-0.99861,-0.9989,-0.99915,-0.99937,-0.99955,-0.9997,-0.99983,-0.99992,-0.99997,-1,-0.99999,-0.99994,-0.99985,-0.99972,-0.99954,-0.99931,-0.99902,-0.99867,-0.99824,-0.99774,-0.99716,-0.99647,-0.99567,-0.99475,-0.99368,-0.99244,-0.99101,-0.98936,-0.98744,-0.98522,-0.98263,-0.97961,-0.97606,-0.97187,-0.96689,-0.96095,-0.95377,-0.94504,-0.93431,-0.92094,-0.90405,-0.88233,-0.85379,-0.81519,-0.76067,-0.67801,-0.53434,-0.19929,0.77295,0.93217,0.72631,0.54579,0.37593,0.20921,0
0,-0.16745,-0.93367,-0.70087,-0.68554,-0.71212,-0.74809,-0.78415,-0.81706,-0.84581,-0.87032,-0.89092,-0.90812,-0.92241,-0.93429,-0.94417,-0.9524,-0.95928,-0.96506,-0.96993,-0.97405,-0.97756,-0.98055,-0.98313,-0.98534,-0.98727,-0.98894,-0.9904,-0.99168,-0.99282,-0.99382,-0.99471,-0.9955,-0.9962,-0.99682,-0.99738,-0.99788,-0.99832,-0.9987,-0.99903,-0.99932,-0.99955,-0.99974,-0.99988,-0.99996,-1,-0.99998,-0.9999,-0.99977,-0.99956,-0.99928,-0.99893,-0.99849,-0.99795,-0.99731,-0.99655,-0.99566,-0.99463,-0.99344,-0.99206,-0.99047,-0.98865,-0.98657,-0.98417,-0.98142,-0.97826,-0.97462,-0.97042,-0.96557,-0.95994,-0.95339,-0.94573,-0.93674,-0.92614,-0.91358,-0.89863,-0.88074,-0.85925,-0.83331,-0.80188,-0.76364,-0.71683,-0.65876,-0.58344,-0.46367,0.97771,0.49159,0.35654,0.24462,0.13695,0
0,-0.9432,-0.66339,-0.62124,-0.64187,-0.67694,-0.71493,-0.75167,-0.78543,-0.81553,-0.84185,-0.86459,-0.88407,-0.90067,-0.91477,-0.92674,-0.9369,-0.94554,-0.9529,-0.95918,-0.96456,-0.96919,-0.97317,-0.97662,-0.97962,-0.98224,-0.98453,-0.98655,-0.98832,-0.98989,-0.99129,-0.99253,-0.99364,-0.99463,-0.99551,-0.9963,-0.997,-0.99762,-0.99816,-0.99863,-0.99904,-0.99937,-0.99963,-0.99983,-0.99995,-1,-0.99997,-0.99986,-0.99966,-0.99937,-0.99898,-0.99848,-0.99785,-0.9971,-0.9962,-0.99514,-0.99391,-0.99248,-0.99083,-0.98894,-0.98677,-0.9843,-0.98149,-0.97828,-0.97463,-0.97047,-0.96574,-0.96035,-0.95419,-0.94715,-0.9391,-0.92987,-0.91927,-0.90708,-0.89306,-0.87693,-0.85838,-0.83709,-0.81279,-0.78529,-0.75463,-0.72136,-0.68722,-0.65715,-0.64754,-0.74977,-0.29279,0.11864,0.12543,0.082032,0
0,-0.53642,-0.51408,-0.55034,-0.59364,-0.63731,-0.67912,-0.718,-0.75344,-0.78523,-0.8134,-0.83813,-0.85969,-0.87839,-0.89455,-0.90849,-0.92049,-0.93084,-0.93977,-0.94748,-0.95415,-0.95993,-0.96497,-0.96936,-0.9732,-0.97657,-0.97954,-0.98216,-0.98449,-0.98656,-0.9884,-0.99004,-0.99151,-0.99283,-0.994,-0.99505,-0.99599,-0.99682,-0.99754,-0.99818,-0.99871,-0.99916,-0.99951,-0.99977,-0.99993,-1,-0.99996,-0.99981,-0.99955,-0.99915,-0.99863,-0.99796,-0.99713,-0.99613,-0.99494,-0.99354,-0.99192,-0.99004,-0.98789,-0.98544,-0.98264,-0.97947,-0.97588,-0.97182,-0.96723,-0.96205,-0.95621,-0.94962,-0.94219,-0.93381,-0.92435,-0.91369,-0.90167,-0.88813,-0.8729,-0.85581,-0.83671,-0.81549,-0.79212,-0.76676,-0.73984,-0.71239,-0.68657,-0.66723,-0.66675,-0.72649,-0.98593,-0.25878,-0.00051705,0.03482,0
0,-0.32427,-0.42008,-0.48879,-0.54609,-0.59677,-0.6425,-0.68395,-0.72138,-0.75501,-0.78502,-0.81164,-0.83513,-0.85577,-0.87384,-0.88962,-0.90339,-0.91539,-0.92586,-0.93498,-0.94296,-0.94993,-0.95604,-0.96141,-0.96614,-0.97032,-0.97402,-0.9773,-0.98022,-0.98283,-0.98516,-0.98724,-0.98912,-0.99079,-0.9923,-0.99365,-0.99485,-0.99591,-0.99685,-0.99766,-0.99835,-0.99892,-0.99937,-0.99971,-0.99992,-1,-0.99995,-0.99975,-0.99941,-0.99891,-0.99824,-0.99738,-0.99632,-0.99505,-0.99354,-0.99177,-0.98972,-0.98737,-0.98468,-0.98163,-0.97816,-0.97426,-0.96986,-0.96491,-0.95937,-0.95316,-0.94622,-0.93846,-0.92981,-0.92015,-0.9094,-0.89744,-0.88415,-0.86942,-0.85314,-0.83522,-0.8156,-0.79427,-0.77132,-0.747,-0.72184,-0.6968,-0.67371,-0.65619,-0.65227,-0.68351,-0.8242,-0.86219,-0.17045,-0.013096,0
0,-0.23811,-0.35427,-0.4361,-0.50145,-0.55718,-0.60628,-0.65016,-0.6896,-0.72505,-0.75683,-0.78524,-0.81052,-0.83296,-0.85281,-0.87033,-0.88577,-0.89936,-0.91132,-0.92185,-0.93111,-0.93928,-0.9465,-0.95287,-0.95852,-0.96354,-0.968,-0.97199,-0.97555,-0.97873,-0.98159,-0.98416,-0.98647,-0.98855,-0.99041,-0.99208,-0.99358,-0.9949,-0.99607,-0.99708,-0.99794,-0.99865,-0.99922,-0.99964,-0.9999,-1,-0.99993,-0.99969,-0.99927,-0.99864,-0.99781,-0.99675,-0.99544,-0.99387,-0.99202,-0.98986,-0.98736,-0.9845,-0.98124,-0.97756,-0.9734,-0.96873,-0.96351,-0.95767,-0.95117,-0.94395,-0.93593,-0.92704,-0.91722,-0.90637,-0.89441,-0.88126,-0.86683,-0.85104,-0.83383,-0.81515,-0.79498,-0.77338,-0.75048,-0.72652,-0.70198,-0.67763,-0.65485,-0.63613,-0.62648,-0.63769,-0.70499,-0.94178,-0.48502,-0.073897,0
0,-0.18991,-0.30534,-0.39126,-0.46064,-0.5196,-0.57122,-0.61718,-0.65842,-0.69555,-0.72898,-0.75903,-0.78598,-0.81008,-0.83159,-0.85074,-0.86776,-0.88288,-0.89628,-0.90817,-0.91872,-0.92808,-0.9364,-0.94381,-0.9504,-0.95629,-0.96155,-0.96626,-0.9705,-0.9743,-0.97772,-0.98081,-0.98359,-0.98609,-0.98835,-0.99037,-0.99218,-0.99379,-0.99521,-0.99644,-0.99749,-0.99836,-0.99905,-0.99955,-0.99987,-1,-0.99992,-0.99963,-0.99912,-0.99836,-0.99736,-0.99608,-0.99451,-0.99263,-0.99041,-0.98783,-0.98486,-0.98147,-0.97763,-0.97329,-0.96842,-0.96299,-0.95693,-0.9502,-0.94276,-0.93453,-0.92547,-0.9155,-0.90457,-0.8926,-0.87953,-0.86529,-0.84982,-0.83307,-0.815,-0.79559,-0.77485,-0.75286,-0.72973,-0.70569,-0.6811,-0.65654,-0.63294,-0.61192,-0.59646,-0.59291,-0.61786,-0.73059,-0.9822,-0.179,0
0,-0.15844,-0.26753,-0.35312,-0.42387,-0.48454,-0.53784,-0.58537,-0.62812,-0.66672,-0.70162,-0.73316,-0.76162,-0.78726,-0.8103,-0.83097,-0.84949,-0.86605,-0.88085,-0.89406,-0.90587,-0.91641,-0.92584,-0.93427,-0.94183,-0.9486,-0.95469,-0.96016,-0.9651,-0.96955,-0.97356,-0.97719,-0.98048,-0.98344,-0.98611,-0.98852,-0.99067,-0.99258,-0.99427,-0.99574,-0.99699,-0.99803,-0.99886,-0.99946,-0.99985,-1,-0.99991,-0.99957,-0.99896,-0.99807,-0.99688,-0.99538,-0.99353,-0.99132,-0.98873,-0.98572,-0.98226,-0.97832,-0.97388,-0.96888,-0.9633,-0.95709,-0.9502,-0.9426,-0.93423,-0.92503,-0.91497,-0.90397,-0.89199,-0.87898,-0.86488,-0.84963,-0.83321,-0.81556,-0.79669,-0.77657,-0.75525,-0.73277,-0.70924,-0.68483,-0.6598,-0.63453,-0.60962,-0.58602,-0.56533,-0.55073,-0.5495,-0.58409,-0.76596,-0.476,0
0,-0.13604,-0.23747,-0.32058,-0.39099,-0.45221,-0.50642,-0.55501,-0.5989,-0.63871,-0.67487,-0.70773,-0.73755,-0.76458,-0.78904,-0.81112,-0.83104,-0.84897,-0.8651,-0.8796,-0.89263,-0.90434,-0.91486,-0.92433,-0.93285,-0.94053,-0.94745,-0.95371,-0.95937,-0.96449,-0.96913,-0.97333,-0.97714,-0.98059,-0.98371,-0.98651,-0.98903,-0.99128,-0.99326,-0.99498,-0.99645,-0.99767,-0.99865,-0.99936,-0.99981,-1,-0.9999,-0.99951,-0.9988,-0.99777,-0.9964,-0.99466,-0.99253,-0.98998,-0.987,-0.98354,-0.97959,-0.9751,-0.97004,-0.96439,-0.95809,-0.95111,-0.94341,-0.93495,-0.92567,-0.91554,-0.90452,-0.89255,-0.87959,-0.86559,-0.85053,-0.83436,-0.81705,-0.79858,-0.77894,-0.75814,-0.73621,-0.71318,-0.68914,-0.66419,-0.63851,-0.61231,-0.58592,-0.5598,-0.53469,-0.51183,-0.49383,-0.48741,-0.51954,-0.88179,0
0,-0.11917,-0.21305,-0.29268,-0.3617,-0.42261,-0.47708,-0.52626,-0.57094,-0.61167,-0.64888,-0.68286,-0.71388,-0.74215,-0.76789,-0.79128,-0.8125,-0.83172,-0.84912,-0.86485,-0.87907,-0.89191,-0.90352,-0.91401,-0.9235,-0.93209,-0.93987,-0.94693,-0.95333,-0.95914,-0.96443,-0.96923,-0.97359,-0.97755,-0.98113,-0.98437,-0.98727,-0.98986,-0.99216,-0.99415,-0.99586,-0.99728,-0.99841,-0.99924,-0.99977,-0.99999,-0.99989,-0.99945,-0.99865,-0.99748,-0.99591,-0.99393,-0.99151,-0.98862,-0.98524,-0.98134,-0.97688,-0.97184,-0.96617,-0.95986,-0.95285,-0.94512,-0.93662,-0.92732,-0.91718,-0.90615,-0.89421,-0.88132,-0.86744,-0.85253,-0.83657,-0.81954,-0.80141,-0.78216,-0.76181,-0.74035,-0.7178,-0.69419,-0.66957,-0.644,-0.61757,-0.59036,-0.5625,-0.53413,-0.50539,-0.47647,-0.44758,-0.41914,-0.39276,-0.38657,0
0,-0.10598,-0.19287,-0.26863,-0.33564,-0.39562,-0.44983,-0.49918,-0.54431,-0.58571,-0.62372,-0.65863,-0.69068,-0.72005,-0.74694,-0.77152,-0.79394,-0.81438,-0.83297,-0.84988,-0.86524,-0.87919,-0.89186,-0.90337,-0.91382,-0.92333,-0.93197,-0.93983,-0.947,-0.95352,-0.95947,-0.96489,-0.96983,-0.97432,-0.97839,-0.98207,-0.98539,-0.98835,-0.99097,-0.99326,-0.99521,-0.99685,-0.99814,-0.99911,-0.99973,-0.99999,-0.99989,-0.9994,-0.99851,-0.99719,-0.99544,-0.99321,-0.9905,-0.98727,-0.98349,-0.97913,-0.97417,-0.96858,-0.96231,-0.95534,-0.94764,-0.93917,-0.92989,-0.91979,-0.90881,-0.89694,-0.88413,-0.87037,-0.85562,-0.83986,-0.82307,-0.80523,-0.78633,-0.76637,-0.74533,-0.72323,-0.70008,-0.67588,-0.65066,-0.62444,-0.59723,-0.56904,-0.53983,-0.50953,-0.47792,-0.44459,-0.40867,-0.36818,-0.31831,-0.24448,0
0,-0.095366,-0.17593,-0.24777,-0.31242,-0.37106,-0.42463,-0.47379,-0.51908,-0.56087,-0.59947,-0.63512,-0.66802,-0.69835,-0.72626,-0.75191,-0.77544,-0.797,-0.81672,-0.83474,-0.8512,-0.86623,-0.87993,-0.89244,-0.90385,-0.91426,-0.92377,-0.93245,-0.94038,-0.94764,-0.95427,-0.96032,-0.96585,-0.97089,-0.97548,-0.97963,-0.98337,-0.98672,-0.98969,-0.99228,-0.99451,-0.99637,-0.99785,-0.99895,-0.99967,-0.99999,-0.99989,-0.99936,-0.99837,-0.99692,-0.99498,-0.99251,-0.98951,-0.98593,-0.98175,-0.97695,-0.97149,-0.96535,-0.95849,-0.95088,-0.9425,-0.93331,-0.92329,-0.91241,-0.90064,-0.88795,-0.87433,-0.85975,-0.84419,-0.82763,-0.81007,-0.79148,-0.77187,-0.75123,-0.72956,-0.70685,-0.68311,-0.65833,-0.63252,-0.60565,-0.5777,-0.54859,-0.5182,-0.4863,-0.45249,-0.41605,-0.37565,-0.32865,-0.26922,-0.18244,0
0,-0.086632,-0.16154,-0.22956,-0.29169,-0.34874,-0.40136,-0.45006,-0.49524,-0.5372,-0.57618,-0.61238,-0.64597,-0.6771,-0.7059,-0.73251,-0.75704,-0.77963,-0.80041,-0.81949,-0.837,-0.85305,-0.86776,-0.88124,-0.89359,-0.90491,-0.91528,-0.92479,-0.9335,-0.94149,-0.94882,-0.95553,-0.96167,-0.96728,-0.97239,-0.97703,-0.98122,-0.98498,-0.98831,-0.99123,-0.99374,-0.99584,-0.99752,-0.99878,-0.9996,-0.99998,-0.99989,-0.99933,-0.99826,-0.99667,-0.99454,-0.99184,-0.98855,-0.98463,-0.98006,-0.97482,-0.96887,-0.96219,-0.95475,-0.94652,-0.93748,-0.9276,-0.91686,-0.90524,-0.89271,-0.87926,-0.86486,-0.84951,-0.83319,-0.8159,-0.79761,-0.77834,-0.75806,-0.73679,-0.71451,-0.69123,-0.66693,-0.6416,-0.61522,-0.58775,-0.55911,-0.52918,-0.49779,-0.46462,-0.42917,-0.3906,-0.34746,-0.2971,-0.23427,-0.14739,0
0,-0.079317,-0.14917,-0.21356,-0.27312,-0.32842,-0.37989,-0.42791,-0.47277,-0.51469,-0.55386,-0.59044,-0.62457,-0.65636,-0.68592,-0.71336,-0.7388,-0.76234,-0.78409,-0.80416,-0.82266,-0.8397,-0.85538,-0.86981,-0.88309,-0.8953,-0.90653,-0.91686,-0.92636,-0.93509,-0.94313,-0.9505,-0.95727,-0.96347,-0.96913,-0.97428,-0.97893,-0.98311,-0.98683,-0.9901,-0.9929,-0.99526,-0.99715,-0.99857,-0.99951,-0.99996,-0.9999,-0.99931,-0.99817,-0.99645,-0.99414,-0.99121,-0.98763,-0.98338,-0.97843,-0.97276,-0.96633,-0.95913,-0.95112,-0.9423,-0.93262,-0.92208,-0.91065,-0.89832,-0.88507,-0.87089,-0.85577,-0.83971,-0.82268,-0.80469,-0.78574,-0.76582,-0.74493,-0.72307,-0.70023,-0.6764,-0.65158,-0.62573,-0.59883,-0.57079,-0.54154,-0.51092,-0.47871,-0.44456,-0.40793,-0.36796,-0.32326,-0.27141,-0.20808,-0.12469,0
0,-0.073098,-0.13843,-0.19941,-0.25645,-0.30991,-0.3601,-0.40726,-0.45162,-0.49333,-0.53252,-0.56933,-0.60384,-0.63615,-0.66634,-0.69452,-0.72075,-0.74515,-0.76779,-0.78878,-0.80822,-0.8262,-0.84282,-0.85817,-0.87235,-0.88544,-0.89752,-0.90867,-0.91896,-0.92845,-0.93719,-0.94525,-0.95266,-0.95946,-0.96568,-0.97135,-0.9765,-0.98112,-0.98524,-0.98886,-0.99199,-0.99461,-0.99673,-0.99833,-0.99941,-0.99994,-0.99991,-0.99931,-0.9981,-0.99627,-0.99379,-0.99063,-0.98678,-0.98221,-0.97689,-0.97079,-0.9639,-0.95619,-0.94764,-0.93823,-0.92795,-0.91677,-0.90469,-0.89169,-0.87776,-0.8629,-0.8471,-0.83036,-0.81267,-0.79404,-0.77447,-0.75395,-0.73249,-0.71008,-0.68672,-0.66239,-0.63709,-0.61076,-0.58337,-0.55484,-0.52506,-0.49386,-0.461,-0.42612,-0.38868,-0.34787,-0.30239,-0.25018,-0.18771,-0.10871,0
0,-0.067744,-0.12903,-0.18683,-0.24142,-0.29301,-0.34183,-0.38802,-0.43173,-0.47308,-0.51215,-0.54904,-0.58379,-0.6165,-0.64721,-0.676,-0.70294,-0.7281,-0.75156,-0.7734,-0.79372,-0.81259,-0.8301,-0.84634,-0.8614,-0.87535,-0.88827,-0.90023,-0.91131,-0.92155,-0.93102,-0.93977,-0.94783,-0.95525,-0.96205,-0.96826,-0.9739,-0.97899,-0.98353,-0.98753,-0.99099,-0.9939,-0.99626,-0.99806,-0.99928,-0.99991,-0.99993,-0.99932,-0.99806,-0.99612,-0.99348,-0.99011,-0.986,-0.98112,-0.97544,-0.96894,-0.9616,-0.9534,-0.94433,-0.93437,-0.9235,-0.91172,-0.89901,-0.88537,-0.8708,-0.8553,-0.83886,-0.82149,-0.80319,-0.78396,-0.76381,-0.74274,-0.72075,-0.69784,-0.674,-0.64921,-0.62346,-0.5967,-0.56888,-0.53992,-0.50969,-0.47802,-0.44466,-0.40926,-0.37131,-0.33004,-0.28433,-0.23241,-0.17147,-0.096838,0
0,-0.063085,-0.12073,-0.17558,-0.22781,-0.27755,-0.32494,-0.37007,-0.41304,-0.4539,-0.49273,-0.52956,-0.56444,-0.59742,-0.62854,-0.65784,-0.68538,-0.71121,-0.73541,-0.75804,-0.77917,-0.79888,-0.81724,-0.83434,-0.85024,-0.86503,-0.87878,-0.89155,-0.90341,-0.91441,-0.9246,-0.93405,-0.94277,-0.95082,-0.95821,-0.96498,-0.97114,-0.97671,-0.98169,-0.98608,-0.98989,-0.99311,-0.99573,-0.99774,-0.99913,-0.99987,-0.99995,-0.99935,-0.99805,-0.99601,-0.99323,-0.98967,-0.98531,-0.98012,-0.9741,-0.96721,-0.95944,-0.95078,-0.94121,-0.93071,-0.91929,-0.90693,-0.89363,-0.8794,-0.86422,-0.84811,-0.83108,-0.81312,-0.79424,-0.77446,-0.75378,-0.73219,-0.70972,-0.68634,-0.66206,-0.63685,-0.6107,-0.58356,-0.55536,-0.52602,-0.49542,-0.46337,-0.42965,-0.39391,-0.35567,-0.31425,-0.26865,-0.2174,-0.15825,-0.087681,0
0,-0.05899,-0.11334,-0.16546,-0.21545,-0.26337,-0.30931,-0.35333,-0.39546,-0.43575,-0.47421,-0.51088,-0.54578,-0.57892,-0.61033,-0.64004,-0.66809,-0.69452,-0.71938,-0.74272,-0.7646,-0.78509,-0.80426,-0.82217,-0.8389,-0.85451,-0.86906,-0.88262,-0.89526,-0.90701,-0.91794,-0.92808,-0.93748,-0.94617,-0.95417,-0.96151,-0.96821,-0.97427,-0.9797,-0.98451,-0.98869,-0.99223,-0.99513,-0.99737,-0.99894,-0.99981,-0.99997,-0.9994,-0.99807,-0.99595,-0.99304,-0.98929,-0.9847,-0.97924,-0.97289,-0.96563,-0.95745,-0.94834,-0.93829,-0.92729,-0.91533,-0.90243,-0.88857,-0.87377,-0.85803,-0.84135,-0.82376,-0.80525,-0.78584,-0.76554,-0.74436,-0.72231,-0.69938,-0.67558,-0.65089,-0.62531,-0.59879,-0.57131,-0.54278,-0.51313,-0.48223,-0.4499,-0.41593,-0.37998,-0.34163,-0.30025,-0.255,-0.20463,-0.14734,-0.080423,0
0,-0.055361,-0.10673,-0.15632,-0.20417,-0.25032,-0.29482,-0.33768,-0.37892,-0.41855,-0.45657,-0.49298,-0.52779,-0.56099,-0.5926,-0.62263,-0.6511,-0.67803,-0.70347,-0.72745,-0.75003,-0.77125,-0.79117,-0.80986,-0.82737,-0.84377,-0.85911,-0.87346,-0.88685,-0.89936,-0.91102,-0.92187,-0.93195,-0.94128,-0.94991,-0.95783,-0.96508,-0.97165,-0.97756,-0.9828,-0.98737,-0.99126,-0.99445,-0.99694,-0.99871,-0.99973,-0.99999,-0.99946,-0.99812,-0.99594,-0.99291,-0.989,-0.98419,-0.97847,-0.97181,-0.9642,-0.95563,-0.9461,-0.93559,-0.92411,-0.91165,-0.89823,-0.88384,-0.86851,-0.85223,-0.83502,-0.8169,-0.79788,-0.77798,-0.7572,-0.73556,-0.71307,-0.68973,-0.66554,-0.64049,-0.61456,-0.58772,-0.55993,-0.53113,-0.50122,-0.47008,-0.43755,-0.40341,-0.36737,-0.32903,-0.28785,-0.24308,-0.1937,-0.13822,-0.074553,0
0,-0.052119,-0.10077,-0.14801,-0.19384,-0.23828,-0.28135,-0.32304,-0.36334,-0.40225,-0.43975,-0.47582,-0.51045,-0.54363,-0.57534,-0.6056,-0.6344,-0.66176,-0.6877,-0.71226,-0.73546,-0.75736,-0.77799,-0.79741,-0.81567,-0.83283,-0.84894,-0.86405,-0.8782,-0.89145,-0.90383,-0.91539,-0.92616,-0.93615,-0.94541,-0.95394,-0.96175,-0.96886,-0.97525,-0.98095,-0.98592,-0.99018,-0.99369,-0.99645,-0.99844,-0.99963,-1,-0.99953,-0.9982,-0.99598,-0.99285,-0.9888,-0.98379,-0.97782,-0.97087,-0.96293,-0.95399,-0.94406,-0.93312,-0.92118,-0.90825,-0.89433,-0.87945,-0.86361,-0.84682,-0.82912,-0.81051,-0.79101,-0.77064,-0.74942,-0.72736,-0.70446,-0.68074,-0.6562,-0.63082,-0.60458,-0.57746,-0.54941,-0.52036,-0.49024,-0.45892,-0.42625,-0.39203,-0.35598,-0.31775,-0.27685,-0.23266,-0.18428,-0.13053,-0.069732,0
0,-0.049202,-0.095374,-0.14042,-0.18434,-0.22713,-0.2688,-0.30931,-0.34865,-0.38679,-0.42371,-0.45937,-0.49375,-0.52682,-0.55856,-0.58895,-0.61801,-0.64571,-0.67209,-0.69715,-0.72091,-0.74343,-0.76472,-0.78483,-0.8038,-0.82169,-0.83854,-0.85439,-0.86929,-0.88327,-0.89638,-0.90865,-0.9201,-0.93077,-0.94066,-0.9498,-0.9582,-0.96585,-0.97277,-0.97893,-0.98434,-0.98898,-0.99283,-0.99588,-0.99811,-0.99949,-1,-0.99961,-0.99831,-0.99607,-0.99287,-0.98868,-0.9835,-0.9773,-0.97008,-0.96183,-0.95255,-0.94223,-0.93088,-0.91851,-0.90513,-0.89075,-0.87539,-0.85907,-0.84181,-0.82364,-0.80456,-0.78462,-0.76382,-0.74218,-0.71973,-0.69646,-0.6724,-0.64753,-0.62184,-0.59533,-0.56796,-0.53968,-0.51044,-0.48015,-0.4487,-0.41594,-0.38169,-0.3457,-0.30764,-0.2671,-0.22351,-0.17614,-0.12399,-0.065722,0
0,-0.046561,-0.090452,-0.13346,-0.17557,-0.21679,-0.25708,-0.29642,-0.33478,-0.37212,-0.4084,-0.44359,-0.47765,-0.51054,-0.54222,-0.57269,-0.60192,-0.6299,-0.65663,-0.68212,-0.7064,-0.72946,-0.75136,-0.77212,-0.79177,-0.81035,-0.82791,-0.84449,-0.86011,-0.87482,-0.88864,-0.90162,-0.91376,-0.92511,-0.93565,-0.94542,-0.95442,-0.96263,-0.97008,-0.97673,-0.98259,-0.98764,-0.99186,-0.99522,-0.99772,-0.99931,-0.99998,-0.9997,-0.99845,-0.99621,-0.99295,-0.98866,-0.98332,-0.97691,-0.96945,-0.9609,-0.95129,-0.94061,-0.92888,-0.9161,-0.90229,-0.88747,-0.87166,-0.85489,-0.83718,-0.81856,-0.79906,-0.77869,-0.75749,-0.73547,-0.71265,-0.68904,-0.66466,-0.63949,-0.61354,-0.58678,-0.55919,-0.53072,-0.50131,-0.47089,-0.43935,-0.40655,-0.37232,-0.33643,-0.2986,-0.25844,-0.21547,-0.16906,-0.11839,-0.062354,0
0,-0.044155,-0.085942,-0.12704,-0.16745,-0.20715,-0.2461,-0.28428,-0.32165,-0.35817,-0.39379,-0.42845,-0.46213,-0.49477,-0.52634,-0.5568,-0.58613,-0.61431,-0.64133,-0.6672,-0.69191,-0.71548,-0.73793,-0.75928,-0.77957,-0.79881,-0.81706,-0.83433,-0.85066,-0.86608,-0.88061,-0.89429,-0.90713,-0.91915,-0.93036,-0.94077,-0.95038,-0.95918,-0.96717,-0.97434,-0.98068,-0.98616,-0.99076,-0.99447,-0.99725,-0.99908,-0.99994,-0.99979,-0.99861,-0.99639,-0.9931,-0.98872,-0.98324,-0.97666,-0.96896,-0.96015,-0.95023,-0.93921,-0.92711,-0.91394,-0.89972,-0.88448,-0.86825,-0.85105,-0.83292,-0.81388,-0.79397,-0.77321,-0.75163,-0.72925,-0.70609,-0.68217,-0.65749,-0.63205,-0.60585,-0.57888,-0.55109,-0.52246,-0.49293,-0.46241,-0.43081,-0.39801,-0.36383,-0.32808,-0.29049,-0.25074,-0.20839,-0.1629,-0.11357,-0.059502,0
0,-0.041951,-0.08179,-0.12111,-0.1599,-0.19814,-0.2358,-0.27284,-0.30922,-0.34489,-0.37981,-0.41391,-0.44716,-0.47949,-0.51088,-0.54127,-0.57063,-0.59895,-0.6262,-0.65237,-0.67746,-0.70147,-0.72442,-0.74633,-0.7672,-0.78707,-0.80597,-0.82391,-0.84093,-0.85704,-0.87228,-0.88666,-0.90019,-0.9129,-0.92478,-0.93583,-0.94607,-0.95547,-0.96403,-0.97174,-0.97857,-0.98451,-0.98953,-0.9936,-0.9967,-0.9988,-0.99986,-0.99987,-0.9988,-0.99662,-0.99332,-0.98888,-0.98329,-0.97654,-0.96863,-0.95957,-0.94936,-0.93802,-0.92557,-0.91203,-0.89743,-0.88179,-0.86515,-0.84755,-0.82901,-0.80958,-0.78928,-0.76814,-0.74621,-0.72349,-0.70002,-0.6758,-0.65085,-0.62517,-0.59875,-0.57158,-0.54363,-0.51487,-0.48522,-0.45464,-0.42301,-0.39023,-0.35614,-0.32055,-0.28323,-0.24388,-0.20213,-0.1575,-0.1094,-0.057069,0
0,-0.039921,-0.07795,-0.1156,-0.15286,-0.1897,-0.22611,-0.26202,-0.29742,-0.33223,-0.36642,-0.39993,-0.4327,-0.46468,-0.49583,-0.52609,-0.55543,-0.58381,-0.61122,-0.63764,-0.66305,-0.68745,-0.71085,-0.73325,-0.75467,-0.77513,-0.79464,-0.81323,-0.83091,-0.84771,-0.86363,-0.8787,-0.89293,-0.90632,-0.91887,-0.93059,-0.94146,-0.95148,-0.96064,-0.9689,-0.97626,-0.98268,-0.98814,-0.99261,-0.99605,-0.99844,-0.99975,-0.99994,-0.99899,-0.99689,-0.9936,-0.98912,-0.98344,-0.97654,-0.96845,-0.95916,-0.94868,-0.93704,-0.92426,-0.91037,-0.89539,-0.87938,-0.86235,-0.84436,-0.82544,-0.80562,-0.78496,-0.76347,-0.7412,-0.71817,-0.6944,-0.66991,-0.64471,-0.61881,-0.59219,-0.56485,-0.53676,-0.50787,-0.47815,-0.44752,-0.41589,-0.38315,-0.34916,-0.31375,-0.27671,-0.23777,-0.19659,-0.15276,-0.10578,-0.054981,0
0,-0.038043,-0.074383,-0.11046,-0.14627,-0.18177,-0.21696,-0.25178,-0.28619,-0.32015,-0.35359,-0.38647,-0.41873,-0.45032,-0.48117,-0.51125,-0.5405,-0.5689,-0.59641,-0.62301,-0.64868,-0.67341,-0.6972,-0.72006,-0.74198,-0.76298,-0.78308,-0.80228,-0.8206,-0.83805,-0.85465,-0.8704,-0.88531,-0.89939,-0.91262,-0.92501,-0.93654,-0.9472,-0.95696,-0.96581,-0.97372,-0.98065,-0.98658,-0.99147,-0.99529,-0.99801,-0.99958,-0.99999,-0.9992,-0.99719,-0.99394,-0.98945,-0.98369,-0.97668,-0.96842,-0.95891,-0.94819,-0.93626,-0.92317,-0.90894,-0.89361,-0.87723,-0.85983,-0.84147,-0.82217,-0.802,-0.78098,-0.75916,-0.73657,-0.71324,-0.68919,-0.66445,-0.63902,-0.61291,-0.58612,-0.55863,-0.53041,-0.50143,-0.47165,-0.44099,-0.40937,-0.37669,-0.34283,-0.30761,-0.27085,-0.2323,-0.19167,-0.14859,-0.10261,-0.053178,0
0,-0.036296,-0.071056,-0.10565,-0.14007,-0.1743,-0.20831,-0.24205,-0.2755,-0.30859,-0.34128,-0.37351,-0.40523,-0.43637,-0.46689,-0.49673,-0.52584,-0.5542,-0.58175,-0.60847,-0.63434,-0.65935,-0.68348,-0.70674,-0.72912,-0.75062,-0.77126,-0.79104,-0.80997,-0.82806,-0.84532,-0.86174,-0.87734,-0.8921,-0.90602,-0.91908,-0.93128,-0.94259,-0.95299,-0.96245,-0.97093,-0.9784,-0.98483,-0.99018,-0.99441,-0.99747,-0.99935,-1,-0.9994,-0.99751,-0.99434,-0.98985,-0.98405,-0.97694,-0.96853,-0.95883,-0.94787,-0.93567,-0.92228,-0.90773,-0.89206,-0.87533,-0.85757,-0.83885,-0.8192,-0.79868,-0.77733,-0.75518,-0.73229,-0.70868,-0.68437,-0.65939,-0.63375,-0.60745,-0.58049,-0.55287,-0.52454,-0.49549,-0.46566,-0.43499,-0.4034,-0.3708,-0.33707,-0.30205,-0.26556,-0.22739,-0.18728,-0.14489,-0.099829,-0.051613,0
0,-0.034666,-0.067942,-0.10114,-0.13424,-0.16724,-0.2001,-0.2328,-0.26529,-0.29752,-0.32944,-0.36101,-0.39215,-0.42282,-0.45296,-0.48252,-0.51145,-0.5397,-0.56724,-0.59403,-0.62005,-0.64527,-0.66969,-0.6933,-0.71608,-0.73805,-0.75919,-0.77952,-0.79903,-0.81774,-0.83563,-0.85271,-0.86898,-0.88442,-0.89902,-0.91278,-0.92566,-0.93764,-0.94869,-0.95878,-0.96786,-0.97591,-0.98287,-0.98871,-0.99337,-0.99683,-0.99904,-0.99997,-0.99959,-0.99786,-0.99478,-0.99033,-0.98451,-0.97732,-0.96878,-0.9589,-0.94772,-0.93527,-0.92159,-0.90673,-0.89074,-0.87366,-0.85556,-0.83648,-0.81649,-0.79563,-0.77396,-0.7515,-0.72832,-0.70444,-0.67988,-0.65468,-0.62884,-0.60237,-0.57526,-0.54752,-0.5191,-0.48999,-0.46013,-0.42947,-0.39792,-0.36541,-0.33181,-0.29699,-0.26078,-0.22298,-0.18336,-0.1416,-0.097376,-0.050246,0
0,-0.033139,-0.065016,-0.096881,-0.12873,-0.16055,-0.19231,-0.22398,-0.25553,-0.2869,-0.31805,-0.34893,-0.37948,-0.40965,-0.43938,-0.46861,-0.4973,-0.5254,-0.55287,-0.57968,-0.60579,-0.63118,-0.65583,-0.67974,-0.70288,-0.72526,-0.74687,-0.7677,-0.78776,-0.80705,-0.82556,-0.84328,-0.86021,-0.87633,-0.89162,-0.90607,-0.91964,-0.93231,-0.94403,-0.95478,-0.96449,-0.97314,-0.98067,-0.98703,-0.99218,-0.99606,-0.99865,-0.99989,-0.99975,-0.99822,-0.99526,-0.99088,-0.98506,-0.97781,-0.96916,-0.95913,-0.94774,-0.93505,-0.9211,-0.90593,-0.88962,-0.87221,-0.85377,-0.83435,-0.81402,-0.79283,-0.77084,-0.74809,-0.72463,-0.70048,-0.67569,-0.65028,-0.62425,-0.59762,-0.57039,-0.54254,-0.51404,-0.48488,-0.45501,-0.42436,-0.39288,-0.36046,-0.327,-0.29238,-0.25644,-0.219,-0.17983,-0.13867,-0.095201,-0.049047,0
0,-0.031703,-0.062258,-0.092861,-0.12351,-0.15419,-0.18488,-0.21556,-0.24617,-0.2767,-0.30708,-0.33726,-0.3672,-0.39683,-0.42611,-0.45498,-0.48339,-0.51129,-0.53865,-0.56542,-0.59156,-0.61707,-0.6419,-0.66605,-0.6895,-0.71225,-0.73427,-0.75558,-0.77616,-0.796,-0.8151,-0.83344,-0.85102,-0.86781,-0.88379,-0.89893,-0.91321,-0.92657,-0.93899,-0.95042,-0.96079,-0.97008,-0.97821,-0.98513,-0.99079,-0.99515,-0.99814,-0.99973,-0.99989,-0.99857,-0.99578,-0.99148,-0.98569,-0.97841,-0.96967,-0.95949,-0.94792,-0.93499,-0.92077,-0.90531,-0.88869,-0.87095,-0.85217,-0.83242,-0.81176,-0.79025,-0.76795,-0.74491,-0.72118,-0.69678,-0.67177,-0.64615,-0.61995,-0.59317,-0.56582,-0.53787,-0.50932,-0.48012,-0.45024,-0.41963,-0.3882,-0.35589,-0.32258,-0.28817,-0.25249,-0.21538,-0.17665,-0.13603,-0.093261,-0.047987,0
0,-0.030347,-0.059651,-0.089053,-0.11855,-0.14814,-0.1778,-0.2075,-0.2372,-0.26688,-0.29649,-0.32597,-0.35527,-0.38436,-0.41316,-0.44163,-0.46971,-0.49737,-0.52456,-0.55124,-0.57737,-0.60293,-0.62789,-0.65224,-0.67595,-0.69901,-0.72141,-0.74315,-0.7642,-0.78457,-0.80423,-0.82317,-0.84138,-0.85883,-0.87549,-0.89134,-0.90632,-0.9204,-0.93354,-0.94567,-0.95674,-0.96668,-0.97545,-0.98298,-0.9892,-0.99406,-0.99751,-0.99949,-0.99997,-0.99892,-0.99631,-0.99214,-0.9864,-0.97911,-0.9703,-0.95999,-0.94824,-0.93509,-0.92061,-0.90487,-0.88793,-0.86987,-0.85076,-0.83068,-0.80969,-0.78786,-0.76526,-0.74193,-0.71793,-0.6933,-0.66806,-0.64226,-0.61589,-0.58898,-0.56151,-0.53349,-0.50488,-0.47566,-0.44579,-0.41521,-0.38386,-0.35165,-0.3185,-0.28428,-0.24887,-0.21209,-0.17376,-0.13366,-0.091521,-0.047046,0
0,-0.029065,-0.05718,-0.085437,-0.11384,-0.14237,-0.17102,-0.19977,-0.22859,-0.25743,-0.28626,-0.31503,-0.34369,-0.3722,-0.40049,-0.42853,-0.45626,-0.48363,-0.51061,-0.53715,-0.56322,-0.58878,-0.61382,-0.6383,-0.66222,-0.68555,-0.70828,-0.73039,-0.75188,-0.77274,-0.79293,-0.81245,-0.83127,-0.84937,-0.86671,-0.88325,-0.89895,-0.91376,-0.92763,-0.94049,-0.95228,-0.96293,-0.97238,-0.98055,-0.98737,-0.99279,-0.99673,-0.99915,-1,-0.99924,-0.99686,-0.99284,-0.98719,-0.97991,-0.97104,-0.96062,-0.9487,-0.93533,-0.9206,-0.90457,-0.88732,-0.86894,-0.8495,-0.82909,-0.80778,-0.78563,-0.76273,-0.73912,-0.71486,-0.68999,-0.66455,-0.63855,-0.61203,-0.58499,-0.55743,-0.52933,-0.50068,-0.47145,-0.4416,-0.41107,-0.37979,-0.34771,-0.31471,-0.28069,-0.24552,-0.20906,-0.17112,-0.13149,-0.089949,-0.046204,0
0,-0.027848,-0.054832,-0.081995,-0.10934,-0.13686,-0.16454,-0.19236,-0.2203,-0.24831,-0.27637,-0.30442,-0.33243,-0.36034,-0.38811,-0.41569,-0.44302,-0.47007,-0.49679,-0.52314,-0.54909,-0.57461,-0.59966,-0.62424,-0.64831,-0.67185,-0.69486,-0.71732,-0.7392,-0.7605,-0.7812,-0.80126,-0.82068,-0.8394,-0.85741,-0.87464,-0.89107,-0.90662,-0.92123,-0.93485,-0.94739,-0.95878,-0.96895,-0.97781,-0.98528,-0.99129,-0.99578,-0.99868,-0.99995,-0.99953,-0.99741,-0.99358,-0.98803,-0.98079,-0.97188,-0.96136,-0.94928,-0.93571,-0.92073,-0.90441,-0.88686,-0.86815,-0.84838,-0.82763,-0.80599,-0.78353,-0.76033,-0.73644,-0.71192,-0.68682,-0.66117,-0.63501,-0.60834,-0.58118,-0.55353,-0.52537,-0.49669,-0.46745,-0.43762,-0.40715,-0.37597,-0.344,-0.31116,-0.27734,-0.24243,-0.20626,-0.16869,-0.12952,-0.088521,-0.045446,0
0,-0.026691,-0.052597,-0.078712,-0.10504,-0.13158,-0.15832,-0.18524,-0.21231,-0.23951,-0.2668,-0.29414,-0.32148,-0.34878,-0.376,-0.40308,-0.42999,-0.45667,-0.4831,-0.50922,-0.535,-0.56042,-0.58545,-0.61005,-0.63422,-0.65793,-0.68117,-0.70391,-0.72614,-0.74785,-0.769,-0.78959,-0.80956,-0.8289,-0.84756,-0.86548,-0.88263,-0.89893,-0.91431,-0.92871,-0.94203,-0.9542,-0.96512,-0.97471,-0.98289,-0.98955,-0.99464,-0.99807,-0.99979,-0.99976,-0.99795,-0.99434,-0.98893,-0.98175,-0.97283,-0.96222,-0.94999,-0.93621,-0.92098,-0.90438,-0.88651,-0.86748,-0.84737,-0.82629,-0.80431,-0.78154,-0.75803,-0.73386,-0.70909,-0.68376,-0.65791,-0.63158,-0.60477,-0.5775,-0.54977,-0.52156,-0.49286,-0.46363,-0.43384,-0.40343,-0.37234,-0.3405,-0.30782,-0.27421,-0.23953,-0.20366,-0.16644,-0.1277,-0.087213,-0.044757,0
0,-0.025588,-0.050465,-0.075578,-0.10093,-0.12653,-0.15235,-0.17839,-0.20462,-0.23101,-0.25754,-0.28415,-0.31082,-0.3375,-0.36415,-0.39072,-0.41716,-0.44345,-0.46953,-0.49538,-0.52095,-0.54622,-0.57116,-0.59575,-0.61996,-0.64378,-0.66719,-0.69017,-0.7127,-0.73477,-0.75634,-0.7774,-0.79791,-0.81784,-0.83713,-0.85574,-0.8736,-0.89066,-0.90682,-0.92202,-0.93615,-0.94914,-0.96086,-0.97124,-0.98016,-0.98753,-0.99326,-0.99728,-0.99952,-0.99993,-0.99846,-0.99511,-0.98987,-0.98278,-0.97386,-0.96318,-0.9508,-0.93683,-0.92134,-0.90446,-0.88627,-0.8669,-0.84645,-0.82502,-0.80271,-0.77961,-0.7558,-0.73135,-0.70632,-0.68077,-0.65473,-0.62823,-0.60129,-0.57392,-0.54611,-0.51786,-0.48915,-0.45994,-0.43019,-0.39985,-0.36887,-0.33717,-0.30466,-0.27124,-0.23681,-0.20123,-0.16435,-0.12601,-0.086006,-0.044128,0
0,-0.024537,-0.048429,-0.072581,-0.096998,-0.12168,-0.14662,-0.1718,-0.1972,-0.2228,-0.24857,-0.27446,-0.30045,-0.32649,-0.35255,-0.37858,-0.40454,-0.43039,-0.4561,-0.48163,-0.50694,-0.53201,-0.55681,-0.58133,-0.60553,-0.6294,-0.65293,-0.67609,-0.69887,-0.72125,-0.7432,-0.7647,-0.7857,-0.80618,-0.82609,-0.84537,-0.86395,-0.88176,-0.89872,-0.91474,-0.92971,-0.94354,-0.95612,-0.96732,-0.97705,-0.98518,-0.99163,-0.9963,-0.99911,-1,-0.99893,-0.99588,-0.99085,-0.98387,-0.97497,-0.96423,-0.95172,-0.93754,-0.92181,-0.90462,-0.88611,-0.8664,-0.84559,-0.82381,-0.80115,-0.77772,-0.75361,-0.72887,-0.70359,-0.67782,-0.65159,-0.62493,-0.59786,-0.5704,-0.54253,-0.51425,-0.48553,-0.45635,-0.42665,-0.3964,-0.36553,-0.33397,-0.30163,-0.26841,-0.23422,-0.19892,-0.16238,-0.12443,-0.084883,-0.043549,0
0,-0.023532,-0.046483,-0.069712,-0.093228,-0.11703,-0.14111,-0.16545,-0.19005,-0.21486,-0.23987,-0.26505,-0.29036,-0.31576,-0.34121,-0.36668,-0.39212,-0.41751,-0.4428,-0.46797,-0.49297,-0.5178,-0.54241,-0.5668,-0.59093,-0.6148,-0.63839,-0.66168,-0.68465,-0.70729,-0.72956,-0.75145,-0.77292,-0.79392,-0.81441,-0.83433,-0.85362,-0.87219,-0.88995,-0.90681,-0.92265,-0.93737,-0.95084,-0.96293,-0.97351,-0.98248,-0.9897,-0.99508,-0.99852,-0.99996,-0.99934,-0.99664,-0.99185,-0.98501,-0.97616,-0.96537,-0.95273,-0.93835,-0.92236,-0.90487,-0.88602,-0.86595,-0.84477,-0.82263,-0.79962,-0.77585,-0.75142,-0.7264,-0.70086,-0.67487,-0.64845,-0.62163,-0.59445,-0.5669,-0.53898,-0.51068,-0.48197,-0.45282,-0.4232,-0.39304,-0.36229,-0.33087,-0.29871,-0.2657,-0.23175,-0.19673,-0.16051,-0.12294,-0.083831,-0.04301,0
0,-0.022572,-0.044622,-0.066967,-0.089614,-0.11256,-0.13581,-0.15934,-0.18314,-0.20719,-0.23146,-0.25592,-0.28054,-0.30528,-0.33012,-0.355,-0.37991,-0.4048,-0.42964,-0.45441,-0.47907,-0.50359,-0.52797,-0.55217,-0.57618,-0.59999,-0.62358,-0.64693,-0.67003,-0.69287,-0.71542,-0.73765,-0.75953,-0.78101,-0.80206,-0.8226,-0.84258,-0.8619,-0.88046,-0.89818,-0.91492,-0.93056,-0.94496,-0.95799,-0.9695,-0.97936,-0.98743,-0.99359,-0.99773,-0.99978,-0.99967,-0.99737,-0.99287,-0.9862,-0.97741,-0.96659,-0.95383,-0.93925,-0.92298,-0.90518,-0.88598,-0.86553,-0.84398,-0.82145,-0.79807,-0.77395,-0.7492,-0.72389,-0.6981,-0.67188,-0.64528,-0.61832,-0.59102,-0.5634,-0.53543,-0.50712,-0.47843,-0.44933,-0.41978,-0.38973,-0.35911,-0.32785,-0.29587,-0.26308,-0.22937,-0.19463,-0.15873,-0.12152,-0.082836,-0.042505,0
0,-0.021654,-0.042842,-0.064338,-0.08615,-0.10828,-0.13072,-0.15346,-0.17649,-0.19978,-0.22331,-0.24706,-0.27099,-0.29507,-0.31927,-0.34356,-0.36791,-0.39227,-0.41663,-0.44096,-0.46522,-0.4894,-0.51348,-0.53745,-0.56128,-0.58496,-0.60849,-0.63185,-0.65503,-0.678,-0.70076,-0.72328,-0.74552,-0.76744,-0.789,-0.81014,-0.83078,-0.85083,-0.87021,-0.88879,-0.90644,-0.92304,-0.93843,-0.95245,-0.96495,-0.97577,-0.98477,-0.99178,-0.99671,-0.99944,-0.9999,-0.99805,-0.99388,-0.98742,-0.97873,-0.96788,-0.955,-0.94021,-0.92367,-0.90553,-0.88597,-0.86512,-0.84317,-0.82024,-0.79648,-0.77201,-0.74692,-0.72132,-0.69527,-0.66883,-0.64204,-0.61494,-0.58754,-0.55985,-0.53186,-0.50355,-0.47489,-0.44585,-0.41639,-0.38645,-0.35597,-0.32488,-0.29309,-0.26052,-0.22706,-0.1926,-0.15701,-0.12016,-0.081889,-0.042029,0
0,-0.020777,-0.04114,-0.061823,-0.082833,-0.10417,-0.12583,-0.1478,-0.17007,-0.19262,-0.21543,-0.23847,-0.26171,-0.28512,-0.30869,-0.33236,-0.35612,-0.37993,-0.40378,-0.42762,-0.45145,-0.47524,-0.49898,-0.52265,-0.54624,-0.56974,-0.59315,-0.61644,-0.63962,-0.66268,-0.68558,-0.70832,-0.73087,-0.75318,-0.77521,-0.7969,-0.81817,-0.83895,-0.85912,-0.87857,-0.89716,-0.91474,-0.93116,-0.94624,-0.9598,-0.97166,-0.98165,-0.98961,-0.9954,-0.99889,-1,-0.99867,-0.99489,-0.98868,-0.9801,-0.96924,-0.95624,-0.94124,-0.92441,-0.90592,-0.88596,-0.8647,-0.84232,-0.81898,-0.79482,-0.76997,-0.74455,-0.71864,-0.69233,-0.66567,-0.63871,-0.61147,-0.58398,-0.55623,-0.52822,-0.49992,-0.47131,-0.44235,-0.41299,-0.38318,-0.35286,-0.32194,-0.29035,-0.25801,-0.2248,-0.19062,-0.15535,-0.11885,-0.080979,-0.041575,0
0,-0.019939,-0.039515,-0.05942,-0.07966,-0.10024,-0.12114,-0.14237,-0.1639,-0.18572,-0.20781,-0.23015,-0.2527,-0.27545,-0.29836,-0.3214,-0.34456,-0.3678,-0.39109,-0.41442,-0.43777,-0.46113,-0.48447,-0.50779,-0.53108,-0.55433,-0.57755,-0.60072,-0.62384,-0.6469,-0.66988,-0.69278,-0.71556,-0.7382,-0.76065,-0.78284,-0.80472,-0.82618,-0.84714,-0.86746,-0.88699,-0.90559,-0.92308,-0.93927,-0.95395,-0.96694,-0.97802,-0.98702,-0.99376,-0.9981,-0.99994,-0.9992,-0.99586,-0.98995,-0.98151,-0.97067,-0.95755,-0.94233,-0.92519,-0.90633,-0.88595,-0.86425,-0.84142,-0.81763,-0.79305,-0.76781,-0.74203,-0.71582,-0.68924,-0.66237,-0.63523,-0.60787,-0.5803,-0.55251,-0.52449,-0.49622,-0.46767,-0.4388,-0.40956,-0.3799,-0.34973,-0.31901,-0.28763,-0.25552,-0.22257,-0.18868,-0.15373,-0.11758,-0.0801,-0.041139,0
0,-0.019141,-0.037967,-0.057128,-0.076631,-0.096474,-0.11665,-0.13716,-0.15797,-0.17908,-0.20047,-0.22211,-0.24398,-0.26605,-0.2883,-0.3107,-0.33323,-0.35587,-0.37859,-0.40137,-0.4242,-0.44707,-0.46997,-0.49288,-0.51581,-0.53876,-0.56172,-0.58469,-0.60767,-0.63066,-0.65365,-0.67664,-0.69959,-0.72248,-0.74528,-0.76793,-0.79036,-0.81248,-0.83419,-0.85537,-0.87586,-0.8955,-0.9141,-0.93145,-0.94733,-0.96153,-0.9738,-0.98393,-0.99173,-0.99703,-0.99969,-0.99962,-0.99679,-0.99122,-0.98297,-0.97215,-0.95891,-0.94346,-0.92599,-0.90673,-0.8859,-0.86372,-0.84041,-0.81616,-0.79114,-0.76549,-0.73935,-0.71282,-0.68597,-0.65888,-0.63159,-0.60411,-0.57646,-0.54865,-0.52064,-0.49242,-0.46395,-0.43518,-0.40608,-0.37657,-0.34659,-0.31606,-0.28491,-0.25305,-0.22037,-0.18677,-0.15213,-0.11633,-0.079244,-0.040719,0
0,-0.018383,-0.036494,-0.054947,-0.073746,-0.092887,-0.11237,-0.13217,-0.15229,-0.17271,-0.1934,-0.21436,-0.23554,-0.25694,-0.27852,-0.30027,-0.32216,-0.34417,-0.36628,-0.38848,-0.41076,-0.4331,-0.45549,-0.47795,-0.50046,-0.52303,-0.54566,-0.56836,-0.59113,-0.61398,-0.6369,-0.65989,-0.68293,-0.70601,-0.72909,-0.75212,-0.77504,-0.79778,-0.82021,-0.84223,-0.86368,-0.88437,-0.90411,-0.92268,-0.93984,-0.95533,-0.96889,-0.98027,-0.98925,-0.99561,-0.9992,-0.9999,-0.99766,-0.99249,-0.98445,-0.97368,-0.96033,-0.94463,-0.9268,-0.9071,-0.88579,-0.86311,-0.83928,-0.81453,-0.78904,-0.76296,-0.73645,-0.70959,-0.68248,-0.65518,-0.62773,-0.60015,-0.57244,-0.54461,-0.51663,-0.48847,-0.4601,-0.43147,-0.40251,-0.37318,-0.3434,-0.31309,-0.28218,-0.25057,-0.21817,-0.18486,-0.15055,-0.11511,-0.078405,-0.040309,0
0,-0.017665,-0.0351,-0.052881,-0.071008,-0.08948,-0.10829,-0.12742,-0.14687,-0.16661,-0.18663,-0.2069,-0.22741,-0.24813,-0.26904,-0.29013,-0.31136,-0.33272,-0.3542,-0.37578,-0.39746,-0.41922,-0.44107,-0.46301,-0.48504,-0.50717,-0.5294,-0.55176,-0.57424,-0.59686,-0.61962,-0.64253,-0.66558,-0.68875,-0.71203,-0.73537,-0.75872,-0.78201,-0.80512,-0.82795,-0.85033,-0.87209,-0.893,-0.91285,-0.93134,-0.94822,-0.96318,-0.97594,-0.98622,-0.99378,-0.99842,-1,-0.99844,-0.99374,-0.98596,-0.97525,-0.96179,-0.94582,-0.92761,-0.90744,-0.8856,-0.86236,-0.83798,-0.81269,-0.7867,-0.76018,-0.73327,-0.70609,-0.67871,-0.65121,-0.62361,-0.59594,-0.56819,-0.54037,-0.51244,-0.48437,-0.45612,-0.42763,-0.39885,-0.36971,-0.34015,-0.31007,-0.27941,-0.24807,-0.21596,-0.18297,-0.14898,-0.11389,-0.077579,-0.039909,0
0,-0.016988,-0.033786,-0.050931,-0.068423,-0.086258,-0.10442,-0.12291,-0.14171,-0.16079,-0.18015,-0.19976,-0.21959,-0.23964,-0.25988,-0.28029,-0.30084,-0.32154,-0.34236,-0.36329,-0.38433,-0.40548,-0.42673,-0.4481,-0.46958,-0.4912,-0.51297,-0.53489,-0.557,-0.57931,-0.60182,-0.62456,-0.64752,-0.6707,-0.69408,-0.71765,-0.74135,-0.76511,-0.78884,-0.81243,-0.83572,-0.85854,-0.88065,-0.9018,-0.92172,-0.94008,-0.95656,-0.97082,-0.98256,-0.99146,-0.99729,-0.99988,-0.9991,-0.99495,-0.98749,-0.97687,-0.96329,-0.94704,-0.9284,-0.90771,-0.88529,-0.86145,-0.83647,-0.81061,-0.78409,-0.7571,-0.72978,-0.70226,-0.67462,-0.64692,-0.61919,-0.59144,-0.56368,-0.53589,-0.50803,-0.48007,-0.45196,-0.42365,-0.39507,-0.36615,-0.33682,-0.307,-0.27661,-0.24555,-0.21374,-0.18106,-0.14742,-0.11269,-0.076761,-0.039515,0
0,-0.016355,-0.032555,-0.049104,-0.065998,-0.083229,-0.10079,-0.11866,-0.13683,-0.15528,-0.17399,-0.19294,-0.21211,-0.23149,-0.25105,-0.27077,-0.29064,-0.31065,-0.33079,-0.35104,-0.37141,-0.39189,-0.4125,-0.43323,-0.45411,-0.47515,-0.49637,-0.5178,-0.53944,-0.56134,-0.58351,-0.60598,-0.62875,-0.65183,-0.67522,-0.69891,-0.72285,-0.74701,-0.77128,-0.79557,-0.81973,-0.84358,-0.86689,-0.8894,-0.91079,-0.93073,-0.94886,-0.96478,-0.97813,-0.98855,-0.99574,-0.99947,-0.99961,-0.99611,-0.98902,-0.97852,-0.96483,-0.94826,-0.92916,-0.9079,-0.88483,-0.86033,-0.83469,-0.80821,-0.78113,-0.75364,-0.72591,-0.69805,-0.67015,-0.64226,-0.61441,-0.58661,-0.55886,-0.53112,-0.50337,-0.47555,-0.44762,-0.4195,-0.39114,-0.36246,-0.33339,-0.30385,-0.27375,-0.24299,-0.21149,-0.17914,-0.14584,-0.11148,-0.075948,-0.039125,0
0,-0.015767,-0.031412,-0.047405,-0.06374,-0.080404,-0.097387,-0.11467,-0.13224,-0.15008,-0.16816,-0.18647,-0.20499,-0.2237,-0.24258,-0.26161,-0.28078,-0.30009,-0.31951,-0.33905,-0.35871,-0.37849,-0.39839,-0.41844,-0.43866,-0.45905,-0.47965,-0.50048,-0.52158,-0.54298,-0.56471,-0.58679,-0.60926,-0.63213,-0.65541,-0.67911,-0.70319,-0.72763,-0.75235,-0.77726,-0.80223,-0.82707,-0.85157,-0.87545,-0.89838,-0.92,-0.9399,-0.95764,-0.97278,-0.98491,-0.99366,-0.99872,-0.99993,-0.99719,-0.99056,-0.9802,-0.96639,-0.94948,-0.92986,-0.90795,-0.88418,-0.85894,-0.83259,-0.80544,-0.77775,-0.74975,-0.72158,-0.69338,-0.66522,-0.63716,-0.60922,-0.5814,-0.55369,-0.52604,-0.49842,-0.47078,-0.44305,-0.41516,-0.38705,-0.35865,-0.32986,-0.30062,-0.27082,-0.24038,-0.20921,-0.17721,-0.14426,-0.11028,-0.075137,-0.038739,0
0,-0.015227,-0.030363,-0.045844,-0.06166,-0.077797,-0.094239,-0.11097,-0.12797,-0.14521,-0.16269,-0.18038,-0.19825,-0.2163,-0.23449,-0.25283,-0.27129,-0.28987,-0.30856,-0.32736,-0.34627,-0.3653,-0.38446,-0.40377,-0.42325,-0.44292,-0.46282,-0.48298,-0.50344,-0.52424,-0.54542,-0.56701,-0.58906,-0.61159,-0.63464,-0.65821,-0.6823,-0.7069,-0.73195,-0.75738,-0.78307,-0.80884,-0.8345,-0.85976,-0.88428,-0.90766,-0.92947,-0.94919,-0.96634,-0.9804,-0.99092,-0.99754,-0.99999,-0.99816,-0.99207,-0.98191,-0.96799,-0.95069,-0.93048,-0.90785,-0.88328,-0.85722,-0.83009,-0.80221,-0.77388,-0.74533,-0.71672,-0.68817,-0.65978,-0.63157,-0.60356,-0.57575,-0.54811,-0.52059,-0.49315,-0.46571,-0.43822,-0.41061,-0.38279,-0.35468,-0.32621,-0.29728,-0.26782,-0.23772,-0.2069,-0.17524,-0.14267,-0.10906,-0.074325,-0.038354,0
0,-0.014739,-0.029414,-0.04443,-0.059772,-0.075423,-0.091364,-0.10757,-0.12403,-0.14072,-0.15761,-0.17468,-0.19192,-0.20931,-0.22683,-0.24447,-0.26221,-0.28005,-0.29798,-0.31601,-0.33413,-0.35237,-0.37073,-0.38924,-0.40792,-0.4268,-0.44592,-0.46532,-0.48505,-0.50514,-0.52565,-0.54663,-0.56813,-0.5902,-0.61287,-0.63617,-0.66013,-0.68474,-0.70998,-0.7358,-0.76209,-0.78871,-0.81546,-0.84208,-0.86821,-0.89344,-0.91728,-0.93919,-0.95856,-0.97481,-0.98738,-0.9958,-0.99973,-0.99898,-0.99356,-0.98365,-0.9696,-0.95187,-0.93099,-0.90754,-0.88207,-0.8551,-0.82709,-0.79842,-0.76941,-0.74028,-0.71122,-0.68234,-0.65372,-0.62539,-0.59736,-0.5696,-0.54207,-0.51473,-0.4875,-0.46033,-0.43312,-0.40581,-0.37832,-0.35055,-0.32242,-0.29384,-0.26473,-0.23499,-0.20453,-0.17325,-0.14106,-0.10784,-0.073511,-0.03797,0
0,-0.014307,-0.028573,-0.043175,-0.058091,-0.073301,-0.088781,-0.10451,-0.12046,-0.13661,-0.15294,-0.16942,-0.18604,-0.20278,-0.21962,-0.23655,-0.25356,-0.27064,-0.2878,-0.30502,-0.32233,-0.33973,-0.35724,-0.37489,-0.39271,-0.41073,-0.42898,-0.44753,-0.46642,-0.4857,-0.50543,-0.52567,-0.54649,-0.56794,-0.59008,-0.61295,-0.63661,-0.66107,-0.68633,-0.71238,-0.73913,-0.76647,-0.79422,-0.82214,-0.84988,-0.87702,-0.90302,-0.92729,-0.94915,-0.96788,-0.98282,-0.99336,-0.99904,-0.9996,-0.99499,-0.98541,-0.97123,-0.953,-0.93135,-0.90696,-0.88047,-0.85247,-0.8235,-0.79396,-0.76421,-0.73448,-0.70496,-0.67577,-0.64695,-0.61854,-0.59052,-0.56286,-0.53551,-0.50839,-0.48144,-0.45457,-0.4277,-0.40075,-0.37362,-0.34622,-0.31848,-0.29028,-0.26155,-0.2322,-0.20212,-0.17123,-0.13942,-0.10661,-0.072693,-0.037585,0
0,-0.013936,-0.027851,-0.042093,-0.056635,-0.071452,-0.086517,-0.1018,-0.11728,-0.13293,-0.14872,-0.16463,-0.18065,-0.19675,-0.21291,-0.22913,-0.2454,-0.26171,-0.27805,-0.29445,-0.3109,-0.32742,-0.34403,-0.36076,-0.37765,-0.39473,-0.41204,-0.42964,-0.44759,-0.46594,-0.48477,-0.50414,-0.52412,-0.5448,-0.56624,-0.58851,-0.61168,-0.63579,-0.66089,-0.68696,-0.71398,-0.74188,-0.7705,-0.79963,-0.82894,-0.858,-0.88628,-0.91311,-0.93772,-0.95928,-0.97697,-0.99002,-0.99781,-0.99995,-0.99635,-0.98718,-0.97287,-0.95407,-0.93153,-0.90604,-0.87837,-0.84921,-0.81915,-0.78867,-0.75813,-0.72779,-0.69781,-0.66832,-0.63935,-0.61091,-0.58296,-0.55547,-0.52835,-0.50152,-0.47491,-0.44841,-0.42194,-0.39539,-0.36867,-0.3417,-0.31437,-0.28659,-0.25828,-0.22933,-0.19966,-0.16917,-0.13777,-0.10536,-0.07187,-0.037201,0
0,-0.013633,-0.027258,-0.041199,-0.055425,-0.069902,-0.084599,-0.099486,-0.11453,-0.12971,-0.14499,-0.16036,-0.17578,-0.19125,-0.20674,-0.22225,-0.23776,-0.25328,-0.2688,-0.28433,-0.29989,-0.31548,-0.33114,-0.3469,-0.36278,-0.37884,-0.39512,-0.41168,-0.42858,-0.44588,-0.46368,-0.48203,-0.50103,-0.52077,-0.54132,-0.5628,-0.58527,-0.60882,-0.63351,-0.65938,-0.68646,-0.71469,-0.74398,-0.77416,-0.80495,-0.83593,-0.86656,-0.89612,-0.92378,-0.94856,-0.96945,-0.98548,-0.99583,-0.99994,-0.9976,-0.98896,-0.97452,-0.95505,-0.93144,-0.90466,-0.87563,-0.84514,-0.81388,-0.78236,-0.75098,-0.72,-0.68959,-0.65983,-0.63076,-0.60235,-0.57456,-0.54731,-0.5205,-0.49405,-0.46785,-0.44179,-0.41577,-0.3897,-0.36345,-0.33695,-0.31008,-0.28276,-0.25489,-0.22638,-0.19714,-0.16707,-0.13609,-0.10411,-0.071043,-0.036816,0
0,-0.013403,-0.026807,-0.040514,-0.054484,-0.068679,-0.083061,-0.097596,-0.11225,-0.12699,-0.1418,-0.15664,-0.17149,-0.18633,-0.20115,-0.21594,-0.23069,-0.2454,-0.26007,-0.27471,-0.28933,-0.30396,-0.31861,-0.33332,-0.34814,-0.3631,-0.37825,-0.39367,-0.40941,-0.42555,-0.44217,-0.45936,-0.47721,-0.49582,-0.5153,-0.53576,-0.5573,-0.58004,-0.60407,-0.62947,-0.65631,-0.6846,-0.71431,-0.74532,-0.77742,-0.81023,-0.84322,-0.87568,-0.90668,-0.93511,-0.95975,-0.97936,-0.99285,-0.99941,-0.99868,-0.99074,-0.97618,-0.9559,-0.93102,-0.90271,-0.87207,-0.84006,-0.80743,-0.77478,-0.74251,-0.71089,-0.68007,-0.65011,-0.62101,-0.59273,-0.56518,-0.53826,-0.51187,-0.48588,-0.46018,-0.43465,-0.40918,-0.38364,-0.35793,-0.33195,-0.3056,-0.27878,-0.25139,-0.22334,-0.19455,-0.16493,-0.13439,-0.10284,-0.070211,-0.03643,0
0,-0.013256,-0.026514,-0.040057,-0.053839,-0.067814,-0.08194,-0.096175,-0.11048,-0.12483,-0.13918,-0.15352,-0.16782,-0.18205,-0.19621,-0.21028,-0.22425,-0.23814,-0.25193,-0.26564,-0.27929,-0.29289,-0.30648,-0.32009,-0.33375,-0.34753,-0.36147,-0.37564,-0.3901,-0.40494,-0.42025,-0.43611,-0.45263,-0.46993,-0.48812,-0.50733,-0.52769,-0.54933,-0.5724,-0.59701,-0.62328,-0.65129,-0.68108,-0.71261,-0.74574,-0.78019,-0.8155,-0.85094,-0.88556,-0.91811,-0.94714,-0.97109,-0.98848,-0.99816,-0.99951,-0.99252,-0.97783,-0.95657,-0.93014,-0.89998,-0.86743,-0.83364,-0.79949,-0.7656,-0.7324,-0.70016,-0.66898,-0.63891,-0.60989,-0.58184,-0.55465,-0.5282,-0.50234,-0.47693,-0.45184,-0.42694,-0.40209,-0.37717,-0.35208,-0.32669,-0.30091,-0.27463,-0.24776,-0.22022,-0.19191,-0.16275,-0.13266,-0.10156,-0.069375,-0.036045,0
0,-0.013199,-0.026394,-0.039854,-0.053522,-0.067346,-0.081276,-0.095266,-0.10928,-0.12327,-0.13721,-0.15107,-0.16483,-0.17846,-0.19195,-0.2053,-0.21849,-0.23153,-0.24441,-0.25717,-0.26979,-0.28233,-0.29479,-0.30722,-0.31967,-0.33217,-0.34479,-0.3576,-0.37067,-0.38407,-0.39791,-0.41228,-0.42729,-0.44307,-0.45973,-0.47744,-0.49633,-0.51657,-0.53833,-0.56178,-0.58708,-0.61439,-0.64382,-0.67544,-0.70922,-0.74499,-0.7824,-0.82081,-0.85926,-0.89642,-0.93058,-0.95981,-0.98212,-0.99585,-0.99996,-0.99427,-0.97948,-0.95701,-0.92862,-0.89618,-0.86135,-0.82549,-0.7896,-0.75437,-0.72024,-0.68741,-0.65598,-0.62591,-0.59711,-0.56945,-0.54278,-0.51694,-0.49176,-0.46707,-0.44272,-0.41856,-0.39445,-0.37025,-0.34585,-0.32113,-0.29598,-0.27031,-0.24401,-0.21701,-0.18921,-0.16054,-0.13092,-0.10027,-0.068538,-0.035661,0
0,-0.013244,-0.026467,-0.03993,-0.053566,-0.067314,-0.081116,-0.094922,-0.10869,-0.12237,-0.13593,-0.14934,-0.16258,-0.17562,-0.18845,-0.20107,-0.21346,-0.22563,-0.23758,-0.24933,-0.2609,-0.2723,-0.28358,-0.29476,-0.3059,-0.31704,-0.32824,-0.33957,-0.35111,-0.36293,-0.37514,-0.38784,-0.40114,-0.41517,-0.43007,-0.44599,-0.46311,-0.4816,-0.50167,-0.52352,-0.54739,-0.57348,-0.60201,-0.63315,-0.66701,-0.7036,-0.74271,-0.78387,-0.82622,-0.86841,-0.90854,-0.94423,-0.97284,-0.99194,-0.99983,-0.99597,-0.98113,-0.95709,-0.92622,-0.89092,-0.85329,-0.81499,-0.77715,-0.7405,-0.70545,-0.67214,-0.6406,-0.61071,-0.58233,-0.55527,-0.52932,-0.50428,-0.47996,-0.45616,-0.43271,-0.40943,-0.38618,-0.36282,-0.33921,-0.31525,-0.29081,-0.2658,-0.24012,-0.2137,-0.18645,-0.15829,-0.12915,-0.098975,-0.0677,-0.035279,0
0,-0.013402,-0.026755,-0.040317,-0.05401,-0.067763,-0.081511,-0.095197,-0.10877,-0.12218,-0.1354,-0.1484,-0.16113,-0.1736,-0.18577,-0.19765,-0.20922,-0.2205,-0.23149,-0.24219,-0.25264,-0.26286,-0.27288,-0.28273,-0.29247,-0.30214,-0.31181,-0.32154,-0.33141,-0.3415,-0.3519,-0.36274,-0.37411,-0.38615,-0.39902,-0.41286,-0.42786,-0.44423,-0.46217,-0.48195,-0.50383,-0.52809,-0.55504,-0.58498,-0.61816,-0.65479,-0.6949,-0.73829,-0.78434,-0.83181,-0.87874,-0.92232,-0.95909,-0.9855,-0.99873,-0.99757,-0.98276,-0.95666,-0.9225,-0.88353,-0.84245,-0.80127,-0.76126,-0.72315,-0.68727,-0.65367,-0.62225,-0.59282,-0.56513,-0.53893,-0.51396,-0.48998,-0.46674,-0.44403,-0.42166,-0.39944,-0.37721,-0.35481,-0.33212,-0.309,-0.28536,-0.26108,-0.23609,-0.21029,-0.18362,-0.156,-0.12737,-0.097675,-0.066864,-0.034902,0
0,-0.013685,-0.027282,-0.041049,-0.054897,-0.068744,-0.082517,-0.096153,-0.10959,-0.12279,-0.13571,-0.14831,-0.16056,-0.17246,-0.18397,-0.1951,-0.20584,-0.21619,-0.22617,-0.23579,-0.24506,-0.25403,-0.26271,-0.27115,-0.27939,-0.28748,-0.29549,-0.30349,-0.31153,-0.31972,-0.32814,-0.3369,-0.34612,-0.35592,-0.36646,-0.37789,-0.39041,-0.40422,-0.41957,-0.43673,-0.45599,-0.47771,-0.50226,-0.53006,-0.56155,-0.59712,-0.63714,-0.68176,-0.73077,-0.78334,-0.83769,-0.89076,-0.9382,-0.97482,-0.99594,-0.99896,-0.98438,-0.95544,-0.91678,-0.87296,-0.82756,-0.78299,-0.74064,-0.70114,-0.66466,-0.63109,-0.60017,-0.57157,-0.54495,-0.51998,-0.49633,-0.4737,-0.45183,-0.43048,-0.40942,-0.38846,-0.36742,-0.34615,-0.3245,-0.30236,-0.27961,-0.25615,-0.2319,-0.20679,-0.18074,-0.15368,-0.12558,-0.096377,-0.066035,-0.03453,0
0,-0.01411,-0.028074,-0.042162,-0.056272,-0.07031,-0.084195,-0.097854,-0.11123,-0.12426,-0.13691,-0.14915,-0.16094,-0.17227,-0.18312,-0.19348,-0.20336,-0.21276,-0.22169,-0.23016,-0.2382,-0.24583,-0.25309,-0.26001,-0.26665,-0.27305,-0.27927,-0.28537,-0.29143,-0.29753,-0.30376,-0.31022,-0.31703,-0.32431,-0.3322,-0.34087,-0.35051,-0.36131,-0.37353,-0.38745,-0.4034,-0.42174,-0.44293,-0.46747,-0.49594,-0.52898,-0.56725,-0.61139,-0.66179,-0.71837,-0.78003,-0.84402,-0.90529,-0.95657,-0.98994,-0.99988,-0.98598,-0.9529,-0.90779,-0.85738,-0.80652,-0.75806,-0.71334,-0.67274,-0.63614,-0.60315,-0.5733,-0.54611,-0.52109,-0.49783,-0.47594,-0.45507,-0.43493,-0.41524,-0.39578,-0.37632,-0.35669,-0.33673,-0.3163,-0.29526,-0.27352,-0.25098,-0.22755,-0.20318,-0.17779,-0.15134,-0.12378,-0.095085,-0.065218,-0.034168,0
0,-0.014691,-0.02916,-0.043698,-0.058187,-0.072522,-0.086609,-0.10037,-0.11374,-0.12667,-0.13909,-0.15099,-0.16234,-0.1731,-0.18328,-0.19286,-0.20185,-0.21025,-0.21807,-0.22534,-0.23206,-0.23828,-0.24402,-0.24932,-0.25422,-0.25879,-0.26306,-0.26711,-0.271,-0.27481,-0.27862,-0.28254,-0.28666,-0.29111,-0.29602,-0.30154,-0.30785,-0.31514,-0.32366,-0.33368,-0.34552,-0.35956,-0.37627,-0.39621,-0.42006,-0.44862,-0.48285,-0.52386,-0.57279,-0.63063,-0.69772,-0.77272,-0.8511,-0.92366,-0.9772,-0.99967,-0.98757,-0.94798,-0.89304,-0.83341,-0.77572,-0.72307,-0.67636,-0.63542,-0.5996,-0.56814,-0.54026,-0.51529,-0.49262,-0.47174,-0.45219,-0.4336,-0.41563,-0.39801,-0.38048,-0.36283,-0.34487,-0.32645,-0.30741,-0.28765,-0.26705,-0.24553,-0.22302,-0.19946,-0.17479,-0.14898,-0.12199,-0.093808,-0.064417,-0.033818,0
0,-0.015447,-0.030573,-0.045701,-0.060697,-0.07544,-0.089831,-0.10378,-0.11722,-0.13008,-0.14233,-0.15392,-0.16483,-0.17503,-0.18452,-0.1933,-0.20135,-0.2087,-0.21536,-0.22134,-0.22666,-0.23136,-0.23547,-0.23902,-0.24205,-0.24462,-0.24678,-0.24858,-0.25009,-0.25138,-0.25253,-0.25362,-0.25475,-0.25603,-0.25758,-0.25953,-0.26204,-0.26529,-0.26948,-0.27487,-0.28175,-0.29048,-0.3015,-0.31534,-0.33269,-0.35444,-0.38167,-0.41583,-0.4587,-0.51247,-0.57948,-0.66149,-0.75751,-0.85956,-0.94811,-0.99624,-0.98918,-0.93812,-0.86698,-0.79421,-0.72849,-0.6722,-0.62494,-0.58537,-0.55205,-0.52367,-0.49916,-0.47763,-0.45835,-0.44074,-0.42431,-0.40865,-0.39344,-0.37837,-0.36321,-0.34773,-0.33176,-0.31515,-0.29774,-0.27944,-0.26015,-0.23979,-0.2183,-0.19562,-0.17173,-0.1466,-0.12021,-0.092554,-0.06364,-0.033485,0
0,-0.016398,-0.032348,-0.048219,-0.063858,-0.079134,-0.093931,-0.10816,-0.12173,-0.13459,-0.1467,-0.158,-0.16848,-0.17811,-0.1869,-0.19483,-0.20191,-0.20815,-0.21356,-0.21816,-0.22198,-0.22505,-0.22739,-0.22904,-0.23004,-0.23043,-0.23027,-0.22961,-0.2285,-0.227,-0.2252,-0.22315,-0.22095,-0.21868,-0.21645,-0.21437,-0.21257,-0.2112,-0.21042,-0.21043,-0.21148,-0.21385,-0.2179,-0.22408,-0.23297,-0.24533,-0.26219,-0.28494,-0.31555,-0.35681,-0.4127,-0.48866,-0.59113,-0.7234,-0.87107,-0.98076,-0.99088,-0.91557,-0.81515,-0.72455,-0.65188,-0.59539,-0.55146,-0.51687,-0.48915,-0.46646,-0.44746,-0.43113,-0.41671,-0.40359,-0.3913,-0.37945,-0.36772,-0.35584,-0.34357,-0.33072,-0.31713,-0.30265,-0.28715,-0.27055,-0.25276,-0.23371,-0.21336,-0.19167,-0.16863,-0.14422,-0.11845,-0.091333,-0.062896,-0.033174,0
0,-0.017565,-0.03452,-0.051301,-0.067733,-0.08367,-0.098986,-0.11358,-0.12736,-0.14028,-0.15227,-0.1633,-0.17335,-0.18241,-0.19045,-0.19749,-0.20353,-0.20858,-0.21266,-0.21578,-0.21797,-0.21926,-0.21967,-0.21925,-0.21802,-0.21602,-0.21331,-0.20992,-0.20591,-0.20132,-0.19623,-0.19069,-0.18477,-0.17853,-0.17207,-0.16547,-0.15882,-0.15223,-0.14581,-0.13971,-0.13408,-0.1291,-0.12502,-0.1221,-0.12072,-0.12136,-0.12467,-0.13157,-0.14344,-0.16237,-0.19174,-0.23734,-0.30967,-0.42834,-0.62519,-0.89267,-0.993,-0.84559,-0.69109,-0.5874,-0.52018,-0.47523,-0.44402,-0.42158,-0.4049,-0.39206,-0.3818,-0.37322,-0.36569,-0.35872,-0.35192,-0.345,-0.33768,-0.32977,-0.32106,-0.31141,-0.30066,-0.28872,-0.27547,-0.26085,-0.24478,-0.22723,-0.20817,-0.18758,-0.16547,-0.14184,-0.11672,-0.090159,-0.062195,-0.032892,0
0,-0.018969,-0.03713,-0.054999,-0.072384,-0.089119,-0.10507,-0.12012,-0.13419,-0.1472,-0.15912,-0.16989,-0.17951,-0.18795,-0.19521,-0.2013,-0.20622,-0.20998,-0.21261,-0.21411,-0.21453,-0.21387,-0.21216,-0.20945,-0.20575,-0.20111,-0.19556,-0.18914,-0.18189,-0.17386,-0.1651,-0.15565,-0.14556,-0.1349,-0.12371,-0.11206,-0.1,-0.087601,-0.074924,-0.062033,-0.049001,-0.035899,-0.022806,-0.009805,0.0030093,0.015528,0.027618,0.03911,0.049771,0.05926,0.067033,0.072141,0.072708,0.064372,0.033991,-0.084038,-0.99989,-0.41925,-0.32513,-0.29756,-0.28796,-0.28543,-0.28618,-0.28853,-0.29159,-0.29484,-0.29793,-0.30063,-0.30274,-0.3041,-0.30457,-0.30401,-0.30231,-0.29936,-0.29505,-0.28928,-0.28198,-0.27307,-0.26248,-0.25018,-0.23612,-0.2203,-0.2027,-0.18335,-0.16226,-0.13947,-0.11505,-0.089047,-0.061551,-0.032646,0
0,-0.020636,-0.040216,-0.059367,-0.077873,-0.095551,-0.11225,-0.12786,-0.14228,-0.15544,-0.1673,-0.17781,-0.18697,-0.19476,-0.20118,-0.20623,-0.20993,-0.21229,-0.21332,-0.21304,-0.21149,-0.20867,-0.20461,-0.19934,-0.19289,-0.18528,-0.17655,-0.16673,-0.15584,-0.14394,-0.13105,-0.11722,-0.10248,-0.086869,-0.070428,-0.053192,-0.035192,-0.016456,0.0029953,0.023153,0.044021,0.065621,0.088001,0.11124,0.13547,0.16086,0.18772,0.21645,0.24768,0.28238,0.32206,0.36923,0.42828,0.50729,0.62182,0.79698,0.99072,0.81449,0.43916,0.21057,0.078865,-0.0051621,-0.063794,-0.10745,-0.14146,-0.16878,-0.19112,-0.20958,-0.22482,-0.23729,-0.24725,-0.25489,-0.26031,-0.26358,-0.26471,-0.26371,-0.26059,-0.25532,-0.2479,-0.23834,-0.22664,-0.21281,-0.1969,-0.17894,-0.15899,-0.13713,-0.11344,-0.088016,-0.060979,-0.032447,0
0,-0.02259,-0.04382,-0.064458,-0.084262,-0.10303,-0.12061,-0.13686,-0.15169,-0.16503,-0.17685,-0.18709,-0.19575,-0.20283,-0.20832,-0.21223,-0.21457,-0.21536,-0.21462,-0.21236,-0.20859,-0.20335,-0.19664,-0.18849,-0.17893,-0.16796,-0.15562,-0.14194,-0.12694,-0.11066,-0.093115,-0.074352,-0.054401,-0.033296,-0.01107,0.012248,0.036635,0.062076,0.088565,0.11611,0.14475,0.17454,0.20557,0.23798,0.27196,0.30779,0.34582,0.38657,0.43071,0.47917,0.53317,0.59429,0.66439,0.74514,0.83601,0.92841,0.99345,0.97758,0.85135,0.66315,0.47995,0.32934,0.21169,0.12008,0.047783,-0.010231,-0.057486,-0.096411,-0.12868,-0.15548,-0.17761,-0.19568,-0.21009,-0.22113,-0.22901,-0.23387,-0.23583,-0.23498,-0.23137,-0.22507,-0.21614,-0.20466,-0.19069,-0.17433,-0.15567,-0.13482,-0.11191,-0.087088,-0.060498,-0.032306,0
0,-0.024856,-0.047982,-0.070323,-0.091609,-0.11162,-0.13018,-0.14716,-0.16246,-0.17601,-0.18777,-0.19771,-0.20581,-0.21209,-0.21653,-0.21916,-0.21997,-0.219,-0.21625,-0.21173,-0.20546,-0.19745,-0.18772,-0.17628,-0.16314,-0.14832,-0.13185,-0.11375,-0.09404,-0.072762,-0.04995,-0.025647,9.8181e-05,0.027236,0.055715,0.085481,0.11648,0.14868,0.18203,0.21652,0.25212,0.28885,0.32674,0.36586,0.40629,0.44819,0.49172,0.53711,0.58461,0.63448,0.68694,0.74204,0.79942,0.85785,0.91443,0.96338,0.99489,0.99563,0.95365,0.8668,0.74703,0.61379,0.48369,0.36597,0.2637,0.17656,0.10287,0.040693,-0.01175,-0.055951,-0.093095,-0.1241,-0.14967,-0.17037,-0.1866,-0.19869,-0.20689,-0.2114,-0.21239,-0.21,-0.20439,-0.19567,-0.18398,-0.16946,-0.15227,-0.13255,-0.1105,-0.08629,-0.060133,-0.03224,0
0,-0.027461,-0.052743,-0.077012,-0.099968,-0.12137,-0.14103,-0.15882,-0.17462,-0.18838,-0.20005,-0.20961,-0.21707,-0.22241,-0.22565,-0.2268,-0.22586,-0.22286,-0.21779,-0.21067,-0.20151,-0.1903,-0.17706,-0.16178,-0.14449,-0.1252,-0.10392,-0.080704,-0.055576,-0.028594,0.00017662,0.030655,0.06275,0.096358,0.13136,0.16765,0.20509,0.24355,0.28291,0.32304,0.36383,0.40519,0.44702,0.48925,0.53182,0.5747,0.61784,0.66119,0.70469,0.74822,0.79155,0.83428,0.87574,0.91483,0.94979,0.97804,0.99598,0.99908,0.9825,0.94247,0.87798,0.79202,0.69111,0.58331,0.47598,0.3744,0.28159,0.19877,0.12605,0.062898,0.0085703,-0.037751,-0.07683,-0.10933,-0.13583,-0.15681,-0.17266,-0.18374,-0.19033,-0.19269,-0.19105,-0.18562,-0.17663,-0.16428,-0.14877,-0.13034,-0.10922,-0.085654,-0.059911,-0.032266,0
0,-0.030432,-0.058143,-0.084571,-0.10938,-0.13232,-0.15318,-0.17182,-0.18813,-0.20207,-0.21359,-0.22268,-0.22934,-0.23358,-0.23539,-0.2348,-0.23182,-0.22643,-0.21865,-0.20847,-0.19589,-0.1809,-0.16351,-0.1437,-0.1215,-0.096929,-0.07002,-0.040833,-0.0094475,0.024027,0.059457,0.09668,0.13551,0.17574,0.21714,0.25946,0.30246,0.34588,0.38947,0.43299,0.47624,0.51902,0.56116,0.60252,0.64297,0.68242,0.72076,0.75792,0.79378,0.82822,0.86104,0.89196,0.92061,0.94638,0.96849,0.98581,0.99688,0.99984,0.99252,0.97262,0.93811,0.88776,0.82179,0.74215,0.65241,0.55708,0.46077,0.3674,0.27983,0.19981,0.12822,0.065251,0.010732,-0.035733,-0.074633,-0.10646,-0.13173,-0.15088,-0.16433,-0.17248,-0.17567,-0.17422,-0.16846,-0.15867,-0.14514,-0.12819,-0.1081,-0.085218,-0.05987,-0.032409,0
0,-0.033797,-0.064221,-0.093042,-0.11989,-0.14449,-0.16662,-0.18614,-0.20295,-0.21699,-0.22825,-0.2367,-0.24236,-0.24524,-0.24533,-0.24265,-0.2372,-0.22896,-0.21792,-0.20406,-0.18737,-0.16782,-0.14542,-0.12016,-0.092064,-0.061187,-0.02761,0.0085414,0.047095,0.087832,0.13049,0.17475,0.22027,0.26668,0.31357,0.36056,0.40726,0.4533,0.49837,0.54219,0.58454,0.62523,0.66415,0.70121,0.73637,0.76961,0.80094,0.83036,0.85788,0.88349,0.90715,0.92877,0.94821,0.96523,0.97949,0.99051,0.99762,0.99999,0.99653,0.98595,0.9668,0.93758,0.89701,0.84429,0.77948,0.70375,0.61945,0.52979,0.43839,0.34871,0.26362,0.18518,0.11466,0.052674,-0.00065196,-0.045499,-0.08223,-0.11131,-0.13323,-0.14851,-0.15763,-0.16104,-0.15919,-0.15248,-0.14131,-0.12608,-0.10718,-0.085028,-0.060054,-0.032699,0
0,-0.037589,-0.071017,-0.10247,-0.13152,-0.15789,-0.18133,-0.20171,-0.21893,-0.23295,-0.24375,-0.25133,-0.2557,-0.25686,-0.25481,-0.24956,-0.24106,-0.22931,-0.21425,-0.19586,-0.1741,-0.14894,-0.12037,-0.088419,-0.053159,-0.014709,0.026735,0.070905,0.11745,0.16596,0.21594,0.26686,0.31815,0.36924,0.41958,0.46869,0.51612,0.56154,0.60469,0.64539,0.68356,0.71917,0.75225,0.78288,0.81117,0.83722,0.86117,0.88312,0.9032,0.92147,0.93799,0.9528,0.96587,0.97713,0.98643,0.99357,0.99824,1,0.99828,0.99236,0.98132,0.96409,0.93944,0.90609,0.86287,0.80897,0.74425,0.66949,0.58653,0.49821,0.40791,0.3191,0.23483,0.15744,0.088438,0.028601,-0.02184,-0.063057,-0.095452,-0.11958,-0.13606,-0.14548,-0.14843,-0.14549,-0.13717,-0.124,-0.10648,-0.085139,-0.060518,-0.033177,0
0,-0.041847,-0.078578,-0.11288,-0.14429,-0.17248,-0.19723,-0.21838,-0.23586,-0.24964,-0.2597,-0.26605,-0.2687,-0.26765,-0.26287,-0.25433,-0.24199,-0.22579,-0.20565,-0.18152,-0.15334,-0.12109,-0.084791,-0.044547,-0.00053977,0.04693,0.097443,0.15046,0.20534,0.26134,0.31769,0.37358,0.42826,0.48108,0.53148,0.57904,0.6235,0.6647,0.70263,0.73735,0.76898,0.79771,0.82375,0.84731,0.86859,0.88782,0.90517,0.92081,0.93489,0.94752,0.9588,0.96878,0.97748,0.98491,0.991,0.99567,0.99874,0.99999,0.9991,0.99565,0.98909,0.97872,0.96366,0.94286,0.91512,0.87914,0.83368,0.77781,0.71123,0.63459,0.54971,0.45953,0.36775,0.27819,0.19422,0.11837,0.052205,-0.0035576,-0.04885,-0.084027,-0.10972,-0.12666,-0.13563,-0.13736,-0.13256,-0.1219,-0.10603,-0.085615,-0.061335,-0.033893,0
0,-0.04662,-0.086961,-0.12432,-0.15819,-0.18822,-0.21418,-0.23593,-0.25341,-0.26659,-0.27549,-0.28009,-0.28041,-0.2764,-0.26802,-0.2552,-0.23784,-0.21583,-0.18906,-0.15744,-0.12093,-0.079564,-0.033474,0.017048,0.071534,0.12933,0.1896,0.25138,0.31358,0.37511,0.43495,0.4922,0.54617,0.59637,0.64252,0.68454,0.7225,0.75658,0.78706,0.81422,0.83838,0.85987,0.87897,0.89596,0.91108,0.92456,0.93658,0.94731,0.95687,0.96537,0.9729,0.97951,0.98525,0.99011,0.99408,0.99712,0.99913,0.99998,0.9995,0.99743,0.99343,0.98708,0.9778,0.96487,0.94737,0.92417,0.89396,0.85531,0.80678,0.7473,0.67647,0.59508,0.50536,0.41092,0.31618,0.22557,0.14278,0.070305,0.0094327,-0.039503,-0.076846,-0.10335,-0.11994,-0.12758,-0.12719,-0.11967,-0.10584,-0.086529,-0.062594,-0.034917,0
0,-0.051982,-0.096242,-0.13684,-0.17322,-0.20501,-0.23197,-0.25401,-0.27106,-0.28312,-0.2902,-0.29229,-0.28934,-0.28129,-0.26803,-0.2494,-0.22525,-0.19539,-0.15968,-0.11805,-0.070537,-0.017365,0.040996,0.1038,0.17001,0.23834,0.30734,0.37549,0.4414,0.50385,0.56196,0.61515,0.6632,0.70611,0.74412,0.77757,0.80689,0.83252,0.85491,0.87447,0.89157,0.90656,0.91971,0.93129,0.94151,0.95055,0.95855,0.96566,0.97196,0.97753,0.98245,0.98676,0.99048,0.99362,0.99618,0.99813,0.99943,0.99999,0.9997,0.99843,0.99595,0.99202,0.98627,0.97822,0.96727,0.95261,0.93322,0.90781,0.87485,0.83262,0.77942,0.71398,0.63602,0.54686,0.44978,0.34964,0.25202,0.16193,0.083009,0.017214,-0.034876,-0.073654,-0.10008,-0.11534,-0.12064,-0.11713,-0.10589,-0.087963,-0.064409,-0.036343,0
0,-0.05804,-0.10653,-0.1505,-0.18934,-0.22266,-0.25027,-0.27206,-0.28803,-0.29816,-0.30244,-0.30083,-0.29322,-0.27945,-0.2593,-0.2325,-0.19881,-0.15798,-0.1099,-0.054651,0.0073646,0.075358,0.14809,0.22389,0.30079,0.3767,0.44966,0.51805,0.58073,0.63708,0.68695,0.73054,0.76831,0.80083,0.82874,0.85265,0.87314,0.89072,0.90584,0.91889,0.93018,0.94,0.94856,0.95607,0.96266,0.96847,0.97361,0.97816,0.98218,0.98574,0.98888,0.99162,0.99398,0.99598,0.9976,0.99883,0.99964,0.99999,0.99981,0.99901,0.99746,0.99501,0.99144,0.98644,0.97964,0.97051,0.95835,0.94223,0.92093,0.8929,0.85622,0.80876,0.74843,0.67387,0.58532,0.48542,0.37939,0.27403,0.17603,0.090398,0.01987,-0.034779,-0.074106,-0.099395,-0.11217,-0.11394,-0.10611,-0.089998,-0.066929,-0.038299,0
0,-0.06496,-0.11799,-0.16537,-0.20647,-0.24091,-0.26852,-0.28924,-0.30309,-0.31002,-0.30998,-0.30282,-0.28831,-0.26611,-0.23583,-0.19706,-0.14947,-0.092903,-0.02757,0.045768,0.12569,0.21005,0.29617,0.38114,0.46219,0.53714,0.60456,0.66384,0.71504,0.75869,0.79558,0.82658,0.85258,0.87438,0.8927,0.90813,0.92118,0.93226,0.94173,0.94985,0.95686,0.96293,0.96822,0.97285,0.97693,0.98052,0.98369,0.98651,0.989,0.99121,0.99315,0.99485,0.99631,0.99754,0.99854,0.9993,0.99979,1,0.99987,0.99936,0.99839,0.99686,0.99465,0.99157,0.98739,0.98178,0.9743,0.96435,0.95111,0.93343,0.90979,0.87818,0.83611,0.78079,0.70974,0.62187,0.5189,0.40622,0.29208,0.18526,0.092533,0.017509,-0.038944,-0.077725,-0.10059,-0.10951,-0.10631,-0.092698,-0.070339,-0.04097,0
0,-0.073,-0.13084,-0.18153,-0.22444,-0.25923,-0.2858,-0.30414,-0.3142,-0.31592,-0.30907,-0.2933,-0.26812,-0.23292,-0.18707,-0.1301,-0.061895,0.016967,0.10491,0.19923,0.29623,0.39174,0.48188,0.5637,0.63552,0.69692,0.74839,0.79098,0.82595,0.85456,0.87797,0.89715,0.91294,0.926,0.93686,0.94595,0.9536,0.96008,0.96561,0.97036,0.97446,0.97802,0.98113,0.98386,0.98626,0.98839,0.99028,0.99195,0.99344,0.99476,0.99593,0.99695,0.99782,0.99856,0.99916,0.9996,0.99989,1,0.99991,0.99958,0.99897,0.99803,0.99667,0.9948,0.99226,0.98888,0.98438,0.9784,0.97043,0.95974,0.94531,0.92567,0.8988,0.86196,0.81176,0.74453,0.65761,0.55136,0.43104,0.30667,0.1898,0.089474,0.01029,-0.046992,-0.083859,-0.10272,-0.10605,-0.096064,-0.074868,-0.044618,0
0,-0.082562,-0.14539,-0.19902,-0.24287,-0.27671,-0.30053,-0.31428,-0.31785,-0.31092,-0.29294,-0.26316,-0.22061,-0.16437,-0.093819,-0.0091641,0.087967,0.19412,0.3041,0.41186,0.51186,0.60022,0.67525,0.7371,0.78707,0.82697,0.85868,0.88387,0.90393,0.92,0.93294,0.94345,0.95205,0.95914,0.96503,0.96996,0.97412,0.97766,0.98069,0.98331,0.98557,0.98755,0.98929,0.99082,0.99217,0.99338,0.99445,0.99541,0.99626,0.99702,0.99769,0.99827,0.99878,0.9992,0.99954,0.99979,0.99995,1,0.99993,0.99972,0.99935,0.99877,0.99796,0.99684,0.99533,0.99334,0.9907,0.98722,0.98258,0.97638,0.96798,0.95649,0.94056,0.91821,0.88659,0.84179,0.779,0.69365,0.58407,0.45497,0.31845,0.18986,0.081308,-0.0015561,-0.058384,-0.091602,-0.10444,-0.099932,-0.080773,-0.049628,0
0,-0.094255,-0.16203,-0.21769,-0.26088,-0.29154,-0.30966,-0.31507,-0.30728,-0.28542,-0.24824,-0.19425,-0.12206,-0.03123,0.076737,0.19736,0.32311,0.44493,0.55491,0.64836,0.72415,0.78374,0.82977,0.86505,0.89208,0.91287,0.92899,0.94159,0.95154,0.95947,0.96586,0.97105,0.97531,0.97884,0.98179,0.98428,0.98639,0.98819,0.98975,0.9911,0.99228,0.99332,0.99423,0.99505,0.99577,0.99642,0.99699,0.99751,0.99798,0.99839,0.99876,0.99908,0.99935,0.99959,0.99977,0.9999,0.99998,1,0.99995,0.99982,0.99959,0.99925,0.99877,0.99813,0.99726,0.99613,0.99464,0.99268,0.99009,0.98664,0.98199,0.97564,0.96681,0.95433,0.93634,0.91002,0.87112,0.81373,0.7311,0.61864,0.47955,0.32835,0.18577,0.068176,-0.017677,-0.072357,-0.099642,-0.10374,-0.088276,-0.056558,0
0,-0.10896,-0.18105,-0.23687,-0.27647,-0.29993,-0.30703,-0.29698,-0.26831,-0.2189,-0.14631,-0.048933,0.072171,0.21105,0.35621,0.49372,0.61249,0.70775,0.78038,0.83419,0.87359,0.90243,0.92368,0.93951,0.95144,0.96056,0.96761,0.97313,0.97752,0.98104,0.98389,0.98623,0.98817,0.98979,0.99115,0.99231,0.99331,0.99416,0.99491,0.99556,0.99613,0.99664,0.99709,0.9975,0.99786,0.99819,0.99848,0.99874,0.99898,0.99919,0.99938,0.99954,0.99969,0.9998,0.99989,0.99996,0.99999,1,0.99996,0.99988,0.99975,0.99956,0.99929,0.99893,0.99846,0.99784,0.99704,0.99599,0.99462,0.9928,0.99038,0.98708,0.98252,0.97607,0.96676,0.95296,0.93202,0.89961,0.84901,0.77108,0.65713,0.50708,0.33788,0.17808,0.05032,-0.037542,-0.087765,-0.10595,-0.097351,-0.066171,0
0,-0.12781,-0.20226,-0.25439,-0.2848,-0.2933,-0.27855,-0.2379,-0.16753,-0.063834,0.073317,0.2358,0.40511,0.55909,0.68318,0.77485,0.83931,0.88378,0.91444,0.93581,0.95093,0.96183,0.96982,0.9758,0.98033,0.98382,0.98656,0.98872,0.99046,0.99187,0.99303,0.99399,0.99479,0.99547,0.99605,0.99655,0.99697,0.99735,0.99768,0.99796,0.99822,0.99845,0.99866,0.99884,0.99901,0.99916,0.99929,0.99942,0.99953,0.99963,0.99972,0.9998,0.99986,0.99992,0.99996,0.99999,1,1,0.99997,0.99993,0.99985,0.99975,0.99961,0.99943,0.99918,0.99887,0.99846,0.99794,0.99726,0.99637,0.9952,0.99361,0.99144,0.98839,0.98402,0.97754,0.96766,0.95208,0.92674,0.88461,0.8144,0.70209,0.54113,0.3496,0.1678,0.028181,-0.060297,-0.10276,-0.10711,-0.079331,0
0,-0.15168,-0.22355,-0.26393,-0.2734,-0.24962,-0.18739,-0.079862,0.076153,0.26969,0.46924,0.63869,0.76161,0.84277,0.8944,0.92721,0.9484,0.96244,0.97197,0.97862,0.98337,0.98684,0.98942,0.99138,0.99289,0.99407,0.99501,0.99577,0.99638,0.99688,0.9973,0.99765,0.99795,0.9982,0.99842,0.99861,0.99878,0.99892,0.99905,0.99917,0.99927,0.99936,0.99945,0.99952,0.99959,0.99965,0.99971,0.99976,0.99981,0.99985,0.99989,0.99992,0.99995,0.99997,0.99999,1,1,1,0.99998,0.99996,0.99992,0.99987,0.99981,0.99972,0.9996,0.99946,0.99927,0.99904,0.99873,0.99834,0.99783,0.99714,0.99621,0.99492,0.99309,0.99041,0.98634,0.97994,0.96945,0.95148,0.91946,0.86102,0.75632,0.58729,0.36827,0.1569,0.0026611,-0.084381,-0.11402,-0.096349,0
0,-0.17912,-0.23624,-0.24607,-0.20501,-0.10218,0.072828,0.30739,0.54534,0.72648,0.83912,0.9033,0.93953,0.96054,0.9732,0.98114,0.98631,0.98979,0.9922,0.99392,0.99518,0.99611,0.99682,0.99737,0.9978,0.99814,0.99842,0.99864,0.99883,0.99898,0.99911,0.99922,0.99931,0.99939,0.99946,0.99953,0.99958,0.99963,0.99967,0.99971,0.99975,0.99978,0.99981,0.99983,0.99986,0.99988,0.9999,0.99992,0.99993,0.99995,0.99996,0.99997,0.99998,0.99999,1,1,1,1,0.99999,0.99998,0.99996,0.99994,0.99991,0.99988,0.99983,0.99978,0.9997,0.99961,0.99949,0.99934,0.99915,0.99889,0.99855,0.99809,0.99743,0.99649,0.99508,0.99289,0.98934,0.98326,0.9723,0.95128,0.90884,0.8214,0.65405,0.4034,0.1499,-0.023997,-0.10653,-0.11445,0
0,-0.19743,-0.2069,-0.1304,0.0539,0.34096,0.62904,0.81435,0.90667,0.95018,0.97148,0.9826,0.98878,0.99243,0.99469,0.99615,0.99713,0.9978,0.99828,0.99864,0.9989,0.9991,0.99925,0.99937,0.99947,0.99954,0.99961,0.99966,0.9997,0.99974,0.99977,0.9998,0.99982,0.99984,0.99986,0.99987,0.99989,0.9999,0.99991,0.99992,0.99993,0.99994,0.99995,0.99996,0.99996,0.99997,0.99997,0.99998,0.99998,0.99999,0.99999,0.99999,1,1,1,1,1,1,1,0.99999,0.99999,0.99998,0.99997,0.99996,0.99994,0.99993,0.9999,0.99987,0.99984,0.99979,0.99974,0.99966,0.99957,0.99943,0.99925,0.99899,0.99861,0.99804,0.99711,0.99557,0.99282,0.98757,0.97676,0.95246,0.89358,0.75101,0.47546,0.15907,-0.045231,-0.11857,0
0,-0.13707,0.023824,0.36837,0.72051,0.89498,0.95789,0.98095,0.99036,0.99465,0.9968,0.99796,0.99864,0.99905,0.99931,0.99949,0.99961,0.9997,0.99976,0.9998,0.99984,0.99987,0.99989,0.9999,0.99992,0.99993,0.99994,0.99995,0.99995,0.99996,0.99996,0.99997,0.99997,0.99997,0.99998,0.99998,0.99998,0.99998,0.99999,0.99999,0.99999,0.99999,0.99999,0.99999,0.99999,0.99999,1,1,1,1,1,1,1,1,1,1,1,1,1,1,1,1,0.99999,0.99999,0.99999,0.99998,0.99998,0.99997,0.99997,0.99996,0.99995,0.99993,0.99992,0.99989,0.99986,0.99981,0.99975,0.99965,0.9995,0.99925,0.99882,0.99802,0.99641,0.99283,0.98384,0.95796,0.87426,0.62608,0.22484,-0.038839,0
0,0.45348,0.83974,0.96207,0.9894,0.99638,0.99853,0.99932,0.99964,0.9998,0.99987,0.99992,0.99994,0.99996,0.99997,0.99998,0.99998,0.99999,0.99999,0.99999,0.99999,0.99999,0.99999,1,1,1,1,1,1,1,1,1,1,1,1,1,1,1,1,1,1,1,1,1,1,1,1,1,1,1,1,1,1,1,1,1,1,1,1,1,1,1,1,1,1,1,1,1,1,1,1,1,0.99999,0.99999,0.99999,0.99999,0.99998,0.99998,0.99997,0.99996,0.99993,0.99989,0.99981,0.99963,0.9992,0.99794,0.9935,0.97389,0.87334,0.50276,0
1,1,1,1,1,1,1,1,1,1,1,1,1,1,1,1,1,1,1,1,1,1,1,1,1,1,1,1,1,1,1,1,1,1,1,1,1,1,1,1,1,1,1,1,1,1,1,1,1,1,1,1,1,1,1,1,1,1,1,1,1,1,1,1,1,1,1,1,1,1,1,1,1,1,1,1,1,1,1,1,1,1,1,1,1,1,1,1,1,1,1
