0,0,0,0,0,0,0,0,0,0,0,0,0,0,0,0,0,0,0,0,0,0,0,0,0,0,0,0,0,0,0,0,0,0,0,0,0,0,0,0,0,0,0,0,0,0,0,0,0,0,0,0,0,0,0,0,0,0,0,0,0,0,0,0,0,0,0,0,0,0,0,0,0,0,0,0,0,0,0,0,0,0,0,0,0,0,0,0,0,0,0
0,0.70796,0.89961,0.97096,0.99723,0.98882,0.51672,-0.81722,-0.94279,-0.97103,-0.98233,-0.98813,-0.99153,-0.99371,-0.99519,-0.99623,-0.997,-0.99757,-0.99801,-0.99835,-0.99862,-0.99884,-0.99902,-0.99917,-0.99929,-0.99939,-0.99948,-0.99955,-0.99961,-0.99967,-0.99972,-0.99976,-0.99979,-0.99983,-0.99985,-0.99988,-0.9999,-0.99992,-0.99994,-0.99995,-0.99997,-0.99998,-0.99999,-0.99999,-1,-1,-1,-1,-0.99999,-0.99998,-0.99997,-0.99995,-0.99993,-0.99991,-0.99988,-0.99984,-0.9998,-0.99974,-0.99968,-0.99961,-0.99953,-0.99943,-0.99931,-0.99917,-0.999,-0.9988,-0.99855,-0.99825,-0.99787,-0.9974,-0.99678,-0.99597,-0.99486,-0.99328,-0.99089,-0.98695,-0.97962,-0.96272,-0.90329,-0.35354,0.89046,0.9863,0.99852,0.99991,0.99747,0.99125,0.97815,0.94935,0.88068,0.70619,0
0,0.43959,0.70912,0.9146,0.96389,-0.26338,-0.73192,-0.85466,-0.90823,-0.93732,-0.95502,-0.96657,-0.97447,-0.98009,-0.9842,-0.98727,-0.98963,-0.99145,-0.99289,-0.99405,-0.99498,-0.99574,-0.99637,-0.9969,-0.99734,-0.99771,-0.99803,-0.9983,-0.99854,-0.99874,-0.99892,-0.99908,-0.99922,-0.99934,-0.99945,-0.99955,-0.99963,-0.99971,-0.99977,-0.99983,-0.99988,-0.99992,-0.99995,-0.99998,-0.99999,-1,-1,-0.99998,-0.99996,-0.99993,-0.99988,-0.99982,-0.99974,-0.99964,-0.99953,-0.99939,-0.99923,-0.99904,-0.99881,-0.99855,-0.99824,-0.99788,-0.99745,-0.99695,-0.99636,-0.99566,-0.99482,-0.99381,-0.99258,-0.99105,-0.98915,-0.98673,-0.98358,-0.97936,-0.97353,-0.96505,-0.95193,-0.92962,-0.8858,-0.77646,-0.38755,0.58335,0.94632,0.99768,0.99566,0.9734,0.92933,0.84916,0.7074,0.47282,0
0,0.24337,0.41242,0.72469,-0.59507,-0.70887,-0.78441,-0.83837,-0.87732,-0.90566,-0.92649,-0.94199,-0.95367,-0.96259,-0.96949,-0.97488,-0.97916,-0.98258,-0.98534,-0.98759,-0.98945,-0.99099,-0.99227,-0.99335,-0.99427,-0.99506,-0.99573,-0.99631,-0.99682,-0.99726,-0.99765,-0.99799,-0.99829,-0.99856,-0.9988,-0.99901,-0.9992,-0.99936,-0.99951,-0.99963,-0.99974,-0.99983,-0.9999,-0.99995,-0.99999,-1,-0.99999,-0.99996,-0.99991,-0.99984,-0.99973,-0.99959,-0.99942,-0.99922,-0.99897,-0.99867,-0.99832,-0.99791,-0.99743,-0.99687,-0.99622,-0.99546,-0.99458,-0.99355,-0.99235,-0.99093,-0.98926,-0.98728,-0.98492,-0.98207,-0.97859,-0.97432,-0.96897,-0.96218,-0.95337,-0.94164,-0.9255,-0.90229,-0.8668,-0.80748,-0.69361,-0.42532,0.2571,0.90295,0.99924,0.94728,0.84874,0.71098,0.53189,0.31497,0
0,0.079784,-0.26015,-0.80261,-0.70952,-0.73354,-0.77383,-0.81307,-0.84707,-0.87523,-0.89806,-0.91642,-0.93113,-0.94295,-0.95248,-0.96019,-0.96648,-0.97163,-0.97587,-0.9794,-0.98235,-0.98482,-0.98692,-0.9887,-0.99022,-0.99153,-0.99266,-0.99365,-0.99451,-0.99527,-0.99593,-0.99652,-0.99704,-0.99751,-0.99792,-0.99829,-0.99861,-0.9989,-0.99915,-0.99937,-0.99955,-0.99971,-0.99983,-0.99992,-0.99998,-1,-0.99999,-0.99994,-0.99984,-0.99971,-0.99952,-0.99929,-0.99899,-0.99863,-0.9982,-0.99769,-0.99709,-0.99639,-0.99557,-0.99463,-0.99354,-0.99227,-0.99082,-0.98913,-0.98717,-0.9849,-0.98226,-0.97916,-0.97553,-0.97123,-0.96613,-0.96001,-0.95263,-0.94361,-0.9325,-0.9186,-0.90097,-0.87815,-0.84791,-0.80649,-0.7469,-0.65377,-0.48324,-0.054814,0.90461,0.91691,0.72477,0.54889,0.37941,0.21134,0
0,-0.1434,-0.9611,-0.7088,-0.68757,-0.71242,-0.74776,-0.78359,-0.81645,-0.84522,-0.86978,-0.89045,-0.90771,-0.92207,-0.93399,-0.94392,-0.95219,-0.9591,-0.96491,-0.9698,-0.97394,-0.97746,-0.98047,-0.98305,-0.98528,-0.98721,-0.98889,-0.99036,-0.99165,-0.99279,-0.99379,-0.99469,-0.99548,-0.99619,-0.99682,-0.99738,-0.99788,-0.99832,-0.9987,-0.99904,-0.99932,-0.99956,-0.99974,-0.99988,-0.99997,-1,-0.99998,-0.9999,-0.99975,-0.99954,-0.99926,-0.9989,-0.99844,-0.9979,-0.99724,-0.99647,-0.99556,-0.99451,-0.99329,-0.99189,-0.99027,-0.98842,-0.98629,-0.98385,-0.98105,-0.97783,-0.97412,-0.96984,-0.96489,-0.95914,-0.95245,-0.94462,-0.93542,-0.92455,-0.91167,-0.8963,-0.87787,-0.85567,-0.82877,-0.79599,-0.7558,-0.70596,-0.64259,-0.55558,-0.38898,0.92552,0.50935,0.36769,0.25088,0.13968,0
0,-0.86588,-0.681,-0.62699,-0.6443,-0.67798,-0.71528,-0.75167,-0.78524,-0.81525,-0.84154,-0.86428,-0.88378,-0.9004,-0.91453,-0.92653,-0.93671,-0.94537,-0.95275,-0.95905,-0.96445,-0.96909,-0.97309,-0.97655,-0.97956,-0.98218,-0.98448,-0.9865,-0.98829,-0.98987,-0.99127,-0.99252,-0.99363,-0.99462,-0.99551,-0.9963,-0.997,-0.99762,-0.99817,-0.99864,-0.99904,-0.99938,-0.99964,-0.99983,-0.99995,-1,-0.99997,-0.99985,-0.99965,-0.99935,-0.99894,-0.99843,-0.99779,-0.99702,-0.99611,-0.99503,-0.99377,-0.99231,-0.99064,-0.98871,-0.98651,-0.984,-0.98113,-0.97787,-0.97416,-0.96994,-0.96512,-0.95964,-0.95338,-0.94622,-0.93803,-0.92863,-0.91784,-0.90544,-0.89116,-0.87471,-0.85579,-0.83406,-0.80924,-0.78111,-0.7497,-0.71555,-0.68044,-0.64955,-0.64132,-0.77705,-0.082267,0.14964,0.13609,0.085637,0
0,-0.56954,-0.52341,-0.55486,-0.59614,-0.63874,-0.67992,-0.71842,-0.75361,-0.78524,-0.81333,-0.83801,-0.85954,-0.87823,-0.89439,-0.90833,-0.92035,-0.93071,-0.93965,-0.94737,-0.95405,-0.95984,-0.96489,-0.96929,-0.97314,-0.97652,-0.97949,-0.98212,-0.98446,-0.98653,-0.98838,-0.99003,-0.9915,-0.99282,-0.994,-0.99506,-0.996,-0.99683,-0.99756,-0.99819,-0.99873,-0.99917,-0.99952,-0.99978,-0.99994,-1,-0.99995,-0.9998,-0.99952,-0.99912,-0.99858,-0.99789,-0.99705,-0.99603,-0.99481,-0.99339,-0.99174,-0.98983,-0.98765,-0.98515,-0.98232,-0.97909,-0.97545,-0.97133,-0.96667,-0.96142,-0.95549,-0.94881,-0.94127,-0.93278,-0.92319,-0.91239,-0.90021,-0.88649,-0.87106,-0.85376,-0.83443,-0.81296,-0.78934,-0.76374,-0.73663,-0.70912,-0.68355,-0.66527,-0.66845,-0.74318,-0.99811,-0.17371,0.018516,0.039882,0
0,-0.33447,-0.42591,-0.49249,-0.54853,-0.59841,-0.64361,-0.68467,-0.72185,-0.75529,-0.78517,-0.81171,-0.83514,-0.85574,-0.87379,-0.88956,-0.90332,-0.91532,-0.92578,-0.93491,-0.94289,-0.94986,-0.95598,-0.96136,-0.96609,-0.97027,-0.97398,-0.97727,-0.98019,-0.98281,-0.98514,-0.98724,-0.98911,-0.9908,-0.99231,-0.99366,-0.99486,-0.99593,-0.99686,-0.99768,-0.99837,-0.99894,-0.99939,-0.99972,-0.99992,-1,-0.99994,-0.99974,-0.99938,-0.99887,-0.99817,-0.9973,-0.99622,-0.99492,-0.99338,-0.99158,-0.9895,-0.98711,-0.98438,-0.98128,-0.97777,-0.97381,-0.96935,-0.96434,-0.95872,-0.95244,-0.94541,-0.93756,-0.92881,-0.91905,-0.90818,-0.8961,-0.88269,-0.86783,-0.85142,-0.83337,-0.81362,-0.79218,-0.76916,-0.74484,-0.71978,-0.69503,-0.67259,-0.6565,-0.65585,-0.69601,-0.86487,-0.72902,-0.13185,-0.0053095,0
0,-0.24299,-0.35833,-0.43921,-0.50379,-0.55894,-0.60758,-0.65113,-0.69031,-0.72556,-0.7572,-0.78549,-0.81069,-0.83307,-0.85287,-0.87036,-0.88578,-0.89935,-0.9113,-0.92182,-0.93108,-0.93925,-0.94646,-0.95284,-0.95849,-0.96351,-0.96798,-0.97197,-0.97553,-0.97873,-0.98159,-0.98416,-0.98648,-0.98856,-0.99043,-0.99211,-0.9936,-0.99493,-0.99609,-0.99711,-0.99797,-0.99868,-0.99924,-0.99965,-0.99991,-1,-0.99992,-0.99967,-0.99923,-0.99859,-0.99773,-0.99665,-0.99532,-0.99372,-0.99183,-0.98963,-0.9871,-0.98419,-0.98089,-0.97715,-0.97294,-0.96822,-0.96293,-0.95702,-0.95045,-0.94315,-0.93505,-0.92608,-0.91616,-0.90522,-0.89317,-0.87993,-0.86541,-0.84954,-0.83225,-0.8135,-0.7933,-0.7717,-0.74884,-0.72502,-0.70073,-0.67684,-0.65485,-0.63755,-0.63061,-0.64782,-0.73146,-0.98501,-0.39173,-0.060115,0
0,-0.19283,-0.30838,-0.39392,-0.46285,-0.52139,-0.57266,-0.61832,-0.65933,-0.69626,-0.72954,-0.75946,-0.78631,-0.81033,-0.83178,-0.85088,-0.86787,-0.88295,-0.89633,-0.90821,-0.91874,-0.9281,-0.93641,-0.94381,-0.9504,-0.95629,-0.96155,-0.96627,-0.9705,-0.97431,-0.97774,-0.98082,-0.98361,-0.98612,-0.98838,-0.99041,-0.99222,-0.99383,-0.99525,-0.99648,-0.99753,-0.99839,-0.99908,-0.99958,-0.99989,-1,-0.99991,-0.9996,-0.99907,-0.99829,-0.99726,-0.99596,-0.99436,-0.99244,-0.99019,-0.98757,-0.98455,-0.98111,-0.97722,-0.97283,-0.9679,-0.9624,-0.95628,-0.94949,-0.94197,-0.93367,-0.92453,-0.91449,-0.90348,-0.89144,-0.8783,-0.86399,-0.84847,-0.83167,-0.81357,-0.79415,-0.77345,-0.75153,-0.72853,-0.70471,-0.68046,-0.65643,-0.63365,-0.61394,-0.60072,-0.60143,-0.63616,-0.778,-0.89292,-0.14793,0
0,-0.16043,-0.26992,-0.35543,-0.42594,-0.48633,-0.53936,-0.58665,-0.62918,-0.66759,-0.70233,-0.73374,-0.7621,-0.78764,-0.81061,-0.83122,-0.84968,-0.8662,-0.88097,-0.89416,-0.90594,-0.91647,-0.92589,-0.93431,-0.94186,-0.94863,-0.95471,-0.96019,-0.96512,-0.96957,-0.97359,-0.97723,-0.98051,-0.98348,-0.98616,-0.98856,-0.99072,-0.99264,-0.99432,-0.99579,-0.99704,-0.99808,-0.99889,-0.99949,-0.99986,-1,-0.99989,-0.99953,-0.9989,-0.99799,-0.99677,-0.99524,-0.99335,-0.99111,-0.98847,-0.98541,-0.98191,-0.97792,-0.97342,-0.96836,-0.96272,-0.95644,-0.94949,-0.94182,-0.93338,-0.92412,-0.91398,-0.90292,-0.89088,-0.87781,-0.86366,-0.84838,-0.83193,-0.81428,-0.79541,-0.77534,-0.7541,-0.73174,-0.7084,-0.68427,-0.65963,-0.63491,-0.61079,-0.58836,-0.56951,-0.55804,-0.56299,-0.61331,-0.85206,-0.36344,0
0,-0.13751,-0.23942,-0.3226,-0.39292,-0.45396,-0.50797,-0.55637,-0.60008,-0.63971,-0.67573,-0.70845,-0.73816,-0.76509,-0.78946,-0.81148,-0.83133,-0.84921,-0.8653,-0.87976,-0.89276,-0.90445,-0.91496,-0.92441,-0.93292,-0.94059,-0.94751,-0.95376,-0.95942,-0.96454,-0.96918,-0.97339,-0.9772,-0.98065,-0.98377,-0.98658,-0.9891,-0.99134,-0.99332,-0.99504,-0.99651,-0.99773,-0.99869,-0.99939,-0.99983,-1,-0.99988,-0.99946,-0.99874,-0.99768,-0.99627,-0.99449,-0.99232,-0.98974,-0.9867,-0.9832,-0.97919,-0.97465,-0.96953,-0.96381,-0.95745,-0.95041,-0.94264,-0.93411,-0.92478,-0.91459,-0.9035,-0.89148,-0.87847,-0.86444,-0.84935,-0.83316,-0.81585,-0.79741,-0.77782,-0.7571,-0.73529,-0.71242,-0.68861,-0.66397,-0.63869,-0.61304,-0.58739,-0.56231,-0.5387,-0.5182,-0.50425,-0.50627,-0.56427,-0.99992,0
0,-0.12032,-0.21468,-0.29448,-0.36349,-0.4243,-0.47863,-0.52766,-0.57219,-0.61278,-0.64984,-0.68369,-0.7146,-0.74277,-0.76842,-0.79173,-0.81288,-0.83205,-0.84939,-0.86508,-0.87926,-0.89208,-0.90366,-0.91414,-0.92361,-0.93219,-0.93996,-0.94701,-0.95341,-0.95922,-0.96451,-0.96931,-0.97367,-0.97763,-0.98122,-0.98445,-0.98736,-0.98995,-0.99224,-0.99423,-0.99593,-0.99734,-0.99846,-0.99928,-0.9998,-1,-0.99987,-0.9994,-0.99857,-0.99737,-0.99577,-0.99375,-0.99128,-0.98834,-0.98491,-0.98095,-0.97644,-0.97133,-0.96561,-0.95923,-0.95216,-0.94436,-0.9358,-0.92644,-0.91624,-0.90516,-0.89317,-0.88024,-0.86632,-0.85139,-0.83543,-0.8184,-0.8003,-0.78111,-0.76083,-0.73948,-0.71708,-0.69366,-0.6693,-0.64405,-0.61803,-0.59135,-0.56417,-0.5367,-0.5092,-0.48205,-0.4559,-0.43221,-0.41618,-0.45378,0
0,-0.10691,-0.19426,-0.27023,-0.33729,-0.39724,-0.45137,-0.5006,-0.54561,-0.58687,-0.62476,-0.65956,-0.69149,-0.72076,-0.74756,-0.77206,-0.79441,-0.81478,-0.83332,-0.85018,-0.8655,-0.87942,-0.89206,-0.90354,-0.91397,-0.92346,-0.93209,-0.93995,-0.94711,-0.95363,-0.95958,-0.965,-0.96993,-0.97442,-0.97849,-0.98218,-0.98549,-0.98845,-0.99107,-0.99335,-0.9953,-0.99692,-0.99821,-0.99916,-0.99975,-1,-0.99986,-0.99934,-0.99842,-0.99707,-0.99527,-0.993,-0.99024,-0.98695,-0.98312,-0.9787,-0.97368,-0.96802,-0.96169,-0.95466,-0.94689,-0.93836,-0.92903,-0.91886,-0.90783,-0.89591,-0.88307,-0.86927,-0.85451,-0.83874,-0.82196,-0.80415,-0.78531,-0.76542,-0.74448,-0.72252,-0.69953,-0.67555,-0.6506,-0.6247,-0.5979,-0.5702,-0.54162,-0.51209,-0.4815,-0.44953,-0.41548,-0.37779,-0.33243,-0.26745,0
0,-0.096138,-0.17713,-0.2492,-0.31394,-0.37259,-0.42611,-0.4752,-0.52039,-0.56207,-0.60057,-0.63611,-0.6689,-0.69913,-0.72695,-0.75252,-0.77597,-0.79746,-0.81713,-0.8351,-0.85151,-0.8665,-0.88017,-0.89265,-0.90404,-0.91443,-0.92392,-0.9326,-0.94053,-0.94777,-0.9544,-0.96045,-0.96598,-0.97102,-0.97561,-0.97976,-0.9835,-0.98685,-0.98981,-0.9924,-0.99461,-0.99646,-0.99792,-0.99901,-0.9997,-0.99999,-0.99986,-0.9993,-0.99828,-0.99678,-0.99479,-0.99228,-0.98922,-0.98558,-0.98135,-0.97648,-0.97096,-0.96475,-0.95782,-0.95015,-0.94171,-0.93246,-0.92238,-0.91144,-0.89962,-0.8869,-0.87325,-0.85865,-0.84308,-0.82654,-0.809,-0.79046,-0.77092,-0.75037,-0.72882,-0.70626,-0.6827,-0.65816,-0.63262,-0.60608,-0.57851,-0.54987,-0.52004,-0.48881,-0.45583,-0.42043,-0.38135,-0.33601,-0.27865,-0.19374,0
0,-0.087286,-0.16258,-0.23083,-0.29308,-0.35017,-0.40278,-0.45143,-0.49654,-0.53841,-0.5773,-0.6134,-0.6469,-0.67794,-0.70665,-0.73317,-0.75763,-0.78016,-0.80087,-0.81989,-0.83735,-0.85337,-0.86804,-0.88149,-0.89382,-0.90512,-0.91547,-0.92497,-0.93367,-0.94166,-0.94898,-0.95569,-0.96183,-0.96743,-0.97255,-0.97719,-0.98137,-0.98513,-0.98845,-0.99137,-0.99386,-0.99594,-0.99761,-0.99884,-0.99964,-0.99999,-0.99987,-0.99926,-0.99815,-0.99652,-0.99434,-0.99158,-0.98823,-0.98425,-0.97961,-0.9743,-0.96829,-0.96154,-0.95403,-0.94574,-0.93664,-0.9267,-0.9159,-0.90423,-0.89166,-0.87818,-0.86376,-0.8484,-0.83209,-0.81482,-0.79658,-0.77736,-0.75717,-0.73601,-0.71386,-0.69074,-0.66664,-0.64155,-0.61544,-0.58828,-0.56002,-0.53052,-0.49963,-0.46704,-0.43228,-0.3945,-0.35229,-0.30294,-0.24103,-0.15413,0
0,-0.079877,-0.15008,-0.2147,-0.2744,-0.32975,-0.38124,-0.42923,-0.47403,-0.51588,-0.55498,-0.59148,-0.62552,-0.65722,-0.6867,-0.71406,-0.73943,-0.7629,-0.78459,-0.8046,-0.82305,-0.84005,-0.8557,-0.8701,-0.88335,-0.89553,-0.90675,-0.91706,-0.92656,-0.93529,-0.94331,-0.95069,-0.95746,-0.96365,-0.96931,-0.97446,-0.97911,-0.98329,-0.987,-0.99025,-0.99304,-0.99538,-0.99725,-0.99865,-0.99956,-0.99998,-0.99987,-0.99924,-0.99805,-0.99628,-0.99392,-0.99092,-0.98728,-0.98297,-0.97795,-0.9722,-0.9657,-0.95843,-0.95036,-0.94146,-0.93172,-0.92112,-0.90964,-0.89727,-0.88399,-0.86978,-0.85465,-0.83859,-0.82158,-0.80363,-0.78473,-0.76488,-0.74409,-0.72234,-0.69965,-0.676,-0.65138,-0.62577,-0.59913,-0.57141,-0.54251,-0.51228,-0.48052,-0.44687,-0.4108,-0.37145,-0.3274,-0.27617,-0.21318,-0.12918,0
0,-0.073582,-0.13923,-0.20043,-0.2576,-0.31114,-0.36135,-0.40851,-0.45283,-0.49448,-0.53362,-0.57035,-0.60478,-0.63702,-0.66714,-0.69524,-0.7214,-0.74573,-0.76831,-0.78925,-0.80864,-0.82658,-0.84316,-0.85848,-0.87263,-0.8857,-0.89776,-0.9089,-0.91918,-0.92866,-0.93741,-0.94546,-0.95287,-0.95967,-0.96589,-0.97156,-0.9767,-0.98132,-0.98543,-0.98904,-0.99215,-0.99475,-0.99685,-0.99842,-0.99946,-0.99996,-0.99989,-0.99923,-0.99797,-0.99608,-0.99354,-0.99032,-0.9864,-0.98175,-0.97636,-0.97019,-0.96322,-0.95544,-0.94682,-0.93735,-0.927,-0.91577,-0.90363,-0.89059,-0.87664,-0.86176,-0.84595,-0.82922,-0.81156,-0.79298,-0.77347,-0.75303,-0.73168,-0.7094,-0.68619,-0.66205,-0.63695,-0.61086,-0.58373,-0.5555,-0.52605,-0.49521,-0.46275,-0.4283,-0.39133,-0.35099,-0.30598,-0.25412,-0.19171,-0.11193,0
0,-0.068164,-0.12973,-0.18774,-0.24246,-0.29413,-0.34298,-0.38918,-0.43287,-0.47418,-0.5132,-0.55002,-0.58472,-0.61735,-0.64799,-0.67671,-0.70359,-0.72868,-0.75209,-0.77388,-0.79415,-0.81298,-0.83045,-0.84666,-0.86169,-0.87562,-0.88853,-0.90048,-0.91155,-0.92179,-0.93125,-0.94,-0.94806,-0.95548,-0.96228,-0.96849,-0.97413,-0.97921,-0.98374,-0.98773,-0.99117,-0.99406,-0.99639,-0.99816,-0.99935,-0.99993,-0.99991,-0.99924,-0.99792,-0.99592,-0.99321,-0.98978,-0.98559,-0.98063,-0.97487,-0.96829,-0.96087,-0.9526,-0.94346,-0.93342,-0.92249,-0.91066,-0.8979,-0.88423,-0.86964,-0.85412,-0.83769,-0.82033,-0.80207,-0.78289,-0.76281,-0.74184,-0.71996,-0.69718,-0.6735,-0.6489,-0.62335,-0.59683,-0.56927,-0.54058,-0.51066,-0.47932,-0.44632,-0.4113,-0.37374,-0.33285,-0.28746,-0.23573,-0.17469,-0.099275,0
0,-0.063448,-0.12134,-0.17638,-0.22874,-0.27856,-0.32599,-0.37114,-0.41409,-0.45493,-0.49371,-0.53049,-0.56532,-0.59823,-0.62929,-0.65853,-0.68601,-0.71179,-0.73593,-0.75851,-0.77959,-0.79926,-0.81759,-0.83466,-0.85054,-0.86532,-0.87905,-0.89181,-0.90366,-0.91466,-0.92485,-0.9343,-0.94302,-0.95107,-0.95847,-0.96524,-0.97139,-0.97695,-0.98192,-0.9863,-0.99009,-0.99329,-0.99588,-0.99786,-0.9992,-0.9999,-0.99993,-0.99927,-0.9979,-0.9958,-0.99294,-0.9893,-0.98486,-0.9796,-0.97349,-0.96652,-0.95867,-0.94992,-0.94028,-0.92971,-0.91822,-0.90581,-0.89247,-0.8782,-0.86301,-0.84689,-0.82986,-0.81193,-0.7931,-0.77337,-0.75277,-0.73128,-0.70893,-0.68569,-0.66157,-0.63655,-0.6106,-0.58369,-0.55574,-0.52667,-0.49635,-0.46462,-0.43122,-0.3958,-0.35788,-0.31676,-0.27139,-0.22023,-0.1609,-0.089591,0
0,-0.059304,-0.11388,-0.16616,-0.21626,-0.26427,-0.31025,-0.35428,-0.39641,-0.43668,-0.47511,-0.51174,-0.54659,-0.57967,-0.61103,-0.64069,-0.66868,-0.69506,-0.71986,-0.74316,-0.765,-0.78546,-0.8046,-0.82249,-0.83919,-0.85478,-0.86933,-0.88288,-0.89551,-0.90727,-0.9182,-0.92834,-0.93775,-0.94644,-0.95444,-0.96179,-0.96848,-0.97454,-0.97996,-0.98475,-0.98891,-0.99243,-0.9953,-0.9975,-0.99903,-0.99985,-0.99995,-0.99932,-0.99791,-0.99573,-0.99273,-0.9889,-0.98422,-0.97867,-0.97223,-0.96489,-0.95662,-0.94743,-0.9373,-0.92623,-0.91421,-0.90125,-0.88735,-0.87252,-0.85676,-0.84008,-0.8225,-0.80402,-0.78466,-0.76443,-0.74333,-0.72138,-0.69858,-0.67492,-0.6504,-0.625,-0.59868,-0.57142,-0.54313,-0.51374,-0.4831,-0.45106,-0.41738,-0.38172,-0.34363,-0.3025,-0.25741,-0.20706,-0.14955,-0.081963,0
0,-0.055631,-0.10719,-0.15692,-0.20488,-0.2511,-0.29564,-0.33852,-0.37976,-0.41937,-0.45737,-0.49375,-0.52851,-0.56167,-0.59323,-0.62321,-0.65162,-0.67851,-0.70391,-0.72785,-0.75039,-0.77158,-0.79148,-0.81015,-0.82764,-0.84403,-0.85936,-0.87371,-0.88711,-0.89962,-0.91128,-0.92214,-0.93222,-0.94157,-0.9502,-0.95813,-0.96537,-0.97195,-0.97784,-0.98307,-0.98762,-0.99148,-0.99464,-0.99709,-0.99881,-0.99978,-0.99998,-0.99938,-0.99796,-0.9957,-0.99259,-0.98859,-0.98369,-0.97787,-0.97111,-0.96341,-0.95475,-0.94513,-0.93454,-0.92298,-0.91047,-0.89699,-0.88256,-0.86719,-0.8509,-0.83369,-0.81559,-0.7966,-0.77675,-0.75604,-0.73449,-0.71211,-0.68889,-0.66485,-0.63996,-0.61422,-0.58758,-0.56001,-0.53143,-0.50176,-0.47088,-0.43861,-0.40474,-0.36895,-0.33084,-0.28985,-0.2452,-0.1958,-0.14009,-0.075819,0
0,-0.052348,-0.10116,-0.14852,-0.19444,-0.23895,-0.28205,-0.32376,-0.36406,-0.40296,-0.44044,-0.47648,-0.51107,-0.54421,-0.57588,-0.60609,-0.63485,-0.66217,-0.68807,-0.71259,-0.73576,-0.75763,-0.77825,-0.79765,-0.81591,-0.83306,-0.84916,-0.86427,-0.87844,-0.89169,-0.90409,-0.91566,-0.92644,-0.93645,-0.94571,-0.95425,-0.96206,-0.96917,-0.97556,-0.98124,-0.9862,-0.99042,-0.9939,-0.99662,-0.99855,-0.99969,-0.99999,-0.99945,-0.99804,-0.99573,-0.99251,-0.98836,-0.98325,-0.97718,-0.97013,-0.96209,-0.95306,-0.94303,-0.93201,-0.91999,-0.90699,-0.89302,-0.87809,-0.86222,-0.84542,-0.82772,-0.80913,-0.78967,-0.76935,-0.7482,-0.72623,-0.70345,-0.67986,-0.65546,-0.63024,-0.60419,-0.57726,-0.54942,-0.5206,-0.49071,-0.45963,-0.4272,-0.39322,-0.3574,-0.31936,-0.27863,-0.23451,-0.1861,-0.13212,-0.070788,0
0,-0.049393,-0.095698,-0.14084,-0.18484,-0.22769,-0.26938,-0.3099,-0.34924,-0.38737,-0.42427,-0.4599,-0.49424,-0.52728,-0.55898,-0.58934,-0.61835,-0.64602,-0.67237,-0.69739,-0.72114,-0.74363,-0.76491,-0.78501,-0.80398,-0.82187,-0.83872,-0.85458,-0.86949,-0.88349,-0.89662,-0.90891,-0.92038,-0.93106,-0.94097,-0.95013,-0.95853,-0.96619,-0.97309,-0.97925,-0.98463,-0.98925,-0.99307,-0.99607,-0.99824,-0.99956,-1,-0.99954,-0.99815,-0.99581,-0.99251,-0.98822,-0.98293,-0.97663,-0.9693,-0.96094,-0.95156,-0.94114,-0.9297,-0.91725,-0.9038,-0.88936,-0.87396,-0.85761,-0.84034,-0.82216,-0.80311,-0.7832,-0.76246,-0.7409,-0.71854,-0.69539,-0.67145,-0.64673,-0.62121,-0.59487,-0.56769,-0.53962,-0.51059,-0.48053,-0.4493,-0.41677,-0.38274,-0.34695,-0.30907,-0.26866,-0.22514,-0.17772,-0.12535,-0.066613,0
0,-0.046716,-0.090713,-0.1338,-0.17597,-0.21722,-0.25753,-0.29688,-0.33523,-0.37256,-0.40883,-0.44399,-0.47801,-0.51086,-0.54252,-0.57295,-0.60214,-0.63009,-0.6568,-0.68227,-0.70652,-0.72958,-0.75147,-0.77222,-0.79188,-0.81047,-0.82804,-0.84463,-0.86027,-0.87501,-0.88886,-0.90186,-0.91403,-0.9254,-0.93597,-0.94575,-0.95476,-0.96298,-0.97042,-0.97707,-0.98292,-0.98794,-0.99212,-0.99544,-0.99787,-0.9994,-0.99999,-0.99963,-0.99829,-0.99594,-0.99258,-0.98817,-0.98272,-0.9762,-0.96862,-0.95996,-0.95024,-0.93946,-0.92763,-0.91476,-0.90088,-0.886,-0.87015,-0.85334,-0.83562,-0.81701,-0.79752,-0.7772,-0.75605,-0.73411,-0.71138,-0.68789,-0.66363,-0.63861,-0.61282,-0.58624,-0.55883,-0.53057,-0.50137,-0.47116,-0.43984,-0.40725,-0.37323,-0.33753,-0.29985,-0.25981,-0.21689,-0.17043,-0.11956,-0.063111,0
0,-0.044277,-0.086143,-0.1273,-0.16775,-0.20747,-0.24643,-0.28461,-0.32197,-0.35847,-0.39406,-0.4287,-0.46234,-0.49495,-0.52648,-0.55691,-0.58621,-0.61437,-0.64137,-0.66722,-0.69192,-0.71548,-0.73793,-0.75929,-0.77959,-0.79885,-0.81711,-0.83441,-0.85077,-0.86622,-0.88079,-0.89451,-0.90738,-0.91943,-0.93067,-0.9411,-0.95073,-0.95954,-0.96754,-0.9747,-0.98102,-0.98648,-0.99105,-0.99471,-0.99743,-0.99919,-0.99996,-0.99973,-0.99845,-0.99612,-0.99272,-0.98822,-0.98262,-0.97591,-0.96809,-0.95916,-0.94912,-0.93799,-0.92579,-0.91253,-0.89823,-0.88293,-0.86665,-0.84942,-0.83127,-0.81224,-0.79234,-0.77162,-0.7501,-0.7278,-0.70474,-0.68092,-0.65637,-0.63108,-0.60505,-0.57824,-0.55065,-0.52221,-0.49287,-0.46256,-0.43117,-0.39857,-0.36459,-0.32901,-0.29157,-0.25192,-0.20962,-0.16408,-0.11458,-0.060148,0
0,-0.04204,-0.081933,-0.12129,-0.1601,-0.19835,-0.236,-0.27303,-0.30939,-0.34504,-0.37992,-0.41399,-0.44721,-0.47951,-0.51086,-0.54122,-0.57057,-0.59886,-0.62609,-0.65225,-0.67733,-0.70135,-0.72431,-0.74622,-0.76712,-0.78701,-0.80594,-0.82391,-0.84097,-0.85713,-0.87241,-0.88683,-0.90041,-0.91315,-0.92507,-0.93616,-0.94642,-0.95584,-0.96441,-0.97212,-0.97894,-0.98486,-0.98984,-0.99386,-0.9969,-0.99892,-0.99991,-0.99982,-0.99864,-0.99635,-0.99292,-0.98835,-0.98263,-0.97575,-0.96771,-0.95852,-0.94819,-0.93673,-0.92418,-0.91054,-0.89585,-0.88015,-0.86346,-0.84582,-0.82727,-0.80783,-0.78755,-0.76646,-0.74458,-0.72194,-0.69856,-0.67446,-0.64964,-0.6241,-0.59784,-0.57085,-0.54308,-0.5145,-0.48505,-0.45467,-0.42324,-0.39065,-0.35674,-0.32132,-0.28414,-0.24489,-0.20318,-0.15852,-0.11027,-0.057622,0
0,-0.03998,-0.078037,-0.1157,-0.15296,-0.1898,-0.22618,-0.26207,-0.29744,-0.33222,-0.36637,-0.39984,-0.43258,-0.46453,-0.49564,-0.52587,-0.55519,-0.58356,-0.61095,-0.63736,-0.66277,-0.68718,-0.71059,-0.73301,-0.75446,-0.77495,-0.7945,-0.81314,-0.83087,-0.84771,-0.86369,-0.87882,-0.8931,-0.90654,-0.91914,-0.9309,-0.94181,-0.95186,-0.96103,-0.9693,-0.97665,-0.98305,-0.98848,-0.9929,-0.99628,-0.99859,-0.99981,-0.9999,-0.99884,-0.99661,-0.9932,-0.98858,-0.98276,-0.97572,-0.96749,-0.95806,-0.94745,-0.93568,-0.92279,-0.90879,-0.89373,-0.87764,-0.86056,-0.84253,-0.82359,-0.80377,-0.78313,-0.76168,-0.73947,-0.71651,-0.69284,-0.66846,-0.64339,-0.61763,-0.59117,-0.564,-0.53608,-0.50739,-0.47785,-0.44742,-0.41598,-0.38343,-0.34962,-0.31437,-0.27746,-0.23862,-0.19748,-0.15363,-0.10651,-0.055453,0
0,-0.038072,-0.074415,-0.11048,-0.14627,-0.18175,-0.2169,-0.25168,-0.28606,-0.31997,-0.35337,-0.38621,-0.41843,-0.44998,-0.4808,-0.51084,-0.54007,-0.56845,-0.59595,-0.62255,-0.64822,-0.67297,-0.69678,-0.71966,-0.74162,-0.76267,-0.78281,-0.80207,-0.82045,-0.83797,-0.85463,-0.87045,-0.88543,-0.89956,-0.91286,-0.9253,-0.93687,-0.94757,-0.95736,-0.96622,-0.97413,-0.98105,-0.98694,-0.99179,-0.99555,-0.99818,-0.99966,-0.99996,-0.99905,-0.99692,-0.99353,-0.98889,-0.98299,-0.97582,-0.96741,-0.95776,-0.94689,-0.93483,-0.92161,-0.90727,-0.89185,-0.87539,-0.85793,-0.83953,-0.82021,-0.80004,-0.77904,-0.75725,-0.73472,-0.71147,-0.68751,-0.66288,-0.63758,-0.61162,-0.58498,-0.55765,-0.52961,-0.50082,-0.47122,-0.44075,-0.40932,-0.37683,-0.34314,-0.30808,-0.27145,-0.23299,-0.19241,-0.14932,-0.10323,-0.053579,0
0,-0.036297,-0.071036,-0.1056,-0.13998,-0.17417,-0.20812,-0.24182,-0.27521,-0.30825,-0.34088,-0.37307,-0.40473,-0.43584,-0.46632,-0.49613,-0.52522,-0.55355,-0.58109,-0.60782,-0.6337,-0.65872,-0.68288,-0.70617,-0.72859,-0.75015,-0.77085,-0.7907,-0.8097,-0.82787,-0.8452,-0.86171,-0.87738,-0.89221,-0.90621,-0.91934,-0.93159,-0.94295,-0.95338,-0.96286,-0.97135,-0.97882,-0.98522,-0.99052,-0.99469,-0.99768,-0.99946,-1,-0.99927,-0.99725,-0.99392,-0.98928,-0.98332,-0.97605,-0.96748,-0.95762,-0.94651,-0.93417,-0.92064,-0.90597,-0.89021,-0.87339,-0.85557,-0.83679,-0.81712,-0.79659,-0.77526,-0.75315,-0.73031,-0.70678,-0.68256,-0.65769,-0.63218,-0.60602,-0.57922,-0.55176,-0.52361,-0.49474,-0.46509,-0.43461,-0.40321,-0.37079,-0.33723,-0.30236,-0.26601,-0.22795,-0.18789,-0.14549,-0.10035,-0.051952,0
0,-0.03464,-0.06787,-0.10101,-0.13406,-0.16699,-0.19979,-0.23242,-0.26484,-0.29701,-0.32887,-0.36037,-0.39146,-0.42209,-0.45218,-0.48171,-0.51061,-0.53884,-0.56637,-0.59316,-0.61919,-0.64444,-0.66889,-0.69254,-0.71538,-0.7374,-0.75862,-0.77902,-0.79862,-0.81741,-0.8354,-0.85257,-0.86893,-0.88446,-0.89916,-0.91299,-0.92594,-0.93798,-0.94908,-0.95919,-0.9683,-0.97634,-0.98328,-0.98908,-0.99368,-0.99706,-0.99918,-0.99999,-0.99947,-0.99761,-0.99437,-0.98975,-0.98376,-0.9764,-0.96768,-0.95764,-0.9463,-0.93369,-0.91987,-0.90488,-0.88878,-0.87161,-0.85344,-0.83431,-0.81429,-0.79342,-0.77176,-0.74934,-0.72621,-0.7024,-0.67794,-0.65285,-0.62713,-0.60081,-0.57386,-0.54627,-0.51803,-0.4891,-0.45943,-0.42895,-0.39759,-0.36526,-0.33183,-0.29716,-0.26109,-0.2234,-0.18383,-0.14209,-0.097807,-0.05053,0
0,-0.033086,-0.064894,-0.096685,-0.12845,-0.16019,-0.19187,-0.22345,-0.25492,-0.28622,-0.31729,-0.34811,-0.37859,-0.4087,-0.43838,-0.46757,-0.49623,-0.52431,-0.55178,-0.57858,-0.60471,-0.63012,-0.65482,-0.67877,-0.70197,-0.72442,-0.74611,-0.76703,-0.78719,-0.80658,-0.82519,-0.84303,-0.86006,-0.87629,-0.89168,-0.90622,-0.91988,-0.93262,-0.9444,-0.95519,-0.96493,-0.97359,-0.9811,-0.98743,-0.99252,-0.99633,-0.99881,-0.99993,-0.99966,-0.99798,-0.99485,-0.99029,-0.98429,-0.97686,-0.96803,-0.95781,-0.94625,-0.93339,-0.91928,-0.90398,-0.88755,-0.87004,-0.85152,-0.83205,-0.81169,-0.79049,-0.76851,-0.74579,-0.72238,-0.69831,-0.67362,-0.64831,-0.62241,-0.59592,-0.56884,-0.54115,-0.51283,-0.48385,-0.45416,-0.4237,-0.3924,-0.36016,-0.32688,-0.29242,-0.25661,-0.21928,-0.18018,-0.13905,-0.095547,-0.04928,0
0,-0.031623,-0.062088,-0.092595,-0.12314,-0.15372,-0.18431,-0.21489,-0.24541,-0.27584,-0.30613,-0.33624,-0.3661,-0.39567,-0.42489,-0.45372,-0.48209,-0.50997,-0.53731,-0.56408,-0.59024,-0.61577,-0.64065,-0.66485,-0.68837,-0.71119,-0.73331,-0.75472,-0.7754,-0.79536,-0.81458,-0.83305,-0.85075,-0.86766,-0.88376,-0.89901,-0.91339,-0.92685,-0.93934,-0.95082,-0.96124,-0.97054,-0.97866,-0.98556,-0.99117,-0.99545,-0.99834,-0.99981,-0.99982,-0.99835,-0.99538,-0.9909,-0.98491,-0.97744,-0.96849,-0.95812,-0.94636,-0.93325,-0.91887,-0.90327,-0.88651,-0.86867,-0.84981,-0.83,-0.8093,-0.78777,-0.76548,-0.74247,-0.71879,-0.69447,-0.66955,-0.64404,-0.61797,-0.59133,-0.56413,-0.53635,-0.50797,-0.47895,-0.44926,-0.41882,-0.38759,-0.35545,-0.32232,-0.28806,-0.25253,-0.21554,-0.17688,-0.13631,-0.09353,-0.048175,0
0,-0.030243,-0.059433,-0.088718,-0.1181,-0.14757,-0.1771,-0.20668,-0.23628,-0.26585,-0.29535,-0.32474,-0.35396,-0.38297,-0.4117,-0.44012,-0.46817,-0.4958,-0.52297,-0.54965,-0.5758,-0.60138,-0.62639,-0.65079,-0.67457,-0.69772,-0.72022,-0.74207,-0.76324,-0.78374,-0.80353,-0.82262,-0.84097,-0.85856,-0.87536,-0.89133,-0.90643,-0.92062,-0.93385,-0.94605,-0.95717,-0.96715,-0.97593,-0.98343,-0.98961,-0.9944,-0.99774,-0.9996,-0.99994,-0.99872,-0.99593,-0.99156,-0.98561,-0.97811,-0.96908,-0.95857,-0.94661,-0.93327,-0.91862,-0.90272,-0.88564,-0.86746,-0.84827,-0.82812,-0.80709,-0.78524,-0.76264,-0.73935,-0.7154,-0.69084,-0.6657,-0.64,-0.61376,-0.58699,-0.55968,-0.53182,-0.50338,-0.47434,-0.44466,-0.41427,-0.3831,-0.35108,-0.3181,-0.28405,-0.24877,-0.21212,-0.17389,-0.13384,-0.091718,-0.047193,0
0,-0.028936,-0.056915,-0.085033,-0.11329,-0.14169,-0.1702,-0.19882,-0.2275,-0.25622,-0.28494,-0.3136,-0.34216,-0.37058,-0.3988,-0.42678,-0.45446,-0.4818,-0.50875,-0.53529,-0.56137,-0.58696,-0.61204,-0.63659,-0.66058,-0.684,-0.70684,-0.72908,-0.7507,-0.7717,-0.79204,-0.81172,-0.8307,-0.84895,-0.86644,-0.88314,-0.89898,-0.91391,-0.92789,-0.94084,-0.9527,-0.9634,-0.97287,-0.98103,-0.98781,-0.99316,-0.997,-0.9993,-1,-0.99907,-0.99649,-0.99226,-0.98639,-0.97889,-0.96979,-0.95914,-0.947,-0.93344,-0.91851,-0.90232,-0.88492,-0.86641,-0.84688,-0.82639,-0.80503,-0.78286,-0.75996,-0.73638,-0.71217,-0.68738,-0.66203,-0.63615,-0.60975,-0.58286,-0.55545,-0.52752,-0.49904,-0.46999,-0.44032,-0.40998,-0.3789,-0.347,-0.31418,-0.28033,-0.24531,-0.20898,-0.17114,-0.13159,-0.090081,-0.046313,0
0,-0.027695,-0.054522,-0.081525,-0.10871,-0.13607,-0.1636,-0.19127,-0.21905,-0.24693,-0.27486,-0.30279,-0.33069,-0.3585,-0.38618,-0.41368,-0.44096,-0.46796,-0.49466,-0.521,-0.54696,-0.5725,-0.59761,-0.62224,-0.64639,-0.67004,-0.69316,-0.71574,-0.73777,-0.75923,-0.78008,-0.80032,-0.81991,-0.83882,-0.85699,-0.8744,-0.89099,-0.90668,-0.92143,-0.93516,-0.94779,-0.95925,-0.96944,-0.97831,-0.98575,-0.9917,-0.9961,-0.99887,-0.99998,-0.99938,-0.99706,-0.99301,-0.98723,-0.97975,-0.9706,-0.95984,-0.94752,-0.93373,-0.91855,-0.90205,-0.88434,-0.8655,-0.84562,-0.82479,-0.8031,-0.78061,-0.75741,-0.73355,-0.70908,-0.68405,-0.6585,-0.63245,-0.60591,-0.57889,-0.5514,-0.52341,-0.4949,-0.46585,-0.43621,-0.40593,-0.37494,-0.34316,-0.3105,-0.27686,-0.2421,-0.20608,-0.16862,-0.12954,-0.088591,-0.045519,0
0,-0.026515,-0.052242,-0.078178,-0.10433,-0.13069,-0.15725,-0.184,-0.21091,-0.23796,-0.2651,-0.2923,-0.31951,-0.3467,-0.37382,-0.40082,-0.42766,-0.45429,-0.48068,-0.50679,-0.53258,-0.55802,-0.58309,-0.60776,-0.63201,-0.65582,-0.67918,-0.70206,-0.72444,-0.74632,-0.76765,-0.78842,-0.80859,-0.82812,-0.84697,-0.86509,-0.88242,-0.89889,-0.91443,-0.92896,-0.9424,-0.95465,-0.96562,-0.97523,-0.98338,-0.99,-0.99499,-0.9983,-0.99987,-0.99965,-0.99763,-0.99378,-0.98813,-0.98069,-0.97151,-0.96064,-0.94816,-0.93415,-0.9187,-0.90191,-0.88387,-0.86469,-0.84446,-0.82329,-0.80126,-0.77846,-0.75495,-0.73081,-0.70609,-0.68083,-0.65508,-0.62886,-0.60219,-0.57506,-0.54749,-0.51945,-0.49093,-0.46189,-0.43229,-0.40207,-0.37118,-0.33953,-0.30704,-0.2736,-0.23909,-0.20337,-0.16629,-0.12764,-0.087226,-0.044799,0
0,-0.02539,-0.050067,-0.07498,-0.10014,-0.12553,-0.15117,-0.17702,-0.20306,-0.22928,-0.25564,-0.28211,-0.30863,-0.33519,-0.36172,-0.38819,-0.41456,-0.44078,-0.46683,-0.49265,-0.51822,-0.54351,-0.56849,-0.59314,-0.61743,-0.64136,-0.66489,-0.68802,-0.71071,-0.73295,-0.75472,-0.77598,-0.7967,-0.81684,-0.83635,-0.85518,-0.87325,-0.8905,-0.90684,-0.9222,-0.93647,-0.94955,-0.96135,-0.97176,-0.98068,-0.98801,-0.99367,-0.99757,-0.99965,-0.99986,-0.99817,-0.99458,-0.98908,-0.98171,-0.97251,-0.96155,-0.94891,-0.93469,-0.91897,-0.90187,-0.8835,-0.86397,-0.8434,-0.82187,-0.7995,-0.77637,-0.75256,-0.72814,-0.70316,-0.67768,-0.65174,-0.62536,-0.59855,-0.57133,-0.54369,-0.51561,-0.48708,-0.45806,-0.42851,-0.39837,-0.36758,-0.33607,-0.30375,-0.27052,-0.23626,-0.20084,-0.1641,-0.12588,-0.085967,-0.044141,0
0,-0.024316,-0.047989,-0.07192,-0.096119,-0.12058,-0.14531,-0.17029,-0.19549,-0.2209,-0.24648,-0.27221,-0.29804,-0.32394,-0.34987,-0.37579,-0.40166,-0.42744,-0.45309,-0.47859,-0.50389,-0.52898,-0.55382,-0.57839,-0.60267,-0.62665,-0.65031,-0.67362,-0.69657,-0.71913,-0.74128,-0.763,-0.78423,-0.80495,-0.82509,-0.84461,-0.86342,-0.88145,-0.89862,-0.91482,-0.92996,-0.94392,-0.95659,-0.96785,-0.97759,-0.9857,-0.99208,-0.99663,-0.99928,-0.99998,-0.99868,-0.99537,-0.99007,-0.98279,-0.9736,-0.96256,-0.94977,-0.93532,-0.91933,-0.90192,-0.88321,-0.86333,-0.84239,-0.82051,-0.79778,-0.77432,-0.7502,-0.72549,-0.70027,-0.67457,-0.64844,-0.6219,-0.59497,-0.56766,-0.53996,-0.51185,-0.48332,-0.45433,-0.42484,-0.39479,-0.36412,-0.33275,-0.30061,-0.26759,-0.23358,-0.19845,-0.16205,-0.12423,-0.084795,-0.043533,0
0,-0.023289,-0.046001,-0.068991,-0.092268,-0.11583,-0.13968,-0.1638,-0.18818,-0.21279,-0.2376,-0.26259,-0.28773,-0.31297,-0.33828,-0.36362,-0.38896,-0.41426,-0.43949,-0.46461,-0.4896,-0.51443,-0.53908,-0.56351,-0.58773,-0.6117,-0.63542,-0.65886,-0.68201,-0.70484,-0.72733,-0.74945,-0.77116,-0.79241,-0.81317,-0.83335,-0.85289,-0.87171,-0.88971,-0.90678,-0.92281,-0.93769,-0.95128,-0.96345,-0.97408,-0.98303,-0.99019,-0.99546,-0.99875,-0.99999,-0.99913,-0.99617,-0.99109,-0.98394,-0.97477,-0.96366,-0.95071,-0.93605,-0.91978,-0.90205,-0.88299,-0.86273,-0.84142,-0.81916,-0.79608,-0.77228,-0.74784,-0.72285,-0.69737,-0.67145,-0.64513,-0.61845,-0.5914,-0.56401,-0.53626,-0.50814,-0.47963,-0.45068,-0.42125,-0.3913,-0.36075,-0.32954,-0.29758,-0.26478,-0.23101,-0.19617,-0.16011,-0.12268,-0.083697,-0.042969,0
0,-0.022308,-0.0441,-0.066186,-0.088576,-0.11127,-0.13427,-0.15756,-0.18112,-0.20494,-0.229,-0.25325,-0.27768,-0.30225,-0.32693,-0.35168,-0.37647,-0.40126,-0.42602,-0.45073,-0.47536,-0.49988,-0.52428,-0.54853,-0.57262,-0.59652,-0.62024,-0.64375,-0.66703,-0.69007,-0.71284,-0.73531,-0.75745,-0.77921,-0.80054,-0.82136,-0.84162,-0.86122,-0.88005,-0.89801,-0.91497,-0.9308,-0.94536,-0.9585,-0.97007,-0.97994,-0.98797,-0.99403,-0.99802,-0.99987,-0.99952,-0.99693,-0.99213,-0.98513,-0.97601,-0.96484,-0.95175,-0.93685,-0.9203,-0.90223,-0.8828,-0.86216,-0.84046,-0.81781,-0.79436,-0.77021,-0.74545,-0.72017,-0.69443,-0.6683,-0.6418,-0.61497,-0.58782,-0.56036,-0.53257,-0.50445,-0.47596,-0.44706,-0.41772,-0.38787,-0.35746,-0.32641,-0.29464,-0.26205,-0.22854,-0.19399,-0.15826,-0.12121,-0.08266,-0.042441,0
0,-0.021369,-0.04228,-0.063499,-0.085035,-0.10689,-0.12906,-0.15154,-0.17431,-0.19736,-0.22066,-0.24419,-0.26791,-0.2918,-0.31583,-0.33997,-0.36418,-0.38843,-0.4127,-0.43695,-0.46118,-0.48534,-0.50944,-0.53344,-0.55734,-0.58112,-0.60477,-0.62828,-0.65164,-0.67482,-0.69781,-0.72058,-0.74309,-0.76531,-0.78717,-0.80861,-0.82956,-0.84992,-0.86959,-0.88845,-0.90636,-0.92318,-0.93876,-0.95293,-0.96552,-0.97638,-0.98534,-0.99228,-0.99706,-0.99959,-0.9998,-0.99767,-0.99317,-0.98637,-0.97731,-0.9661,-0.95286,-0.93773,-0.92088,-0.90246,-0.88265,-0.8616,-0.83948,-0.81643,-0.79259,-0.76808,-0.74299,-0.71741,-0.69142,-0.66507,-0.6384,-0.61144,-0.58419,-0.55667,-0.52886,-0.50074,-0.47228,-0.44346,-0.41421,-0.38448,-0.35422,-0.32334,-0.29177,-0.25941,-0.22615,-0.19188,-0.15648,-0.11979,-0.081673,-0.041942,0
0,-0.020472,-0.040539,-0.060926,-0.081642,-0.10269,-0.12406,-0.14575,-0.16775,-0.19004,-0.21259,-0.23539,-0.25841,-0.28162,-0.30499,-0.32849,-0.3521,-0.37579,-0.39952,-0.42329,-0.44706,-0.47082,-0.49456,-0.51826,-0.54191,-0.5655,-0.58903,-0.61247,-0.63583,-0.65909,-0.68224,-0.70524,-0.72806,-0.75068,-0.77303,-0.79505,-0.81666,-0.83777,-0.85827,-0.87803,-0.89692,-0.91476,-0.93141,-0.94666,-0.96034,-0.97227,-0.98227,-0.99016,-0.99582,-0.99911,-0.99997,-0.99834,-0.99422,-0.98764,-0.97867,-0.96743,-0.95404,-0.93868,-0.92151,-0.90272,-0.88249,-0.86102,-0.83846,-0.81499,-0.79075,-0.76586,-0.74043,-0.71455,-0.68831,-0.66174,-0.6349,-0.60781,-0.58048,-0.5529,-0.52508,-0.49698,-0.46858,-0.43983,-0.41069,-0.3811,-0.351,-0.3203,-0.28894,-0.25681,-0.22381,-0.18983,-0.15475,-0.11844,-0.080727,-0.041468,0
0,-0.019615,-0.038877,-0.058467,-0.078394,-0.09866,-0.11926,-0.14019,-0.16143,-0.18297,-0.2048,-0.22688,-0.24919,-0.27171,-0.29441,-0.31727,-0.34025,-0.36334,-0.38652,-0.40975,-0.43303,-0.45634,-0.47967,-0.50301,-0.52635,-0.54968,-0.57301,-0.59633,-0.61962,-0.64289,-0.66611,-0.68927,-0.71235,-0.7353,-0.75808,-0.78063,-0.80286,-0.8247,-0.84601,-0.86668,-0.88655,-0.90546,-0.92321,-0.93962,-0.95447,-0.96755,-0.97867,-0.98762,-0.99425,-0.9984,-0.99999,-0.99894,-0.99524,-0.98893,-0.98008,-0.96882,-0.95529,-0.93967,-0.92217,-0.90298,-0.88232,-0.86039,-0.83737,-0.81345,-0.78878,-0.7635,-0.73773,-0.71155,-0.68504,-0.65827,-0.63126,-0.60405,-0.57664,-0.54904,-0.52121,-0.49315,-0.46482,-0.43617,-0.40715,-0.37771,-0.34778,-0.31728,-0.28613,-0.25424,-0.22151,-0.18783,-0.15307,-0.11712,-0.079813,-0.041014,0
0,-0.018798,-0.037291,-0.05612,-0.075292,-0.094807,-0.11466,-0.13485,-0.15536,-0.17617,-0.19727,-0.21864,-0.24025,-0.26207,-0.2841,-0.30629,-0.32864,-0.35111,-0.37369,-0.39636,-0.41911,-0.44192,-0.46478,-0.4877,-0.51067,-0.53368,-0.55675,-0.57985,-0.603,-0.6262,-0.64943,-0.67268,-0.69593,-0.71915,-0.7423,-0.76531,-0.78813,-0.81064,-0.83275,-0.85432,-0.87518,-0.89517,-0.91408,-0.9317,-0.94779,-0.96212,-0.97446,-0.98458,-0.99229,-0.99741,-0.99981,-0.99943,-0.99623,-0.99024,-0.98154,-0.97027,-0.95659,-0.94071,-0.92285,-0.90324,-0.88211,-0.85968,-0.83618,-0.81178,-0.78667,-0.76098,-0.73484,-0.70835,-0.68159,-0.65461,-0.62745,-0.60013,-0.57266,-0.54503,-0.51723,-0.48922,-0.46097,-0.43244,-0.40356,-0.37428,-0.34454,-0.31425,-0.28333,-0.25169,-0.21923,-0.18585,-0.15142,-0.11583,-0.078926,-0.040576,0
0,-0.018021,-0.035782,-0.053885,-0.072335,-0.091131,-0.11027,-0.12974,-0.14954,-0.16964,-0.19003,-0.21069,-0.2316,-0.25273,-0.27407,-0.29559,-0.31728,-0.33911,-0.36106,-0.38313,-0.4053,-0.42757,-0.44992,-0.47236,-0.4949,-0.51752,-0.54024,-0.56307,-0.586,-0.60904,-0.63219,-0.65545,-0.67879,-0.7022,-0.72564,-0.74906,-0.77239,-0.79554,-0.81841,-0.84085,-0.86271,-0.8838,-0.90391,-0.92279,-0.94021,-0.95588,-0.96956,-0.98096,-0.98987,-0.99607,-0.99941,-0.99979,-0.99716,-0.99154,-0.98303,-0.97177,-0.95795,-0.94178,-0.92353,-0.90346,-0.88182,-0.85887,-0.83484,-0.80994,-0.78436,-0.75825,-0.73174,-0.70493,-0.67791,-0.65073,-0.62342,-0.59601,-0.56849,-0.54086,-0.51309,-0.48516,-0.45701,-0.42861,-0.3999,-0.3708,-0.34126,-0.31119,-0.28052,-0.24914,-0.21697,-0.18389,-0.1498,-0.11456,-0.078059,-0.040151,0
0,-0.017284,-0.034352,-0.051765,-0.069527,-0.087636,-0.10609,-0.12487,-0.14397,-0.16338,-0.18307,-0.20304,-0.22325,-0.24369,-0.26434,-0.28518,-0.30619,-0.32735,-0.34866,-0.37009,-0.39164,-0.41332,-0.43511,-0.45701,-0.47905,-0.50121,-0.52352,-0.54599,-0.56862,-0.59142,-0.61441,-0.63758,-0.66093,-0.68444,-0.70808,-0.73182,-0.7556,-0.77932,-0.8029,-0.82619,-0.84903,-0.87123,-0.89256,-0.91278,-0.93159,-0.94872,-0.96384,-0.97666,-0.98691,-0.99433,-0.99873,-0.99998,-0.99801,-0.99284,-0.98456,-0.97333,-0.95935,-0.94288,-0.92421,-0.90364,-0.88145,-0.85792,-0.83333,-0.80789,-0.7818,-0.75525,-0.72835,-0.70123,-0.67395,-0.64657,-0.61913,-0.59164,-0.56409,-0.53648,-0.50877,-0.48093,-0.45292,-0.42467,-0.39614,-0.36725,-0.33793,-0.3081,-0.27768,-0.24658,-0.2147,-0.18194,-0.14818,-0.11331,-0.077206,-0.039736,0
0,-0.01659,-0.033003,-0.049763,-0.066873,-0.084327,-0.10212,-0.12024,-0.13867,-0.15741,-0.17642,-0.1957,-0.21522,-0.23497,-0.25493,-0.27507,-0.29539,-0.31587,-0.33649,-0.35726,-0.37816,-0.39919,-0.42036,-0.44168,-0.46315,-0.48479,-0.50661,-0.52864,-0.55088,-0.57335,-0.59608,-0.61907,-0.64232,-0.66583,-0.68959,-0.71356,-0.7377,-0.76192,-0.78614,-0.81023,-0.83403,-0.85733,-0.87992,-0.90151,-0.9218,-0.94047,-0.95717,-0.97156,-0.9833,-0.9921,-0.99771,-0.99996,-0.99876,-0.99412,-0.98611,-0.97492,-0.96079,-0.94399,-0.92486,-0.90373,-0.88094,-0.85679,-0.83158,-0.80556,-0.77895,-0.75193,-0.72464,-0.69719,-0.66966,-0.64209,-0.61453,-0.58698,-0.55943,-0.53186,-0.50424,-0.47652,-0.44866,-0.4206,-0.39226,-0.3636,-0.33452,-0.30495,-0.27481,-0.244,-0.21243,-0.17999,-0.14657,-0.11207,-0.076365,-0.039328,0
0,-0.015939,-0.031737,-0.047885,-0.064379,-0.081214,-0.098379,-0.11586,-0.13365,-0.15173,-0.17009,-0.18869,-0.20753,-0.22659,-0.24585,-0.26529,-0.28491,-0.30468,-0.3246,-0.34466,-0.36487,-0.38522,-0.40572,-0.42639,-0.44723,-0.46828,-0.48953,-0.51103,-0.5328,-0.55485,-0.57722,-0.59992,-0.62297,-0.64638,-0.67014,-0.69423,-0.71863,-0.74326,-0.76805,-0.79287,-0.81757,-0.84197,-0.86581,-0.88881,-0.91066,-0.93098,-0.9494,-0.9655,-0.97891,-0.98926,-0.99626,-0.99967,-0.99937,-0.99535,-0.98768,-0.97656,-0.96226,-0.9451,-0.92546,-0.90372,-0.88026,-0.85543,-0.82955,-0.80291,-0.77574,-0.74823,-0.72053,-0.69275,-0.66497,-0.63724,-0.60958,-0.58199,-0.55447,-0.52697,-0.49946,-0.47189,-0.44421,-0.41636,-0.38826,-0.35984,-0.33103,-0.30174,-0.27189,-0.24138,-0.21013,-0.17803,-0.14497,-0.11084,-0.07553,-0.038927,0
0,-0.015333,-0.030561,-0.046137,-0.062055,-0.078306,-0.094879,-0.11176,-0.12893,-0.14638,-0.16409,-0.18204,-0.2002,-0.21858,-0.23714,-0.25587,-0.27476,-0.29381,-0.313,-0.33233,-0.35181,-0.37143,-0.39122,-0.41118,-0.43133,-0.4517,-0.47231,-0.4932,-0.5144,-0.53593,-0.55783,-0.58014,-0.60287,-0.62606,-0.6497,-0.6738,-0.69833,-0.72326,-0.74851,-0.77398,-0.79953,-0.82497,-0.85006,-0.87451,-0.89797,-0.92005,-0.94032,-0.95832,-0.97359,-0.98571,-0.99429,-0.99904,-0.9998,-0.99651,-0.98926,-0.97824,-0.96376,-0.94621,-0.926,-0.90357,-0.87937,-0.85378,-0.82718,-0.79987,-0.7721,-0.74408,-0.71596,-0.68785,-0.65984,-0.63195,-0.60422,-0.57662,-0.54915,-0.52175,-0.49439,-0.46701,-0.43955,-0.41193,-0.38409,-0.35595,-0.32743,-0.29844,-0.26891,-0.23873,-0.20781,-0.17605,-0.14335,-0.1096,-0.074699,-0.038529,0
0,-0.014776,-0.029479,-0.044526,-0.05991,-0.075617,-0.091634,-0.10794,-0.12453,-0.14137,-0.15845,-0.17576,-0.19326,-0.21095,-0.22882,-0.24683,-0.265,-0.2833,-0.30173,-0.3203,-0.33901,-0.35786,-0.37688,-0.39607,-0.41547,-0.43509,-0.45498,-0.47517,-0.4957,-0.51661,-0.53794,-0.55973,-0.58202,-0.60485,-0.62824,-0.65221,-0.67675,-0.70184,-0.72743,-0.75344,-0.77975,-0.80616,-0.83247,-0.85837,-0.8835,-0.90744,-0.92971,-0.94979,-0.96714,-0.98126,-0.99166,-0.99799,-1,-0.99759,-0.99083,-0.97995,-0.96529,-0.94729,-0.92643,-0.90324,-0.8782,-0.85178,-0.82438,-0.79634,-0.76793,-0.73938,-0.71083,-0.68241,-0.65417,-0.62616,-0.59838,-0.57081,-0.54342,-0.51617,-0.489,-0.46185,-0.43463,-0.40729,-0.37975,-0.35192,-0.32372,-0.29506,-0.26586,-0.23602,-0.20545,-0.17405,-0.14173,-0.10837,-0.07387,-0.038134,0
0,-0.014272,-0.028498,-0.043064,-0.057959,-0.073164,-0.088663,-0.10444,-0.12046,-0.13673,-0.15321,-0.16988,-0.18674,-0.20375,-0.22092,-0.23821,-0.25564,-0.27318,-0.29083,-0.30861,-0.32651,-0.34455,-0.36274,-0.38111,-0.39968,-0.41849,-0.43758,-0.45698,-0.47674,-0.49691,-0.51755,-0.5387,-0.56042,-0.58276,-0.60575,-0.62943,-0.65382,-0.67892,-0.70471,-0.73112,-0.75805,-0.78536,-0.81281,-0.84014,-0.86697,-0.89285,-0.91727,-0.93963,-0.95932,-0.97571,-0.98823,-0.9964,-0.99988,-0.99853,-0.99239,-0.98169,-0.96684,-0.94832,-0.92674,-0.90267,-0.8767,-0.84934,-0.82106,-0.79223,-0.76314,-0.73403,-0.70505,-0.67632,-0.64788,-0.61977,-0.59199,-0.56449,-0.53724,-0.51018,-0.48325,-0.45636,-0.42945,-0.40242,-0.37521,-0.34772,-0.31987,-0.29157,-0.26273,-0.23325,-0.20305,-0.17203,-0.14009,-0.10712,-0.07304,-0.037741,0
0,-0.013824,-0.027626,-0.041763,-0.056216,-0.070964,-0.085987,-0.10126,-0.11677,-0.13248,-0.14838,-0.16445,-0.18066,-0.19701,-0.21348,-0.23005,-0.24672,-0.26348,-0.28034,-0.29729,-0.31435,-0.33153,-0.34885,-0.36633,-0.38401,-0.40193,-0.42012,-0.43864,-0.45753,-0.47686,-0.49669,-0.51707,-0.53807,-0.55976,-0.58219,-0.60542,-0.62948,-0.65442,-0.68022,-0.70686,-0.73427,-0.76232,-0.79083,-0.81953,-0.84806,-0.87595,-0.90265,-0.92751,-0.9498,-0.96879,-0.98376,-0.99411,-0.99936,-0.9993,-0.99392,-0.98346,-0.96839,-0.9493,-0.92687,-0.90179,-0.87476,-0.84635,-0.81709,-0.7874,-0.75759,-0.7279,-0.6985,-0.66947,-0.64087,-0.61271,-0.58496,-0.55759,-0.53053,-0.50372,-0.47708,-0.45051,-0.42395,-0.39729,-0.37045,-0.34335,-0.31588,-0.28797,-0.25951,-0.23043,-0.20061,-0.16998,-0.13843,-0.10587,-0.072209,-0.037349,0
0,-0.013438,-0.026873,-0.040635,-0.054699,-0.06904,-0.083631,-0.098448,-0.11347,-0.12866,-0.14401,-0.15949,-0.17508,-0.19077,-0.20654,-0.22238,-0.23829,-0.25426,-0.27029,-0.28639,-0.30257,-0.31884,-0.33523,-0.35177,-0.3685,-0.38544,-0.40266,-0.42019,-0.43811,-0.45648,-0.47536,-0.49483,-0.51497,-0.53584,-0.55754,-0.58013,-0.60367,-0.62823,-0.65384,-0.6805,-0.70819,-0.73682,-0.76623,-0.7962,-0.82638,-0.85632,-0.88542,-0.91298,-0.93818,-0.96014,-0.97798,-0.99091,-0.99831,-0.99982,-0.99538,-0.98526,-0.96996,-0.95019,-0.92677,-0.90053,-0.87227,-0.84268,-0.81233,-0.7817,-0.75113,-0.72085,-0.69102,-0.66173,-0.63301,-0.60484,-0.5772,-0.55002,-0.52323,-0.49673,-0.47044,-0.44426,-0.4181,-0.39187,-0.36545,-0.33877,-0.31173,-0.28424,-0.2562,-0.22753,-0.19812,-0.1679,-0.13676,-0.10461,-0.071375,-0.036958,0
0,-0.013119,-0.026251,-0.039698,-0.053431,-0.067417,-0.081626,-0.09603,-0.1106,-0.12531,-0.14013,-0.15504,-0.17003,-0.18507,-0.20015,-0.21526,-0.23039,-0.24555,-0.26073,-0.27595,-0.2912,-0.30653,-0.32194,-0.33748,-0.35317,-0.36906,-0.38521,-0.40167,-0.41851,-0.43579,-0.4536,-0.47201,-0.49111,-0.511,-0.53177,-0.55351,-0.57632,-0.60027,-0.62545,-0.65188,-0.6796,-0.70857,-0.73868,-0.76976,-0.80149,-0.83345,-0.86504,-0.89551,-0.92394,-0.94929,-0.97049,-0.98651,-0.99653,-1,-0.99677,-0.98708,-0.97152,-0.95096,-0.92637,-0.89876,-0.86908,-0.83813,-0.80658,-0.77493,-0.74355,-0.71267,-0.68244,-0.65293,-0.62415,-0.59606,-0.5686,-0.54169,-0.51524,-0.48913,-0.46328,-0.43756,-0.41187,-0.38612,-0.36019,-0.33398,-0.30741,-0.28038,-0.25279,-0.22456,-0.19558,-0.16578,-0.13507,-0.10335,-0.070538,-0.036567,0
0,-0.012875,-0.025772,-0.038971,-0.052434,-0.066124,-0.080004,-0.094042,-0.1082,-0.12246,-0.13679,-0.15116,-0.16555,-0.17995,-0.19435,-0.20872,-0.22308,-0.2374,-0.25171,-0.26601,-0.28031,-0.29464,-0.30901,-0.32348,-0.33807,-0.35283,-0.36782,-0.3831,-0.39874,-0.41481,-0.4314,-0.4486,-0.4665,-0.48521,-0.50485,-0.52552,-0.54734,-0.57043,-0.59489,-0.62081,-0.64826,-0.67727,-0.7078,-0.73974,-0.77284,-0.80673,-0.84083,-0.87437,-0.90636,-0.93558,-0.96073,-0.98051,-0.99376,-0.9997,-0.99801,-0.98891,-0.97308,-0.95156,-0.92556,-0.89633,-0.86499,-0.83249,-0.79958,-0.76682,-0.73459,-0.70312,-0.67253,-0.64287,-0.6141,-0.58618,-0.55901,-0.53247,-0.50646,-0.48085,-0.45552,-0.43034,-0.40521,-0.38001,-0.35462,-0.32895,-0.3029,-0.27637,-0.24927,-0.2215,-0.19299,-0.16363,-0.13335,-0.10207,-0.069699,-0.036177,0
0,-0.012714,-0.025452,-0.038475,-0.051737,-0.065194,-0.078803,-0.092527,-0.10633,-0.12017,-0.13404,-0.14789,-0.16171,-0.17548,-0.18919,-0.20283,-0.21639,-0.22987,-0.24328,-0.25662,-0.26993,-0.28321,-0.29649,-0.30982,-0.32323,-0.33678,-0.35052,-0.36451,-0.37883,-0.39355,-0.40878,-0.4246,-0.44112,-0.45846,-0.47674,-0.49609,-0.51666,-0.53859,-0.56202,-0.58708,-0.61391,-0.64258,-0.67316,-0.70561,-0.73979,-0.77541,-0.81195,-0.84867,-0.88451,-0.91813,-0.94794,-0.97229,-0.9896,-0.99872,-0.99906,-0.99076,-0.97462,-0.95193,-0.92422,-0.89302,-0.8597,-0.82541,-0.79098,-0.75703,-0.72393,-0.69189,-0.66101,-0.63129,-0.60266,-0.57503,-0.54826,-0.52223,-0.49678,-0.47178,-0.44708,-0.42255,-0.39806,-0.37349,-0.34873,-0.32366,-0.29819,-0.27221,-0.24563,-0.21837,-0.19034,-0.16145,-0.13162,-0.10078,-0.068858,-0.035789,0
0,-0.012644,-0.025307,-0.038235,-0.051371,-0.064664,-0.078065,-0.091531,-0.10502,-0.1185,-0.13193,-0.14529,-0.15856,-0.17171,-0.18474,-0.19763,-0.21039,-0.223,-0.23548,-0.24785,-0.2601,-0.27229,-0.28442,-0.29654,-0.3087,-0.32094,-0.33332,-0.34591,-0.35878,-0.37203,-0.38573,-0.4,-0.41495,-0.4307,-0.44739,-0.46516,-0.48418,-0.50462,-0.52665,-0.55046,-0.57623,-0.60413,-0.63429,-0.66679,-0.70161,-0.73858,-0.77734,-0.81721,-0.85714,-0.89569,-0.931,-0.96095,-0.98344,-0.99671,-0.99978,-0.99261,-0.97613,-0.95198,-0.92212,-0.8885,-0.85282,-0.81644,-0.78032,-0.74508,-0.71111,-0.67858,-0.64752,-0.61788,-0.58954,-0.56235,-0.53616,-0.51078,-0.48605,-0.4618,-0.43786,-0.4141,-0.39037,-0.36653,-0.34247,-0.31808,-0.29325,-0.26787,-0.24187,-0.21515,-0.18763,-0.15923,-0.12987,-0.099488,-0.068017,-0.035402,0
0,-0.012677,-0.025358,-0.038278,-0.051371,-0.064576,-0.077838,-0.091106,-0.10434,-0.11749,-0.13053,-0.14342,-0.15616,-0.1687,-0.18105,-0.1932,-0.20513,-0.21686,-0.22838,-0.23972,-0.25089,-0.26191,-0.27283,-0.28367,-0.29448,-0.30532,-0.31624,-0.32731,-0.33861,-0.35023,-0.36225,-0.37478,-0.38795,-0.40188,-0.41672,-0.43263,-0.44978,-0.46837,-0.4886,-0.51071,-0.53492,-0.56148,-0.59063,-0.62256,-0.6574,-0.69517,-0.73569,-0.77845,-0.82255,-0.8665,-0.90823,-0.94511,-0.97428,-0.99314,-0.99999,-0.99446,-0.97761,-0.95157,-0.91895,-0.8823,-0.84376,-0.80494,-0.76693,-0.73036,-0.69558,-0.66267,-0.6316,-0.60223,-0.57439,-0.54787,-0.52245,-0.49793,-0.4741,-0.45077,-0.42776,-0.40491,-0.38205,-0.35907,-0.33582,-0.31218,-0.28806,-0.26336,-0.23798,-0.21184,-0.18486,-0.15697,-0.1281,-0.098191,-0.067178,-0.035019,0
0,-0.012825,-0.025626,-0.038636,-0.051776,-0.064976,-0.078173,-0.09131,-0.10434,-0.11721,-0.12989,-0.14236,-0.15457,-0.16652,-0.1782,-0.18958,-0.20068,-0.21149,-0.22202,-0.23229,-0.24232,-0.25213,-0.26176,-0.27124,-0.28062,-0.28995,-0.2993,-0.30873,-0.31831,-0.32813,-0.33829,-0.3489,-0.36007,-0.37194,-0.38466,-0.39839,-0.41332,-0.42966,-0.44764,-0.46753,-0.48961,-0.51418,-0.54158,-0.57214,-0.60616,-0.64388,-0.68537,-0.73043,-0.77842,-0.82804,-0.87711,-0.92253,-0.96047,-0.98704,-0.99932,-0.99626,-0.97903,-0.95047,-0.91421,-0.87367,-0.83161,-0.78996,-0.74988,-0.71199,-0.67652,-0.64345,-0.61264,-0.58384,-0.55678,-0.53121,-0.50684,-0.48342,-0.46072,-0.43853,-0.41663,-0.39486,-0.37304,-0.35103,-0.3287,-0.30593,-0.28261,-0.25865,-0.23395,-0.20844,-0.18204,-0.15469,-0.12633,-0.096893,-0.066343,-0.03464,0
0,-0.0131,-0.026137,-0.039343,-0.05263,-0.065916,-0.079128,-0.092204,-0.10509,-0.11773,-0.1301,-0.14216,-0.15388,-0.16524,-0.17623,-0.18685,-0.19709,-0.20696,-0.21646,-0.22562,-0.23445,-0.24297,-0.25123,-0.25927,-0.26711,-0.27483,-0.28248,-0.29012,-0.29783,-0.3057,-0.31381,-0.32228,-0.33122,-0.34076,-0.35106,-0.36228,-0.37461,-0.38827,-0.40351,-0.42061,-0.43989,-0.46171,-0.4865,-0.51469,-0.54677,-0.58321,-0.62443,-0.67063,-0.72167,-0.7767,-0.83378,-0.88955,-0.93908,-0.97662,-0.99708,-0.99796,-0.98035,-0.9483,-0.90704,-0.8614,-0.81498,-0.77004,-0.72779,-0.68872,-0.65286,-0.62001,-0.58985,-0.56202,-0.53616,-0.5119,-0.48893,-0.46694,-0.44566,-0.42486,-0.40431,-0.38382,-0.36321,-0.34234,-0.32108,-0.29928,-0.27686,-0.25372,-0.22977,-0.20494,-0.17917,-0.15238,-0.12454,-0.095598,-0.065516,-0.034269,0
0,-0.013518,-0.026917,-0.040439,-0.053981,-0.067451,-0.080767,-0.093857,-0.10666,-0.11913,-0.13122,-0.1429,-0.15414,-0.16492,-0.17524,-0.18507,-0.19443,-0.20332,-0.21175,-0.21973,-0.2273,-0.23446,-0.24127,-0.24775,-0.25396,-0.25994,-0.26575,-0.27146,-0.27713,-0.28285,-0.28872,-0.29482,-0.30127,-0.3082,-0.31576,-0.32411,-0.33343,-0.34394,-0.35589,-0.36957,-0.38531,-0.40353,-0.42467,-0.44928,-0.478,-0.51153,-0.55063,-0.59604,-0.64829,-0.70739,-0.77227,-0.83993,-0.9047,-0.95829,-0.99176,-0.99937,-0.98154,-0.94432,-0.89588,-0.84337,-0.79153,-0.74294,-0.69863,-0.65877,-0.62307,-0.59105,-0.56218,-0.53593,-0.5118,-0.48937,-0.46825,-0.44809,-0.4286,-0.4095,-0.39058,-0.37162,-0.35245,-0.33291,-0.31287,-0.29219,-0.27079,-0.24856,-0.22544,-0.20135,-0.17623,-0.15005,-0.12276,-0.094314,-0.064702,-0.033908,0
0,-0.014095,-0.027996,-0.041965,-0.055882,-0.069643,-0.083156,-0.096342,-0.10914,-0.12148,-0.13334,-0.14467,-0.15545,-0.16565,-0.17527,-0.18431,-0.19276,-0.20062,-0.20792,-0.21467,-0.22089,-0.22661,-0.23187,-0.23669,-0.24113,-0.24524,-0.24906,-0.25266,-0.25611,-0.25949,-0.26287,-0.26635,-0.27004,-0.27406,-0.27853,-0.28362,-0.28949,-0.29634,-0.30442,-0.31399,-0.3254,-0.33903,-0.35537,-0.375,-0.39864,-0.42716,-0.46162,-0.50324,-0.55339,-0.61331,-0.68359,-0.76305,-0.84675,-0.92411,-0.9797,-0.99999,-0.9825,-0.93699,-0.87765,-0.81566,-0.75727,-0.70498,-0.65922,-0.61951,-0.58501,-0.55485,-0.52822,-0.5044,-0.48279,-0.46286,-0.44419,-0.42638,-0.40913,-0.39215,-0.3752,-0.35808,-0.34061,-0.32262,-0.30398,-0.28459,-0.26433,-0.24314,-0.22093,-0.19765,-0.17325,-0.1477,-0.12098,-0.093046,-0.063907,-0.033561,0
0,-0.014851,-0.029409,-0.043967,-0.058389,-0.072557,-0.086368,-0.099736,-0.11259,-0.12487,-0.13653,-0.14754,-0.15787,-0.16749,-0.17641,-0.18462,-0.19212,-0.19891,-0.20502,-0.21045,-0.21525,-0.21942,-0.22301,-0.22604,-0.22857,-0.23064,-0.2323,-0.23361,-0.23463,-0.23542,-0.23607,-0.23666,-0.23729,-0.23805,-0.23906,-0.24047,-0.24241,-0.24507,-0.24865,-0.25341,-0.25962,-0.26765,-0.27794,-0.29104,-0.30765,-0.32869,-0.35532,-0.38908,-0.43197,-0.48647,-0.55549,-0.64149,-0.74412,-0.85481,-0.9503,-0.99806,-0.98301,-0.92256,-0.8454,-0.77038,-0.70487,-0.65,-0.60463,-0.56705,-0.53563,-0.50901,-0.48607,-0.46595,-0.44792,-0.43142,-0.41597,-0.4012,-0.38676,-0.3724,-0.35785,-0.34294,-0.32748,-0.31131,-0.29432,-0.2764,-0.25746,-0.23742,-0.21623,-0.19384,-0.17022,-0.14535,-0.11921,-0.091804,-0.063138,-0.033231,0
0,-0.015805,-0.031191,-0.046494,-0.061562,-0.076261,-0.090478,-0.10412,-0.1171,-0.12938,-0.14088,-0.15159,-0.16148,-0.17052,-0.17871,-0.18605,-0.19255,-0.19821,-0.20305,-0.20708,-0.21034,-0.21285,-0.21463,-0.21573,-0.21619,-0.21604,-0.21534,-0.21413,-0.21247,-0.21043,-0.20806,-0.20544,-0.20266,-0.19979,-0.19694,-0.19421,-0.19173,-0.18963,-0.18808,-0.18727,-0.18743,-0.18883,-0.19182,-0.19684,-0.20445,-0.21541,-0.23073,-0.25184,-0.28076,-0.32047,-0.37535,-0.45179,-0.55819,-0.7009,-0.86577,-0.98516,-0.98239,-0.88922,-0.78098,-0.69016,-0.62035,-0.56748,-0.52705,-0.49559,-0.47058,-0.45022,-0.4332,-0.41859,-0.40564,-0.3938,-0.38262,-0.37175,-0.36087,-0.34974,-0.33814,-0.32589,-0.31282,-0.29882,-0.28375,-0.26753,-0.25009,-0.23137,-0.21132,-0.18992,-0.16714,-0.14299,-0.11747,-0.090598,-0.062403,-0.032924,0
0,-0.01698,-0.033379,-0.049599,-0.065465,-0.080828,-0.095564,-0.10957,-0.12276,-0.13508,-0.14647,-0.1569,-0.16634,-0.17479,-0.18222,-0.18865,-0.19409,-0.19853,-0.20201,-0.20453,-0.20613,-0.20682,-0.20665,-0.20563,-0.20381,-0.20123,-0.19793,-0.19395,-0.18934,-0.18415,-0.17844,-0.17226,-0.16569,-0.15879,-0.15162,-0.14428,-0.13685,-0.12943,-0.12211,-0.11504,-0.10834,-0.10219,-0.096788,-0.092384,-0.089304,-0.087974,-0.088978,-0.093148,-0.10172,-0.11662,-0.14104,-0.18063,-0.24623,-0.36027,-0.56805,-0.88761,-0.97671,-0.78236,-0.62747,-0.53432,-0.47699,-0.43984,-0.41466,-0.39691,-0.38394,-0.3741,-0.3663,-0.35976,-0.35395,-0.34843,-0.34289,-0.33704,-0.33066,-0.32355,-0.31556,-0.30653,-0.29635,-0.2849,-0.27209,-0.25786,-0.24216,-0.22493,-0.20617,-0.18586,-0.16401,-0.14064,-0.11577,-0.08944,-0.061713,-0.032647,0
0,-0.018398,-0.036014,-0.053334,-0.070161,-0.08633,-0.1017,-0.11617,-0.12965,-0.14206,-0.15336,-0.16353,-0.17252,-0.18034,-0.18698,-0.19244,-0.19673,-0.19986,-0.20186,-0.20273,-0.20252,-0.20123,-0.19889,-0.19555,-0.19122,-0.18595,-0.17976,-0.1727,-0.1648,-0.15611,-0.14668,-0.13654,-0.12575,-0.11436,-0.10241,-0.089958,-0.077057,-0.063757,-0.050112,-0.036173,-0.021991,-0.0076168,0.0069026,0.021522,0.036197,0.050891,0.065568,0.080199,0.094765,0.10926,0.1237,0.13816,0.1528,0.16806,0.18543,0.21313,0.028165,-0.18379,-0.20573,-0.22007,-0.23197,-0.24249,-0.25199,-0.2606,-0.26835,-0.27524,-0.28124,-0.28629,-0.29035,-0.29333,-0.29518,-0.29579,-0.29511,-0.29303,-0.28948,-0.28438,-0.27766,-0.26926,-0.25913,-0.24723,-0.23354,-0.21804,-0.20074,-0.18167,-0.16084,-0.1383,-0.11411,-0.088348,-0.061082,-0.032407,0
0,-0.020084,-0.039138,-0.057756,-0.075717,-0.092839,-0.10897,-0.124,-0.13783,-0.15039,-0.16163,-0.17152,-0.18005,-0.1872,-0.19298,-0.19738,-0.20043,-0.20213,-0.2025,-0.20156,-0.19934,-0.19586,-0.19113,-0.18519,-0.17806,-0.16978,-0.16036,-0.14985,-0.13828,-0.12567,-0.11207,-0.097507,-0.082021,-0.065646,-0.048415,-0.030358,-0.011502,0.0081344,0.028541,0.04972,0.07169,0.094491,0.11819,0.1429,0.16877,0.19605,0.22508,0.25636,0.29061,0.32897,0.37314,0.42591,0.49188,0.57898,0.70004,0.86531,0.99905,0.83367,0.50755,0.27717,0.13358,0.038911,-0.02798,-0.077962,-0.11688,-0.14807,-0.17353,-0.19453,-0.21187,-0.22609,-0.23754,-0.24644,-0.25295,-0.25714,-0.25908,-0.25878,-0.25626,-0.25153,-0.24458,-0.23543,-0.2241,-0.2106,-0.19499,-0.1773,-0.15761,-0.13599,-0.11253,-0.087338,-0.060524,-0.032214,0
0,-0.022065,-0.042792,-0.062918,-0.082196,-0.10042,-0.11744,-0.13312,-0.14737,-0.16011,-0.1713,-0.18092,-0.18894,-0.19537,-0.2002,-0.20344,-0.2051,-0.20521,-0.20378,-0.20082,-0.19635,-0.1904,-0.18298,-0.17412,-0.16383,-0.15215,-0.13908,-0.12467,-0.10894,-0.091916,-0.073632,-0.054122,-0.033417,-0.011551,0.011445,0.035544,0.060727,0.086979,0.1143,0.14271,0.17224,0.20296,0.23496,0.26839,0.30344,0.3404,0.37962,0.42161,0.46701,0.51669,0.57173,0.63344,0.70317,0.78157,0.86643,0.94741,0.99737,0.97386,0.85704,0.68436,0.51009,0.36134,0.24186,0.1471,0.071441,0.01029,-0.039744,-0.081082,-0.11543,-0.144,-0.16767,-0.18705,-0.20259,-0.2146,-0.22332,-0.22892,-0.23151,-0.23121,-0.22808,-0.2222,-0.21365,-0.2025,-0.18883,-0.17274,-0.15433,-0.13372,-0.11104,-0.086434,-0.060059,-0.032081,0
0,-0.024365,-0.047018,-0.068873,-0.089657,-0.10915,-0.12717,-0.14359,-0.15831,-0.17126,-0.1824,-0.19171,-0.19917,-0.20477,-0.20854,-0.21048,-0.21059,-0.2089,-0.20543,-0.20018,-0.19317,-0.18441,-0.17393,-0.16172,-0.14782,-0.13224,-0.11501,-0.096138,-0.075671,-0.05364,-0.030083,-0.0050473,0.021417,0.049258,0.07842,0.10885,0.14049,0.1733,0.20724,0.24227,0.27839,0.31559,0.3539,0.39339,0.43412,0.47621,0.51982,0.56512,0.61231,0.66156,0.71296,0.76641,0.82134,0.87627,0.92816,0.97142,0.99715,0.99394,0.95195,0.86948,0.75627,0.62885,0.50228,0.38581,0.2832,0.1948,0.11945,0.055494,0.0013196,-0.044487,-0.083084,-0.11538,-0.14209,-0.16379,-0.18089,-0.19373,-0.20258,-0.20766,-0.20915,-0.20719,-0.20195,-0.19357,-0.18218,-0.16793,-0.15098,-0.1315,-0.10966,-0.085662,-0.059711,-0.032023,0
0,-0.027011,-0.051857,-0.075673,-0.098155,-0.11906,-0.1382,-0.15544,-0.17068,-0.18384,-0.1949,-0.20383,-0.21063,-0.2153,-0.21785,-0.21828,-0.21662,-0.21287,-0.20705,-0.19916,-0.18921,-0.17721,-0.16317,-0.14709,-0.129,-0.1089,-0.086837,-0.062835,-0.036944,-0.0092227,0.020254,0.051401,0.084118,0.1183,0.15381,0.19054,0.22836,0.26711,0.30668,0.34693,0.38775,0.42903,0.47067,0.5126,0.55474,0.59704,0.63944,0.68188,0.72426,0.76644,0.80815,0.84896,0.88818,0.9247,0.95685,0.98218,0.9974,0.99842,0.98095,0.94162,0.87942,0.79681,0.69942,0.59453,0.48906,0.38828,0.29539,0.21191,0.13819,0.073879,0.018357,-0.029117,-0.06927,-0.10274,-0.13011,-0.15185,-0.16838,-0.18004,-0.18714,-0.18993,-0.18867,-0.18359,-0.17489,-0.1628,-0.14754,-0.12933,-0.10842,-0.085054,-0.059508,-0.032058,0
0,-0.030031,-0.057348,-0.083361,-0.10773,-0.1302,-0.15057,-0.16868,-0.18445,-0.1978,-0.20872,-0.21717,-0.22317,-0.22672,-0.22783,-0.22651,-0.22277,-0.21661,-0.20804,-0.19705,-0.18365,-0.16782,-0.14958,-0.12893,-0.1059,-0.080497,-0.052784,-0.022824,0.0092905,0.04344,0.079478,0.11723,0.15651,0.19708,0.23872,0.28117,0.32417,0.36748,0.41083,0.45401,0.49679,0.53899,0.58044,0.621,0.66056,0.69902,0.73629,0.77228,0.80688,0.83997,0.87135,0.90077,0.92783,0.95197,0.97244,0.98817,0.9978,0.9996,0.99156,0.97153,0.9376,0.88857,0.82451,0.74707,0.65945,0.56584,0.47065,0.37777,0.29014,0.20966,0.13735,0.073527,0.018108,-0.029239,-0.068966,-0.10155,-0.12748,-0.14722,-0.16119,-0.16979,-0.17336,-0.17225,-0.16678,-0.15725,-0.14397,-0.12722,-0.10734,-0.084648,-0.059487,-0.032211,0
0,-0.033452,-0.06353,-0.09198,-0.11843,-0.14259,-0.16426,-0.18328,-0.19955,-0.21303,-0.22369,-0.23152,-0.23652,-0.2387,-0.23808,-0.23465,-0.22841,-0.21936,-0.20749,-0.19279,-0.17523,-0.1548,-0.13152,-0.10538,-0.076432,-0.044728,-0.01037,0.026499,0.065689,0.10696,0.15005,0.19461,0.2403,0.28673,0.3335,0.38021,0.4265,0.47201,0.51644,0.55951,0.60102,0.64082,0.67879,0.71486,0.74901,0.78121,0.81149,0.83986,0.86633,0.89089,0.9135,0.93408,0.9525,0.96852,0.98182,0.99193,0.99823,0.99992,0.99596,0.98512,0.96602,0.93723,0.89746,0.84591,0.78252,0.70831,0.62541,0.53686,0.44617,0.35677,0.27156,0.19272,0.12161,0.058925,0.004877,-0.040671,-0.078054,-0.10772,-0.13016,-0.14589,-0.15539,-0.15914,-0.15758,-0.15113,-0.14019,-0.12517,-0.10646,-0.08449,-0.059692,-0.032512,0
0,-0.037306,-0.070441,-0.10156,-0.13027,-0.15623,-0.17925,-0.19915,-0.21587,-0.22934,-0.23956,-0.24652,-0.25023,-0.2507,-0.24792,-0.24189,-0.23259,-0.22,-0.20408,-0.1848,-0.16213,-0.13605,-0.10657,-0.073738,-0.037631,0.0016037,0.043747,0.088505,0.13551,0.18433,0.23445,0.28534,0.33642,0.38714,0.43695,0.4854,0.53206,0.57663,0.61886,0.65862,0.69582,0.73047,0.76261,0.79232,0.81971,0.84491,0.86803,0.88919,0.9085,0.92604,0.94188,0.95602,0.96845,0.9791,0.98784,0.99446,0.99864,0.99999,0.99794,0.9918,0.98068,0.96353,0.93916,0.90632,0.86384,0.8109,0.74726,0.67359,0.59163,0.50405,0.41418,0.32548,0.24102,0.16323,0.093695,0.033267,-0.017768,-0.059548,-0.092452,-0.11703,-0.1339,-0.14365,-0.1469,-0.14421,-0.13611,-0.12314,-0.1058,-0.084634,-0.060179,-0.033001,0
0,-0.04163,-0.078125,-0.11215,-0.14325,-0.17109,-0.19545,-0.21616,-0.23317,-0.24642,-0.25592,-0.26167,-0.26366,-0.26191,-0.25639,-0.24706,-0.2339,-0.21683,-0.19579,-0.17073,-0.14161,-0.10842,-0.071218,-0.030113,0.014673,0.062811,0.11385,0.16722,0.22227,0.27823,0.33433,0.38978,0.44387,0.49594,0.54548,0.59213,0.63562,0.67587,0.71285,0.74665,0.77741,0.80533,0.8306,0.85344,0.87406,0.89267,0.90945,0.92457,0.93815,0.95032,0.96116,0.97073,0.97905,0.98611,0.99187,0.99622,0.999,1,0.9989,0.99528,0.98862,0.97822,0.96323,0.94263,0.91522,0.87973,0.83491,0.77982,0.71408,0.63827,0.55409,0.46441,0.37285,0.28325,0.19901,0.12275,0.056105,-0.00016449,-0.045941,-0.081559,-0.10764,-0.12492,-0.13417,-0.13615,-0.13156,-0.12109,-0.1054,-0.085145,-0.061019,-0.033729,0
0,-0.046472,-0.086633,-0.12377,-0.15739,-0.18711,-0.21272,-0.23407,-0.2511,-0.2638,-0.27215,-0.27617,-0.27584,-0.27113,-0.26201,-0.24838,-0.23017,-0.20726,-0.17957,-0.147,-0.10955,-0.067255,-0.020305,0.030975,0.086076,0.14431,0.2048,0.26657,0.32853,0.3896,0.44879,0.50524,0.55831,0.60755,0.65273,0.69379,0.73085,0.76408,0.79377,0.82022,0.84374,0.86463,0.88321,0.89972,0.91442,0.92751,0.93917,0.94957,0.95883,0.96705,0.97432,0.98069,0.9862,0.99085,0.99462,0.99747,0.9993,1,0.99938,0.99719,0.99311,0.98671,0.97742,0.96455,0.94717,0.92419,0.89431,0.8561,0.80813,0.74928,0.67913,0.59836,0.50914,0.41498,0.32029,0.22952,0.14641,0.073528,0.012223,-0.03713,-0.074851,-0.10168,-0.11856,-0.12644,-0.12626,-0.11892,-0.10525,-0.086095,-0.062302,-0.034766,0
0,-0.051901,-0.096038,-0.13647,-0.17264,-0.20417,-0.23083,-0.25251,-0.26916,-0.28077,-0.28733,-0.28885,-0.28527,-0.27653,-0.26252,-0.24308,-0.21806,-0.18729,-0.15064,-0.10807,-0.059642,-0.0056348,0.053435,0.11677,0.18328,0.25167,0.32046,0.38816,0.45339,0.51502,0.57221,0.62444,0.67154,0.71354,0.75071,0.7834,0.81203,0.83706,0.85892,0.87802,0.89472,0.90934,0.92219,0.93349,0.94346,0.95227,0.96007,0.96698,0.97311,0.97853,0.9833,0.98746,0.99105,0.99407,0.99651,0.99835,0.99954,1,0.99963,0.99827,0.99574,0.99175,0.98597,0.97793,0.96702,0.95245,0.9332,0.90801,0.87535,0.83351,0.78079,0.71589,0.63847,0.54977,0.45299,0.35296,0.25524,0.1649,0.085636,0.019472,-0.032976,-0.072075,-0.098779,-0.11427,-0.11978,-0.11644,-0.10536,-0.087566,-0.064144,-0.036205,0
0,-0.058023,-0.10644,-0.1503,-0.18898,-0.2221,-0.24945,-0.27094,-0.28654,-0.29625,-0.30005,-0.2979,-0.28968,-0.27522,-0.25432,-0.22672,-0.19215,-0.15041,-0.10142,-0.045308,0.017485,0.086097,0.15922,0.23515,0.3119,0.38738,0.45969,0.52726,0.58903,0.64446,0.69343,0.7362,0.77322,0.8051,0.83244,0.85588,0.87596,0.8932,0.90802,0.92082,0.9319,0.94153,0.94993,0.95728,0.96374,0.96944,0.97447,0.97892,0.98285,0.98632,0.98938,0.99204,0.99433,0.99625,0.9978,0.99896,0.99971,1,0.99976,0.99891,0.99732,0.99483,0.99123,0.98622,0.97942,0.97032,0.95821,0.94219,0.92104,0.89321,0.85682,0.8097,0.74979,0.67568,0.58754,0.48794,0.38204,0.27664,0.17843,0.092506,0.021661,-0.033291,-0.072887,-0.098406,-0.11138,-0.11331,-0.10562,-0.089639,-0.066689,-0.038174,0
0,-0.064999,-0.118,-0.16533,-0.20631,-0.24059,-0.268,-0.28847,-0.30199,-0.30855,-0.30807,-0.3004,-0.2853,-0.26244,-0.23142,-0.19186,-0.14343,-0.08602,-0.019896,0.054112,0.1345,0.21907,0.30511,0.38969,0.47013,0.54429,0.61087,0.6693,0.71972,0.76267,0.79894,0.82944,0.85501,0.87647,0.8945,0.90969,0.92255,0.93348,0.94281,0.95082,0.95773,0.96371,0.96893,0.9735,0.97751,0.98104,0.98416,0.98693,0.98937,0.99154,0.99343,0.99509,0.99651,0.9977,0.99866,0.99938,0.99983,1,0.99984,0.99929,0.9983,0.99674,0.99451,0.99141,0.98722,0.98161,0.97416,0.96425,0.95106,0.93348,0.90998,0.87856,0.83675,0.78175,0.71106,0.62355,0.52086,0.40832,0.29415,0.18717,0.09419,0.018897,-0.03781,-0.076812,-0.099868,-0.10893,-0.10587,-0.092377,-0.070125,-0.040858,0
0,-0.073085,-0.13094,-0.18162,-0.22446,-0.25915,-0.28556,-0.30368,-0.31349,-0.31488,-0.30763,-0.29139,-0.26566,-0.22983,-0.18329,-0.12558,-0.056642,0.022879,0.11133,0.20591,0.30287,0.39807,0.48766,0.56878,0.63986,0.70055,0.75139,0.79344,0.82797,0.85622,0.87935,0.89831,0.91393,0.92685,0.9376,0.9466,0.95419,0.96061,0.9661,0.9708,0.97487,0.9784,0.98148,0.98418,0.98656,0.98866,0.99053,0.99218,0.99365,0.99495,0.99609,0.99708,0.99794,0.99865,0.99922,0.99965,0.99991,1,0.99989,0.99954,0.99891,0.99795,0.99658,0.99469,0.99215,0.98876,0.98426,0.97829,0.97035,0.9597,0.94533,0.92579,0.89905,0.86239,0.81241,0.74547,0.65885,0.55285,0.43267,0.30829,0.19128,0.090744,0.011334,-0.046156,-0.0832,-0.10221,-0.10566,-0.095782,-0.07468,-0.04452,0
0,-0.08268,-0.14556,-0.19921,-0.24303,-0.27682,-0.30052,-0.31412,-0.31748,-0.31028,-0.29196,-0.26176,-0.21872,-0.16192,-0.090768,-0.0055408,0.092059,0.19848,0.30848,0.41599,0.51553,0.60333,0.67779,0.73911,0.78863,0.82819,0.85963,0.88461,0.90453,0.92048,0.93335,0.9438,0.95235,0.95941,0.96528,0.97019,0.97434,0.97787,0.98089,0.98349,0.98575,0.98772,0.98945,0.99097,0.99232,0.99351,0.99458,0.99552,0.99637,0.99711,0.99777,0.99835,0.99884,0.99925,0.99958,0.99982,0.99996,1,0.99992,0.99969,0.99931,0.99872,0.9979,0.99677,0.99526,0.99326,0.99062,0.98714,0.98251,0.97632,0.96795,0.9565,0.94062,0.91836,0.88687,0.84223,0.77965,0.69454,0.58517,0.4562,0.31968,0.19098,0.082251,-0.00079866,-0.057793,-0.091149,-0.1041,-0.099687,-0.080611,-0.049544,0
0,-0.094391,-0.16224,-0.21795,-0.26115,-0.2918,-0.30986,-0.31517,-0.30723,-0.28517,-0.24772,-0.19338,-0.1208,-0.029547,0.07879,0.19966,0.32544,0.44709,0.55675,0.6498,0.72523,0.78452,0.8303,0.86541,0.89232,0.91304,0.9291,0.94167,0.9516,0.95952,0.96591,0.9711,0.97536,0.9789,0.98185,0.98434,0.98645,0.98826,0.98982,0.99117,0.99235,0.99339,0.9943,0.99512,0.99584,0.99648,0.99706,0.99757,0.99803,0.99844,0.9988,0.99912,0.99939,0.99961,0.99979,0.99991,0.99999,1,0.99994,0.9998,0.99957,0.99922,0.99874,0.99808,0.99722,0.99608,0.99458,0.99262,0.99004,0.98659,0.98196,0.97562,0.96681,0.95436,0.93643,0.91019,0.87139,0.81416,0.73171,0.61943,0.48046,0.32926,0.18659,0.06885,-0.017152,-0.07196,-0.099349,-0.10353,-0.08814,-0.056487,0
0,-0.1091,-0.18128,-0.23716,-0.27681,-0.3003,-0.30739,-0.29731,-0.26856,-0.21902,-0.14626,-0.048663,0.072665,0.21171,0.35693,0.49436,0.61297,0.70805,0.78052,0.83422,0.87355,0.90235,0.92358,0.9394,0.95134,0.96046,0.96752,0.97306,0.97746,0.98099,0.98385,0.98621,0.98815,0.98978,0.99115,0.99232,0.99332,0.99418,0.99493,0.99558,0.99616,0.99667,0.99712,0.99753,0.99789,0.99822,0.99851,0.99877,0.99901,0.99922,0.9994,0.99956,0.9997,0.99982,0.9999,0.99997,1,0.99999,0.99995,0.99987,0.99974,0.99954,0.99927,0.99891,0.99843,0.99781,0.99701,0.99596,0.99459,0.99277,0.99035,0.98706,0.9825,0.97607,0.96678,0.95301,0.93211,0.89977,0.84928,0.77148,0.65767,0.50773,0.33853,0.17866,0.050778,-0.037199,-0.087517,-0.10578,-0.097239,-0.066113,0
0,-0.12793,-0.20248,-0.25469,-0.28517,-0.29374,-0.27905,-0.23843,-0.16807,-0.06435,0.072864,0.23543,0.40482,0.55884,0.68293,0.7746,0.83907,0.88355,0.91422,0.93561,0.95075,0.96167,0.96968,0.97567,0.98022,0.98373,0.98648,0.98866,0.99041,0.99183,0.99299,0.99396,0.99477,0.99546,0.99604,0.99654,0.99697,0.99735,0.99768,0.99797,0.99823,0.99846,0.99867,0.99885,0.99902,0.99917,0.99931,0.99943,0.99954,0.99964,0.99973,0.9998,0.99987,0.99992,0.99996,0.99999,1,0.99999,0.99997,0.99992,0.99985,0.99974,0.9996,0.99941,0.99917,0.99885,0.99845,0.99792,0.99725,0.99636,0.99518,0.9936,0.99143,0.98839,0.98402,0.97755,0.96768,0.95213,0.92684,0.88476,0.81464,0.70243,0.54155,0.35004,0.16818,0.028473,-0.060089,-0.10262,-0.10702,-0.079285,0
0,-0.15178,-0.22373,-0.2642,-0.27377,-0.2501,-0.18799,-0.080575,0.075373,0.26892,0.46859,0.63818,0.76122,0.84246,0.89415,0.927,0.94823,0.96229,0.97185,0.97851,0.98328,0.98676,0.98935,0.99132,0.99284,0.99403,0.99497,0.99573,0.99635,0.99686,0.99728,0.99764,0.99794,0.99819,0.99842,0.99861,0.99877,0.99892,0.99905,0.99917,0.99927,0.99936,0.99945,0.99953,0.99959,0.99966,0.99971,0.99977,0.99981,0.99985,0.99989,0.99992,0.99995,0.99997,0.99999,1,1,0.99999,0.99998,0.99996,0.99992,0.99987,0.9998,0.99971,0.9996,0.99945,0.99927,0.99903,0.99873,0.99833,0.99782,0.99713,0.9962,0.99492,0.99309,0.99041,0.98635,0.97996,0.96948,0.95152,0.91953,0.86114,0.75651,0.58755,0.36855,0.15713,0.0028312,-0.084269,-0.11395,-0.096315,0
0,-0.17919,-0.23638,-0.24631,-0.20537,-0.10269,0.07219,0.30673,0.54481,0.72612,0.83889,0.90314,0.93942,0.96045,0.97312,0.98107,0.98625,0.98974,0.99216,0.99388,0.99514,0.99608,0.99679,0.99735,0.99778,0.99812,0.9984,0.99863,0.99881,0.99897,0.9991,0.99921,0.99931,0.99939,0.99946,0.99952,0.99958,0.99963,0.99967,0.99971,0.99975,0.99978,0.99981,0.99983,0.99986,0.99988,0.9999,0.99992,0.99994,0.99995,0.99996,0.99998,0.99998,0.99999,1,1,1,1,0.99999,0.99998,0.99996,0.99994,0.99991,0.99988,0.99983,0.99977,0.9997,0.99961,0.99949,0.99934,0.99915,0.99889,0.99855,0.99809,0.99743,0.99649,0.99508,0.9929,0.98934,0.98328,0.97231,0.95131,0.90889,0.82148,0.65419,0.40355,0.15003,-0.02391,-0.10648,-0.11443,0
0,-0.19747,-0.207,-0.13059,0.053598,0.34062,0.62879,0.81423,0.90661,0.95014,0.97145,0.98258,0.98877,0.99241,0.99467,0.99613,0.99711,0.99779,0.99827,0.99863,0.99889,0.99909,0.99924,0.99936,0.99946,0.99954,0.9996,0.99966,0.9997,0.99974,0.99977,0.9998,0.99982,0.99984,0.99986,0.99987,0.99989,0.9999,0.99991,0.99992,0.99993,0.99994,0.99995,0.99996,0.99996,0.99997,0.99997,0.99998,0.99998,0.99999,0.99999,0.99999,1,1,1,1,1,1,1,0.99999,0.99999,0.99998,0.99997,0.99996,0.99994,0.99992,0.9999,0.99987,0.99984,0.99979,0.99974,0.99966,0.99956,0.99943,0.99925,0.99899,0.99861,0.99804,0.99712,0.99557,0.99282,0.98758,0.97677,0.95248,0.89361,0.75107,0.47554,0.15913,-0.045195,-0.11856,0
0,-0.13708,0.023773,0.36829,0.72047,0.89497,0.9579,0.98095,0.99036,0.99465,0.9968,0.99796,0.99863,0.99905,0.99931,0.99949,0.99961,0.99969,0.99976,0.9998,0.99984,0.99986,0.99989,0.9999,0.99992,0.99993,0.99994,0.99995,0.99995,0.99996,0.99996,0.99997,0.99997,0.99997,0.99998,0.99998,0.99998,0.99998,0.99999,0.99999,0.99999,0.99999,0.99999,0.99999,0.99999,0.99999,1,1,1,1,1,1,1,1,1,1,1,1,1,1,1,0.99999,0.99999,0.99999,0.99999,0.99998,0.99998,0.99997,0.99997,0.99996,0.99995,0.99993,0.99992,0.99989,0.99986,0.99981,0.99975,0.99965,0.9995,0.99925,0.99882,0.99802,0.99641,0.99283,0.98384,0.95796,0.87427,0.62611,0.22486,-0.03883,0
0,0.45348,0.83974,0.96207,0.98941,0.99638,0.99853,0.99932,0.99964,0.9998,0.99987,0.99992,0.99994,0.99996,0.99997,0.99998,0.99998,0.99999,0.99999,0.99999,0.99999,0.99999,0.99999,1,1,1,1,1,1,1,1,1,1,1,1,1,1,1,1,1,1,1,1,1,1,1,1,1,1,1,1,1,1,1,1,1,1,1,1,1,1,1,1,1,1,1,1,1,1,1,1,1,0.99999,0.99999,0.99999,0.99999,0.99998,0.99998,0.99997,0.99996,0.99993,0.99989,0.99981,0.99963,0.9992,0.99794,0.9935,0.97389,0.87334,0.50276,0
1,1,1,1,1,1,1,1,1,1,1,1,1,1,1,1,1,1,1,1,1,1,1,1,1,1,1,1,1,1,1,1,1,1,1,1,1,1,1,1,1,1,1,1,1,1,1,1,1,1,1,1,1,1,1,1,1,1,1,1,1,1,1,1,1,1,1,1,1,1,1,1,1,1,1,1,1,1,1,1,1,1,1,1,1,1,1,1,1,1,1
