0,0,0,0,0,0,0,0,0,0,0,0,0,0,0,0,0,0,0,0,0,0,0,0,0,0,0,0,0,0,0,0,0,0,0,0,0,0,0,0,0,0,0,0,0,0,0,0,0,0,0,0,0,0,0,0,0,0,0,0,0,0,0,0,0,0,0,0,0,0,0,0,0,0,0,0,0,0,0,0,0,0,0,0,0,0,0,0,0,0,0
0,0.708,0.89873,0.96976,0.9963,0.99371,0.72693,-0.75733,-0.93483,-0.9686,-0.98128,-0.98758,-0.99121,-0.99351,-0.99505,-0.99614,-0.99693,-0.99752,-0.99797,-0.99832,-0.9986,-0.99882,-0.999,-0.99915,-0.99928,-0.99938,-0.99947,-0.99954,-0.99961,-0.99966,-0.99971,-0.99975,-0.99979,-0.99982,-0.99985,-0.99988,-0.9999,-0.99992,-0.99994,-0.99995,-0.99997,-0.99998,-0.99999,-0.99999,-1,-1,-1,-1,-0.99999,-0.99998,-0.99997,-0.99995,-0.99993,-0.9999,-0.99987,-0.99983,-0.99979,-0.99973,-0.99967,-0.99959,-0.99951,-0.9994,-0.99928,-0.99913,-0.99895,-0.99874,-0.99848,-0.99816,-0.99776,-0.99725,-0.99659,-0.99571,-0.99448,-0.9927,-0.98994,-0.98525,-0.97596,-0.95211,-0.84534,0.27815,0.94665,0.99208,0.99933,0.99971,0.99697,0.9906,0.97737,0.94845,0.87977,0.70617,0
0,0.44144,0.7091,0.90832,0.9892,-0.074884,-0.69672,-0.84329,-0.90315,-0.93463,-0.95343,-0.96556,-0.9738,-0.97962,-0.98386,-0.98703,-0.98944,-0.99131,-0.99278,-0.99396,-0.99491,-0.99568,-0.99632,-0.99686,-0.9973,-0.99768,-0.99801,-0.99828,-0.99852,-0.99873,-0.99891,-0.99907,-0.99921,-0.99934,-0.99945,-0.99954,-0.99963,-0.99971,-0.99977,-0.99983,-0.99988,-0.99992,-0.99995,-0.99998,-0.99999,-1,-1,-0.99998,-0.99996,-0.99992,-0.99987,-0.99981,-0.99973,-0.99963,-0.99951,-0.99936,-0.9992,-0.999,-0.99876,-0.99849,-0.99817,-0.99779,-0.99735,-0.99683,-0.99621,-0.99548,-0.9946,-0.99353,-0.99223,-0.99061,-0.98859,-0.98599,-0.98257,-0.97795,-0.97146,-0.96184,-0.94649,-0.91919,-0.86157,-0.69992,-0.088866,0.77764,0.97211,0.99959,0.99355,0.97066,0.92688,0.84757,0.70735,0.47447,0
0,0.24815,0.42573,0.71693,-0.55166,-0.69356,-0.77615,-0.8333,-0.874,-0.9034,-0.9249,-0.94085,-0.95283,-0.96196,-0.96901,-0.97452,-0.97887,-0.98235,-0.98516,-0.98745,-0.98933,-0.99089,-0.99219,-0.99329,-0.99422,-0.99501,-0.99569,-0.99628,-0.99679,-0.99724,-0.99763,-0.99798,-0.99828,-0.99856,-0.9988,-0.99901,-0.9992,-0.99937,-0.99951,-0.99964,-0.99974,-0.99983,-0.9999,-0.99996,-0.99999,-1,-0.99999,-0.99996,-0.9999,-0.99982,-0.99971,-0.99957,-0.99939,-0.99918,-0.99892,-0.99861,-0.99825,-0.99782,-0.99732,-0.99674,-0.99607,-0.99528,-0.99437,-0.9933,-0.99205,-0.99057,-0.98883,-0.98676,-0.98428,-0.98129,-0.97762,-0.97309,-0.96739,-0.9601,-0.95055,-0.93769,-0.91969,-0.89322,-0.85142,-0.77806,-0.62682,-0.24495,0.54315,0.96089,0.99515,0.93972,0.84469,0.71067,0.53413,0.31758,0
0,0.091043,-0.14136,-0.83305,-0.71004,-0.73093,-0.77101,-0.81059,-0.84502,-0.87358,-0.89675,-0.91537,-0.93031,-0.94229,-0.95195,-0.95977,-0.96614,-0.97135,-0.97565,-0.97922,-0.98219,-0.9847,-0.98681,-0.98861,-0.99015,-0.99147,-0.99261,-0.99361,-0.99448,-0.99524,-0.99591,-0.9965,-0.99703,-0.9975,-0.99792,-0.99829,-0.99861,-0.9989,-0.99916,-0.99937,-0.99956,-0.99971,-0.99984,-0.99992,-0.99998,-1,-0.99998,-0.99993,-0.99983,-0.99969,-0.99949,-0.99924,-0.99894,-0.99856,-0.99812,-0.99759,-0.99697,-0.99624,-0.9954,-0.99442,-0.99329,-0.99199,-0.99048,-0.98873,-0.98671,-0.98435,-0.98161,-0.97839,-0.97461,-0.97013,-0.96479,-0.95838,-0.95061,-0.94109,-0.92928,-0.91442,-0.89539,-0.87048,-0.83693,-0.7899,-0.71979,-0.60375,-0.37033,0.25398,0.98859,0.89668,0.7226,0.55338,0.3847,0.21469,0
0,-0.10754,-0.99541,-0.72427,-0.69143,-0.71302,-0.74719,-0.78261,-0.81537,-0.84419,-0.86885,-0.88964,-0.90702,-0.92148,-0.93351,-0.94351,-0.95185,-0.95882,-0.96467,-0.9696,-0.97378,-0.97732,-0.98035,-0.98296,-0.9852,-0.98714,-0.98884,-0.99032,-0.99161,-0.99276,-0.99377,-0.99467,-0.99547,-0.99618,-0.99682,-0.99738,-0.99788,-0.99833,-0.99871,-0.99905,-0.99933,-0.99957,-0.99975,-0.99989,-0.99997,-1,-0.99997,-0.99988,-0.99973,-0.99951,-0.99921,-0.99883,-0.99836,-0.99779,-0.99712,-0.99632,-0.99538,-0.9943,-0.99304,-0.99159,-0.98992,-0.98801,-0.98582,-0.9833,-0.98041,-0.97708,-0.97325,-0.96883,-0.96371,-0.95776,-0.95081,-0.94268,-0.93311,-0.92178,-0.90831,-0.89218,-0.87277,-0.84925,-0.82054,-0.78519,-0.74115,-0.68507,-0.61003,-0.49395,-0.16597,0.82559,0.53011,0.38319,0.26018,0.14388,0
0,-0.70231,-0.71551,-0.63787,-0.64884,-0.67992,-0.71597,-0.75171,-0.78495,-0.81481,-0.84105,-0.86378,-0.88331,-0.89997,-0.91415,-0.9262,-0.93643,-0.94513,-0.95254,-0.95888,-0.9643,-0.96896,-0.97298,-0.97646,-0.97948,-0.98212,-0.98443,-0.98646,-0.98826,-0.98984,-0.99125,-0.99251,-0.99363,-0.99463,-0.99552,-0.99631,-0.99702,-0.99764,-0.99819,-0.99866,-0.99907,-0.9994,-0.99966,-0.99985,-0.99996,-1,-0.99996,-0.99983,-0.99961,-0.9993,-0.99888,-0.99834,-0.99768,-0.99688,-0.99593,-0.99482,-0.99352,-0.99202,-0.99029,-0.98831,-0.98604,-0.98346,-0.98051,-0.97716,-0.97335,-0.969,-0.96405,-0.95841,-0.95197,-0.9446,-0.93617,-0.92649,-0.91537,-0.90257,-0.88783,-0.87083,-0.85124,-0.82872,-0.80293,-0.77362,-0.74077,-0.70485,-0.66761,-0.63451,-0.62769,-0.86402,0.12149,0.19016,0.15148,0.091084,0
0,-0.63966,-0.5413,-0.56329,-0.60076,-0.64138,-0.68141,-0.71921,-0.75396,-0.78533,-0.81326,-0.83785,-0.85934,-0.87802,-0.89418,-0.90813,-0.92017,-0.93055,-0.9395,-0.94724,-0.95394,-0.95975,-0.96481,-0.96922,-0.97308,-0.97647,-0.97946,-0.9821,-0.98444,-0.98652,-0.98838,-0.99003,-0.99151,-0.99284,-0.99403,-0.99508,-0.99603,-0.99686,-0.99759,-0.99822,-0.99876,-0.9992,-0.99955,-0.9998,-0.99995,-1,-0.99994,-0.99977,-0.99948,-0.99905,-0.99849,-0.99778,-0.9969,-0.99584,-0.99459,-0.99312,-0.99142,-0.98946,-0.98721,-0.98465,-0.98173,-0.97843,-0.97469,-0.97046,-0.96569,-0.96031,-0.95424,-0.9474,-0.93969,-0.93099,-0.92118,-0.91013,-0.89767,-0.88365,-0.86788,-0.8502,-0.83045,-0.80854,-0.78447,-0.75842,-0.73094,-0.70325,-0.67805,-0.66166,-0.67194,-0.7796,-0.84678,-0.069013,0.044898,0.047343,0
0,-0.35469,-0.43687,-0.49931,-0.55302,-0.60142,-0.64563,-0.68603,-0.72273,-0.75585,-0.78552,-0.8119,-0.83523,-0.85577,-0.87377,-0.88952,-0.90327,-0.91526,-0.92573,-0.93486,-0.94284,-0.94983,-0.95595,-0.96133,-0.96607,-0.97026,-0.97397,-0.97727,-0.9802,-0.98282,-0.98516,-0.98726,-0.98915,-0.99084,-0.99235,-0.9937,-0.99491,-0.99598,-0.99692,-0.99773,-0.99841,-0.99898,-0.99943,-0.99975,-0.99994,-1,-0.99992,-0.9997,-0.99932,-0.99878,-0.99806,-0.99714,-0.99603,-0.99468,-0.9931,-0.99125,-0.98911,-0.98665,-0.98385,-0.98067,-0.97707,-0.97301,-0.96845,-0.96333,-0.95759,-0.95118,-0.94401,-0.936,-0.92708,-0.91714,-0.90608,-0.8938,-0.88017,-0.86508,-0.84844,-0.83016,-0.8102,-0.78857,-0.76542,-0.74108,-0.71617,-0.69192,-0.67064,-0.65713,-0.66272,-0.72088,-0.93936,-0.50519,-0.081433,0.0057832,0
0,-0.25229,-0.36585,-0.44489,-0.50805,-0.56212,-0.60996,-0.65291,-0.69163,-0.72654,-0.75791,-0.78601,-0.81108,-0.83335,-0.85308,-0.87051,-0.88589,-0.89944,-0.91136,-0.92187,-0.93112,-0.93929,-0.94649,-0.95287,-0.95853,-0.96355,-0.96802,-0.97201,-0.97558,-0.97877,-0.98164,-0.98422,-0.98654,-0.98863,-0.9905,-0.99218,-0.99367,-0.995,-0.99617,-0.99717,-0.99803,-0.99874,-0.99929,-0.99969,-0.99993,-1,-0.9999,-0.99962,-0.99915,-0.99848,-0.99759,-0.99646,-0.99508,-0.99343,-0.99149,-0.98922,-0.98662,-0.98364,-0.98026,-0.97643,-0.97213,-0.9673,-0.9619,-0.95588,-0.94918,-0.94175,-0.93351,-0.9244,-0.91433,-0.90324,-0.89103,-0.87763,-0.86296,-0.84694,-0.82951,-0.81066,-0.79039,-0.76879,-0.74602,-0.72242,-0.69857,-0.67548,-0.6549,-0.64015,-0.63829,-0.66714,-0.7836,-0.98433,-0.27687,-0.041485,0
0,-0.19828,-0.31395,-0.39875,-0.46684,-0.52463,-0.57527,-0.62041,-0.66099,-0.69758,-0.73058,-0.76029,-0.78697,-0.81086,-0.8322,-0.85123,-0.86815,-0.88318,-0.89652,-0.90837,-0.91888,-0.92822,-0.93652,-0.94391,-0.95049,-0.95637,-0.96164,-0.96635,-0.97059,-0.9744,-0.97783,-0.98092,-0.98371,-0.98622,-0.98848,-0.99051,-0.99232,-0.99393,-0.99534,-0.99657,-0.99761,-0.99846,-0.99914,-0.99962,-0.99991,-1,-0.99988,-0.99954,-0.99897,-0.99816,-0.99708,-0.99573,-0.99407,-0.9921,-0.98977,-0.98708,-0.98399,-0.98047,-0.97648,-0.972,-0.96697,-0.96137,-0.95513,-0.94822,-0.94058,-0.93216,-0.92289,-0.91272,-0.90158,-0.88942,-0.87615,-0.86174,-0.84611,-0.82924,-0.81109,-0.79167,-0.77102,-0.74922,-0.72646,-0.70302,-0.67936,-0.65625,-0.63491,-0.61755,-0.60844,-0.61726,-0.67143,-0.86803,-0.67322,-0.10969,0
0,-0.1641,-0.27426,-0.35959,-0.42965,-0.48954,-0.54209,-0.58894,-0.6311,-0.66919,-0.70366,-0.73485,-0.76302,-0.78841,-0.81125,-0.83176,-0.85014,-0.86659,-0.8813,-0.89445,-0.90619,-0.91669,-0.92608,-0.93449,-0.94202,-0.94879,-0.95486,-0.96033,-0.96526,-0.96971,-0.97373,-0.97737,-0.98065,-0.98362,-0.98629,-0.9887,-0.99085,-0.99277,-0.99445,-0.99591,-0.99715,-0.99817,-0.99897,-0.99954,-0.99989,-1,-0.99986,-0.99946,-0.99879,-0.99783,-0.99656,-0.99496,-0.99302,-0.9907,-0.98799,-0.98485,-0.98126,-0.97718,-0.97258,-0.96743,-0.96168,-0.95529,-0.94823,-0.94044,-0.93188,-0.9225,-0.91226,-0.90108,-0.88894,-0.87577,-0.86154,-0.84619,-0.8297,-0.81203,-0.7932,-0.7732,-0.75209,-0.72996,-0.70695,-0.68329,-0.65932,-0.63556,-0.61283,-0.5925,-0.57699,-0.57139,-0.58839,-0.67126,-0.97996,-0.24816,0
0,-0.14018,-0.24293,-0.32623,-0.39636,-0.45709,-0.51075,-0.5588,-0.60218,-0.64153,-0.67729,-0.70979,-0.73931,-0.76607,-0.79031,-0.8122,-0.83196,-0.84975,-0.86577,-0.88018,-0.89313,-0.90477,-0.91525,-0.92467,-0.93316,-0.94081,-0.94772,-0.95397,-0.95962,-0.96473,-0.96937,-0.97357,-0.97738,-0.98083,-0.98395,-0.98675,-0.98927,-0.99151,-0.99348,-0.99519,-0.99664,-0.99784,-0.99878,-0.99946,-0.99987,-1,-0.99984,-0.99938,-0.9986,-0.99749,-0.99602,-0.99418,-0.99193,-0.98927,-0.98615,-0.98256,-0.97846,-0.97381,-0.9686,-0.96277,-0.9563,-0.94915,-0.94127,-0.93263,-0.92318,-0.91289,-0.9017,-0.88959,-0.8765,-0.8624,-0.84726,-0.83105,-0.81375,-0.79535,-0.77585,-0.75527,-0.73366,-0.71109,-0.68766,-0.66355,-0.63898,-0.61428,-0.58993,-0.56669,-0.54581,-0.52964,-0.52349,-0.54276,-0.65974,-0.73146,0
0,-0.12239,-0.2176,-0.29767,-0.36666,-0.4273,-0.48139,-0.53016,-0.57441,-0.61475,-0.65158,-0.68522,-0.71593,-0.74394,-0.76944,-0.79262,-0.81367,-0.83274,-0.85,-0.86562,-0.87974,-0.89251,-0.90405,-0.91449,-0.92394,-0.93249,-0.94025,-0.94728,-0.95367,-0.95947,-0.96475,-0.96955,-0.9739,-0.97786,-0.98144,-0.98467,-0.98757,-0.99015,-0.99243,-0.99441,-0.99609,-0.99748,-0.99857,-0.99936,-0.99984,-1,-0.99983,-0.9993,-0.99842,-0.99715,-0.99548,-0.99338,-0.99083,-0.98781,-0.98429,-0.98023,-0.97562,-0.97041,-0.96457,-0.95808,-0.9509,-0.94299,-0.93432,-0.92486,-0.91455,-0.90338,-0.89131,-0.87831,-0.86434,-0.84937,-0.83339,-0.81638,-0.79833,-0.77922,-0.75908,-0.73792,-0.71578,-0.6927,-0.66876,-0.64407,-0.61876,-0.59299,-0.56702,-0.54115,-0.51587,-0.49197,-0.47102,-0.45686,-0.46392,-0.63543,0
0,-0.10857,-0.19672,-0.27305,-0.3402,-0.40008,-0.45406,-0.5031,-0.5479,-0.58894,-0.62662,-0.66122,-0.69297,-0.72208,-0.74873,-0.7731,-0.79533,-0.8156,-0.83405,-0.85083,-0.86609,-0.87995,-0.89254,-0.90398,-0.91438,-0.92384,-0.93245,-0.94029,-0.94743,-0.95394,-0.95988,-0.96529,-0.97022,-0.9747,-0.97877,-0.98245,-0.98575,-0.9887,-0.9913,-0.99356,-0.99549,-0.99708,-0.99834,-0.99925,-0.99981,-1,-0.99981,-0.99923,-0.99824,-0.99682,-0.99494,-0.99259,-0.98974,-0.98635,-0.98242,-0.9779,-0.97277,-0.967,-0.96056,-0.95341,-0.94553,-0.93689,-0.92745,-0.91719,-0.90607,-0.89406,-0.88115,-0.86731,-0.85251,-0.83674,-0.81998,-0.80222,-0.78346,-0.76369,-0.74293,-0.7212,-0.6985,-0.67489,-0.65039,-0.62506,-0.59896,-0.57212,-0.54462,-0.51648,-0.48771,-0.4582,-0.4277,-0.3955,-0.35993,-0.31932,0
0,-0.097507,-0.17925,-0.2517,-0.3166,-0.37527,-0.4287,-0.47766,-0.52268,-0.56419,-0.6025,-0.63787,-0.67049,-0.70057,-0.72824,-0.75367,-0.77701,-0.7984,-0.81797,-0.83586,-0.8522,-0.86712,-0.88074,-0.89317,-0.90452,-0.91488,-0.92435,-0.933,-0.94091,-0.94815,-0.95476,-0.96081,-0.96633,-0.97136,-0.97593,-0.98008,-0.9838,-0.98714,-0.99008,-0.99265,-0.99484,-0.99665,-0.99808,-0.99912,-0.99977,-1,-0.99981,-0.99917,-0.99808,-0.9965,-0.99442,-0.99181,-0.98865,-0.98491,-0.98057,-0.97559,-0.96995,-0.96363,-0.95659,-0.9488,-0.94024,-0.93088,-0.9207,-0.90968,-0.89778,-0.88499,-0.87128,-0.85665,-0.84108,-0.82455,-0.80706,-0.7886,-0.76917,-0.74878,-0.72743,-0.70513,-0.6819,-0.65774,-0.63267,-0.60669,-0.57979,-0.55196,-0.5231,-0.49307,-0.46158,-0.42807,-0.39143,-0.34937,-0.29642,-0.2169,0
0,-0.088435,-0.16441,-0.23306,-0.2955,-0.35265,-0.40524,-0.45381,-0.49879,-0.54052,-0.57925,-0.61521,-0.64855,-0.67944,-0.70802,-0.73441,-0.75876,-0.78117,-0.80179,-0.82073,-0.83812,-0.85406,-0.86869,-0.88209,-0.89437,-0.90564,-0.91596,-0.92544,-0.93412,-0.94209,-0.9494,-0.9561,-0.96223,-0.96783,-0.97293,-0.97756,-0.98173,-0.98546,-0.98877,-0.99166,-0.99412,-0.99617,-0.99779,-0.99897,-0.99971,-1,-0.99981,-0.99913,-0.99793,-0.99621,-0.99393,-0.99107,-0.9876,-0.98351,-0.97876,-0.97333,-0.96719,-0.96032,-0.95269,-0.94428,-0.93507,-0.92502,-0.91413,-0.90238,-0.88974,-0.8762,-0.86175,-0.84638,-0.83008,-0.81284,-0.79467,-0.77556,-0.75551,-0.73453,-0.71262,-0.68978,-0.66601,-0.64131,-0.61568,-0.58907,-0.56144,-0.5327,-0.50268,-0.47112,-0.43757,-0.40125,-0.36075,-0.31338,-0.25347,-0.1672,0
0,-0.080853,-0.15167,-0.21667,-0.27658,-0.33204,-0.38354,-0.43148,-0.4762,-0.51794,-0.55691,-0.59328,-0.62719,-0.65876,-0.68811,-0.71535,-0.74061,-0.76397,-0.78557,-0.8055,-0.82388,-0.84081,-0.8564,-0.87075,-0.88396,-0.89611,-0.9073,-0.91759,-0.92707,-0.93578,-0.9438,-0.95116,-0.95792,-0.9641,-0.96975,-0.97488,-0.97952,-0.98367,-0.98736,-0.99058,-0.99334,-0.99564,-0.99746,-0.9988,-0.99965,-0.99999,-0.99981,-0.99909,-0.99781,-0.99594,-0.99347,-0.99036,-0.9866,-0.98216,-0.97701,-0.97114,-0.96451,-0.95711,-0.94891,-0.9399,-0.93005,-0.91935,-0.90778,-0.89532,-0.88198,-0.86774,-0.85258,-0.83652,-0.81954,-0.80165,-0.78284,-0.76312,-0.74249,-0.72095,-0.6985,-0.67515,-0.65087,-0.62567,-0.59949,-0.5723,-0.544,-0.51447,-0.48349,-0.45072,-0.41566,-0.37743,-0.33458,-0.28455,-0.22239,-0.1376,0
0,-0.074416,-0.14061,-0.20217,-0.25957,-0.31322,-0.36347,-0.41062,-0.45488,-0.49645,-0.53549,-0.57211,-0.60643,-0.63854,-0.66855,-0.69654,-0.7226,-0.74683,-0.76933,-0.79018,-0.8095,-0.82738,-0.8439,-0.85918,-0.87329,-0.88633,-0.89836,-0.90948,-0.91974,-0.92921,-0.93794,-0.94599,-0.95338,-0.96017,-0.96638,-0.97204,-0.97716,-0.98176,-0.98584,-0.98942,-0.99249,-0.99505,-0.99709,-0.9986,-0.99957,-0.99998,-0.99983,-0.99907,-0.99771,-0.99571,-0.99305,-0.9897,-0.98565,-0.98088,-0.97534,-0.96904,-0.96194,-0.95402,-0.94528,-0.93568,-0.92522,-0.91388,-0.90167,-0.88855,-0.87454,-0.85963,-0.84382,-0.82711,-0.80949,-0.79098,-0.77158,-0.75129,-0.73011,-0.70806,-0.68511,-0.66127,-0.63652,-0.61083,-0.58416,-0.55644,-0.52756,-0.49735,-0.46559,-0.43191,-0.39576,-0.35629,-0.31214,-0.261,-0.19881,-0.11784,0
0,-0.068879,-0.13093,-0.18927,-0.2442,-0.29601,-0.34491,-0.39112,-0.43478,-0.47603,-0.51497,-0.5517,-0.58629,-0.61882,-0.64937,-0.67799,-0.70477,-0.72978,-0.7531,-0.77482,-0.79502,-0.81379,-0.83122,-0.84738,-0.86238,-0.87628,-0.88916,-0.9011,-0.91215,-0.92238,-0.93184,-0.94057,-0.94863,-0.95604,-0.96283,-0.96902,-0.97464,-0.9797,-0.9842,-0.98815,-0.99155,-0.99439,-0.99667,-0.99836,-0.99947,-0.99997,-0.99985,-0.99908,-0.99764,-0.99551,-0.99268,-0.98911,-0.98478,-0.97968,-0.97377,-0.96705,-0.95949,-0.95108,-0.9418,-0.93164,-0.9206,-0.90866,-0.89583,-0.88209,-0.86745,-0.85191,-0.83548,-0.81816,-0.79995,-0.78086,-0.76091,-0.74009,-0.7184,-0.69586,-0.67245,-0.64816,-0.62297,-0.59684,-0.56972,-0.54152,-0.51213,-0.48138,-0.449,-0.41464,-0.37776,-0.33756,-0.29278,-0.24147,-0.18033,-0.10365,0
0,-0.064061,-0.12237,-0.17771,-0.23027,-0.28022,-0.32772,-0.37288,-0.41582,-0.45662,-0.49534,-0.53204,-0.56679,-0.59962,-0.63058,-0.65973,-0.68713,-0.71283,-0.7369,-0.75942,-0.78045,-0.80006,-0.81835,-0.83538,-0.85124,-0.86598,-0.8797,-0.89245,-0.90429,-0.91528,-0.92547,-0.93491,-0.94364,-0.95168,-0.95907,-0.96582,-0.97196,-0.9775,-0.98244,-0.98678,-0.99052,-0.99366,-0.99619,-0.99809,-0.99935,-0.99995,-0.99987,-0.9991,-0.9976,-0.99537,-0.99237,-0.98858,-0.98399,-0.97857,-0.97231,-0.96518,-0.95718,-0.9483,-0.93851,-0.92782,-0.91622,-0.90371,-0.89028,-0.87595,-0.86072,-0.84459,-0.82757,-0.80968,-0.79092,-0.7713,-0.75082,-0.72951,-0.70735,-0.68436,-0.66052,-0.63581,-0.61021,-0.58368,-0.55616,-0.52756,-0.49775,-0.46654,-0.4337,-0.39887,-0.36152,-0.32094,-0.27601,-0.22507,-0.16549,-0.092971,0
0,-0.059826,-0.11476,-0.16731,-0.21759,-0.26571,-0.31176,-0.35582,-0.39795,-0.43818,-0.47657,-0.51313,-0.54791,-0.58093,-0.61221,-0.64179,-0.66971,-0.69602,-0.72077,-0.74401,-0.7658,-0.78622,-0.80532,-0.82318,-0.83987,-0.85544,-0.86998,-0.88353,-0.89616,-0.90791,-0.91884,-0.92899,-0.9384,-0.94709,-0.95509,-0.96242,-0.9691,-0.97513,-0.98053,-0.98528,-0.98939,-0.99285,-0.99565,-0.99777,-0.9992,-0.99991,-0.9999,-0.99914,-0.9976,-0.99527,-0.99212,-0.98813,-0.98329,-0.97757,-0.97097,-0.96346,-0.95504,-0.94569,-0.93542,-0.92422,-0.91208,-0.89903,-0.88505,-0.87015,-0.85436,-0.83767,-0.82011,-0.80168,-0.7824,-0.76228,-0.74133,-0.71955,-0.69696,-0.67355,-0.64931,-0.62422,-0.59825,-0.57137,-0.5435,-0.51454,-0.48438,-0.45283,-0.41965,-0.3845,-0.3469,-0.3062,-0.26143,-0.21118,-0.15335,-0.08465,0
0,-0.05607,-0.10793,-0.15789,-0.206,-0.25233,-0.29693,-0.33984,-0.38108,-0.42067,-0.45862,-0.49495,-0.52966,-0.56275,-0.59425,-0.62417,-0.65253,-0.67936,-0.7047,-0.7286,-0.7511,-0.77226,-0.79214,-0.81079,-0.82828,-0.84466,-0.85999,-0.87434,-0.88775,-0.90027,-0.91194,-0.92281,-0.9329,-0.94225,-0.95088,-0.95881,-0.96604,-0.97259,-0.97846,-0.98365,-0.98815,-0.99195,-0.99503,-0.99739,-0.99901,-0.99986,-0.99993,-0.9992,-0.99763,-0.99522,-0.99194,-0.98777,-0.98269,-0.97669,-0.96976,-0.96189,-0.95306,-0.94328,-0.93254,-0.92085,-0.90821,-0.89463,-0.88013,-0.8647,-0.84838,-0.83117,-0.81309,-0.79416,-0.77439,-0.7538,-0.7324,-0.7102,-0.68721,-0.66341,-0.6388,-0.61337,-0.58708,-0.55988,-0.5317,-0.50245,-0.47201,-0.4402,-0.40678,-0.37145,-0.33376,-0.29312,-0.2487,-0.19932,-0.14327,-0.078003,0
0,-0.052712,-0.10178,-0.14932,-0.19537,-0.23996,-0.28312,-0.32484,-0.36515,-0.40402,-0.44147,-0.47746,-0.51201,-0.54509,-0.57671,-0.60687,-0.63558,-0.66286,-0.68872,-0.71321,-0.73636,-0.75821,-0.77881,-0.79821,-0.81647,-0.83363,-0.84975,-0.86487,-0.87905,-0.89233,-0.90475,-0.91634,-0.92713,-0.93716,-0.94643,-0.95497,-0.96278,-0.96986,-0.97623,-0.98187,-0.98678,-0.99094,-0.99433,-0.99696,-0.99878,-0.99979,-0.99996,-0.99927,-0.9977,-0.99522,-0.99183,-0.98749,-0.98219,-0.97593,-0.96869,-0.96047,-0.95126,-0.94106,-0.92988,-0.91773,-0.90461,-0.89053,-0.87553,-0.8596,-0.84277,-0.82507,-0.80651,-0.7871,-0.76688,-0.74586,-0.72404,-0.70145,-0.67808,-0.65393,-0.62899,-0.60324,-0.57666,-0.54918,-0.52074,-0.49125,-0.46059,-0.42859,-0.39503,-0.35961,-0.32194,-0.2815,-0.23756,-0.18913,-0.1348,-0.072592,0
0,-0.049687,-0.09619,-0.14148,-0.18558,-0.22849,-0.27021,-0.31075,-0.35008,-0.38819,-0.42505,-0.46065,-0.49495,-0.52793,-0.55959,-0.58991,-0.61889,-0.64653,-0.67284,-0.69785,-0.72158,-0.74407,-0.76534,-0.78546,-0.80444,-0.82235,-0.83923,-0.85512,-0.87006,-0.8841,-0.89726,-0.90958,-0.92108,-0.93179,-0.94172,-0.95088,-0.95928,-0.96693,-0.97381,-0.97993,-0.98526,-0.98981,-0.99354,-0.99645,-0.99851,-0.99969,-0.99999,-0.99936,-0.9978,-0.99528,-0.99179,-0.9873,-0.98181,-0.9753,-0.96777,-0.95922,-0.94965,-0.93905,-0.92745,-0.91485,-0.90127,-0.88673,-0.87124,-0.85484,-0.83754,-0.81937,-0.80035,-0.78051,-0.75986,-0.73843,-0.71623,-0.69326,-0.66955,-0.64508,-0.61984,-0.59381,-0.56696,-0.53924,-0.51059,-0.4809,-0.45008,-0.41795,-0.3843,-0.34888,-0.31133,-0.27117,-0.22778,-0.18032,-0.12763,-0.06812,0
0,-0.046946,-0.091089,-0.13428,-0.17652,-0.21781,-0.25814,-0.29748,-0.33582,-0.37312,-0.40935,-0.44447,-0.47845,-0.51126,-0.54288,-0.57328,-0.60244,-0.63037,-0.65706,-0.68252,-0.70678,-0.72984,-0.75174,-0.77252,-0.79221,-0.81084,-0.82845,-0.84508,-0.86078,-0.87556,-0.88946,-0.90251,-0.91472,-0.92612,-0.93672,-0.94653,-0.95554,-0.96376,-0.97119,-0.9778,-0.98359,-0.98855,-0.99264,-0.99586,-0.99817,-0.99956,-1,-0.99947,-0.99794,-0.9954,-0.99183,-0.98721,-0.98154,-0.9748,-0.96701,-0.95814,-0.94822,-0.93725,-0.92525,-0.91222,-0.89821,-0.88322,-0.86728,-0.85042,-0.83267,-0.81406,-0.79461,-0.77435,-0.7533,-0.73149,-0.70893,-0.68563,-0.66159,-0.63682,-0.61131,-0.58503,-0.55795,-0.53003,-0.50119,-0.47135,-0.44041,-0.4082,-0.37454,-0.33918,-0.30179,-0.26197,-0.21917,-0.17267,-0.1215,-0.064379,0
0,-0.044445,-0.086409,-0.12763,-0.16811,-0.20784,-0.2468,-0.28496,-0.32229,-0.35875,-0.3943,-0.42889,-0.4625,-0.49507,-0.52657,-0.55697,-0.58625,-0.61439,-0.64139,-0.66724,-0.69195,-0.71553,-0.73801,-0.75941,-0.77975,-0.79907,-0.81739,-0.83475,-0.85118,-0.86669,-0.88133,-0.89511,-0.90804,-0.92015,-0.93143,-0.94189,-0.95154,-0.96036,-0.96834,-0.97548,-0.98175,-0.98714,-0.99162,-0.99518,-0.99777,-0.99939,-1,-0.99958,-0.99811,-0.99556,-0.99194,-0.98721,-0.98138,-0.97444,-0.96639,-0.95723,-0.94698,-0.93566,-0.92327,-0.90984,-0.89541,-0.87999,-0.86362,-0.84633,-0.82815,-0.80912,-0.78926,-0.76861,-0.74719,-0.72502,-0.70212,-0.6785,-0.65417,-0.62913,-0.60337,-0.57687,-0.54959,-0.52149,-0.4925,-0.46255,-0.43152,-0.39928,-0.36564,-0.33039,-0.29322,-0.25378,-0.21157,-0.16599,-0.11623,-0.06122,0
0,-0.04215,-0.082094,-0.12147,-0.16028,-0.19851,-0.23614,-0.27312,-0.30944,-0.34503,-0.37987,-0.41389,-0.44706,-0.47932,-0.51064,-0.54098,-0.5703,-0.59859,-0.62582,-0.652,-0.6771,-0.70115,-0.72416,-0.74613,-0.76708,-0.78705,-0.80605,-0.82411,-0.84125,-0.8575,-0.87286,-0.88737,-0.90102,-0.91384,-0.92581,-0.93695,-0.94724,-0.95668,-0.96525,-0.97294,-0.97972,-0.98557,-0.99047,-0.99438,-0.99729,-0.99916,-0.99997,-0.99969,-0.9983,-0.99578,-0.99212,-0.98731,-0.98134,-0.97421,-0.96593,-0.9565,-0.94594,-0.93427,-0.92152,-0.90771,-0.89287,-0.87704,-0.86026,-0.84256,-0.82397,-0.80454,-0.78429,-0.76327,-0.74149,-0.71898,-0.69577,-0.67186,-0.64726,-0.62197,-0.59599,-0.56929,-0.54183,-0.51358,-0.48448,-0.45444,-0.42337,-0.39112,-0.35755,-0.32243,-0.28551,-0.24645,-0.20484,-0.16014,-0.11167,-0.058529,0
0,-0.040034,-0.078096,-0.11574,-0.15297,-0.18975,-0.22608,-0.26191,-0.2972,-0.33192,-0.36601,-0.39943,-0.43211,-0.46401,-0.49509,-0.5253,-0.5546,-0.58297,-0.61037,-0.6368,-0.66225,-0.6867,-0.71017,-0.73267,-0.7542,-0.77478,-0.79443,-0.81316,-0.831,-0.84795,-0.86404,-0.87926,-0.89364,-0.90717,-0.91985,-0.93167,-0.94263,-0.95271,-0.9619,-0.97016,-0.97748,-0.98382,-0.98916,-0.99347,-0.99672,-0.99887,-0.99991,-0.99979,-0.99851,-0.99605,-0.99238,-0.9875,-0.98141,-0.97411,-0.96561,-0.95593,-0.94508,-0.93308,-0.91998,-0.9058,-0.89058,-0.87436,-0.85718,-0.83908,-0.8201,-0.80029,-0.77967,-0.75829,-0.73618,-0.71336,-0.68985,-0.66567,-0.64082,-0.61531,-0.58912,-0.56224,-0.53463,-0.50626,-0.47707,-0.44697,-0.41587,-0.38366,-0.35017,-0.31521,-0.27855,-0.2399,-0.19887,-0.155,-0.1077,-0.05622,0
0,-0.038073,-0.074377,-0.11039,-0.1461,-0.1815,-0.21657,-0.25126,-0.28555,-0.31937,-0.3527,-0.38547,-0.41762,-0.44912,-0.4799,-0.50992,-0.53914,-0.56752,-0.59503,-0.62166,-0.64738,-0.67218,-0.69607,-0.71903,-0.74109,-0.76224,-0.78251,-0.80188,-0.82039,-0.83804,-0.85483,-0.87078,-0.88588,-0.90013,-0.91352,-0.92605,-0.93769,-0.94843,-0.95825,-0.96711,-0.975,-0.98186,-0.98768,-0.99242,-0.99604,-0.99851,-0.9998,-0.99989,-0.99874,-0.99635,-0.9927,-0.98778,-0.9816,-0.97415,-0.96545,-0.95553,-0.9444,-0.9321,-0.91866,-0.90412,-0.88853,-0.87193,-0.85436,-0.83588,-0.81653,-0.79635,-0.77538,-0.75366,-0.73123,-0.70811,-0.68432,-0.65988,-0.63481,-0.60909,-0.58272,-0.55568,-0.52795,-0.49947,-0.47021,-0.44007,-0.40898,-0.37682,-0.34343,-0.30866,-0.27227,-0.23401,-0.19354,-0.15045,-0.10422,-0.054225,0
0,-0.036248,-0.070903,-0.10537,-0.13964,-0.17371,-0.20755,-0.24113,-0.27441,-0.30735,-0.33989,-0.37198,-0.40358,-0.43462,-0.46505,-0.49483,-0.5239,-0.55224,-0.5798,-0.60656,-0.63249,-0.65759,-0.68183,-0.70523,-0.72776,-0.74945,-0.77028,-0.79027,-0.80943,-0.82775,-0.84524,-0.86189,-0.87771,-0.89268,-0.9068,-0.92004,-0.93238,-0.94381,-0.95429,-0.96378,-0.97226,-0.97968,-0.98601,-0.99121,-0.99524,-0.99806,-0.99964,-0.99996,-0.99898,-0.9967,-0.99309,-0.98815,-0.98189,-0.97431,-0.96544,-0.95529,-0.9439,-0.9313,-0.91754,-0.90265,-0.8867,-0.86974,-0.8518,-0.83295,-0.81323,-0.79269,-0.77139,-0.74935,-0.72661,-0.7032,-0.67915,-0.65448,-0.62918,-0.60327,-0.57674,-0.54957,-0.52172,-0.49317,-0.46385,-0.4337,-0.40263,-0.37053,-0.33728,-0.30269,-0.26659,-0.22871,-0.18878,-0.14641,-0.10117,-0.052491,0
0,-0.034542,-0.067646,-0.10065,-0.13355,-0.16634,-0.19899,-0.23148,-0.26376,-0.2958,-0.32754,-0.35894,-0.38994,-0.42049,-0.45053,-0.48002,-0.5089,-0.53713,-0.56468,-0.59151,-0.6176,-0.64293,-0.66748,-0.69124,-0.71421,-0.73638,-0.75775,-0.77832,-0.79809,-0.81706,-0.83523,-0.85258,-0.86911,-0.88481,-0.89965,-0.91362,-0.92668,-0.93882,-0.94998,-0.96013,-0.96924,-0.97725,-0.98413,-0.98982,-0.9943,-0.99751,-0.99942,-1,-0.99922,-0.99707,-0.99353,-0.9886,-0.98229,-0.9746,-0.96556,-0.95521,-0.94356,-0.93068,-0.91661,-0.90139,-0.88509,-0.86776,-0.84946,-0.83025,-0.81018,-0.7893,-0.76766,-0.74531,-0.72228,-0.6986,-0.6743,-0.6494,-0.62391,-0.59783,-0.57115,-0.54385,-0.51592,-0.4873,-0.45795,-0.4278,-0.39677,-0.36476,-0.33163,-0.29725,-0.26142,-0.22393,-0.1845,-0.14281,-0.098464,-0.050974,0
0,-0.03294,-0.064581,-0.096195,-0.12778,-0.15934,-0.19084,-0.22225,-0.25355,-0.2847,-0.31564,-0.34632,-0.3767,-0.40672,-0.43633,-0.46548,-0.49411,-0.52219,-0.54967,-0.57652,-0.6027,-0.62821,-0.653,-0.67708,-0.70043,-0.72304,-0.7449,-0.76602,-0.78637,-0.80597,-0.82479,-0.84283,-0.86006,-0.87648,-0.89206,-0.90676,-0.92056,-0.93342,-0.94529,-0.95614,-0.9659,-0.97454,-0.982,-0.98824,-0.99319,-0.99683,-0.99911,-0.99999,-0.99945,-0.99746,-0.99402,-0.98913,-0.98278,-0.97501,-0.96582,-0.95527,-0.9434,-0.93024,-0.91586,-0.90032,-0.88367,-0.86599,-0.84734,-0.82777,-0.80735,-0.78614,-0.76418,-0.74152,-0.71821,-0.69427,-0.66974,-0.64463,-0.61895,-0.59271,-0.5659,-0.5385,-0.51048,-0.48182,-0.45245,-0.42232,-0.39134,-0.35942,-0.32644,-0.29227,-0.25672,-0.21959,-0.18065,-0.13959,-0.096062,-0.04964,0
0,-0.031432,-0.061688,-0.091981,-0.12231,-0.15268,-0.18306,-0.21343,-0.24376,-0.27401,-0.30414,-0.3341,-0.36383,-0.3933,-0.42244,-0.4512,-0.47954,-0.5074,-0.53476,-0.56157,-0.5878,-0.61342,-0.6384,-0.66275,-0.68642,-0.70942,-0.73174,-0.75335,-0.77426,-0.79445,-0.8139,-0.83261,-0.85054,-0.86767,-0.88398,-0.89943,-0.91398,-0.92759,-0.9402,-0.95176,-0.96222,-0.97152,-0.97961,-0.98642,-0.99191,-0.99602,-0.9987,-0.99992,-0.99965,-0.99787,-0.99456,-0.98972,-0.98337,-0.97553,-0.96622,-0.95549,-0.94338,-0.92996,-0.91528,-0.89942,-0.88244,-0.86441,-0.8454,-0.82548,-0.80472,-0.78318,-0.76091,-0.73796,-0.71437,-0.69018,-0.66542,-0.64011,-0.61426,-0.58788,-0.56094,-0.53345,-0.50537,-0.47667,-0.4473,-0.4172,-0.38629,-0.35448,-0.32165,-0.28768,-0.25241,-0.21564,-0.17716,-0.13669,-0.093915,-0.048458,0
0,-0.030007,-0.05895,-0.087983,-0.11711,-0.14633,-0.17562,-0.20497,-0.23435,-0.26371,-0.29302,-0.32224,-0.35131,-0.38019,-0.40883,-0.43717,-0.46517,-0.49278,-0.51996,-0.54667,-0.57288,-0.59856,-0.62369,-0.64823,-0.67219,-0.69553,-0.71824,-0.74031,-0.76173,-0.78248,-0.80254,-0.8219,-0.84051,-0.85836,-0.8754,-0.8916,-0.90691,-0.92128,-0.93465,-0.94697,-0.95816,-0.96817,-0.97692,-0.98436,-0.99042,-0.99504,-0.99818,-0.99978,-0.99982,-0.99828,-0.99513,-0.99038,-0.98405,-0.97616,-0.96673,-0.95583,-0.94351,-0.92983,-0.91486,-0.89868,-0.88136,-0.86299,-0.84363,-0.82337,-0.80227,-0.7804,-0.75782,-0.73458,-0.71072,-0.6863,-0.66132,-0.63582,-0.60981,-0.58329,-0.55625,-0.52868,-0.50055,-0.47183,-0.44247,-0.41241,-0.38157,-0.34987,-0.31721,-0.28345,-0.24845,-0.21202,-0.17398,-0.13406,-0.091984,-0.047406,0
0,-0.028657,-0.056351,-0.084181,-0.11215,-0.14027,-0.16851,-0.19686,-0.22529,-0.25377,-0.28227,-0.31074,-0.33913,-0.3674,-0.3955,-0.42338,-0.451,-0.47831,-0.50526,-0.53182,-0.55796,-0.58365,-0.60885,-0.63355,-0.65772,-0.68135,-0.70441,-0.7269,-0.74879,-0.77007,-0.7907,-0.81067,-0.82995,-0.8485,-0.86627,-0.88323,-0.89931,-0.91447,-0.92863,-0.94172,-0.95368,-0.96443,-0.9739,-0.98201,-0.98869,-0.99388,-0.99751,-0.99955,-0.99994,-0.99867,-0.99572,-0.9911,-0.98481,-0.97689,-0.96737,-0.95631,-0.94378,-0.92985,-0.91459,-0.89809,-0.88044,-0.86171,-0.84201,-0.8214,-0.79996,-0.77776,-0.75488,-0.73135,-0.70724,-0.68257,-0.65739,-0.63171,-0.60555,-0.5789,-0.55177,-0.52413,-0.49597,-0.46724,-0.4379,-0.40789,-0.37714,-0.34557,-0.31306,-0.27952,-0.24478,-0.2087,-0.17107,-0.13167,-0.090236,-0.046463,0
0,-0.027375,-0.053879,-0.080558,-0.10742,-0.13446,-0.16168,-0.18905,-0.21656,-0.24417,-0.27185,-0.29956,-0.32726,-0.3549,-0.38244,-0.40983,-0.43703,-0.46399,-0.49067,-0.51703,-0.54304,-0.56867,-0.5939,-0.61869,-0.64302,-0.66688,-0.69025,-0.7131,-0.73542,-0.75718,-0.77835,-0.79892,-0.81884,-0.83807,-0.85657,-0.87428,-0.89115,-0.9071,-0.92207,-0.93598,-0.94874,-0.96028,-0.97051,-0.97934,-0.98669,-0.9925,-0.99669,-0.9992,-1,-0.99905,-0.99634,-0.99186,-0.98564,-0.97771,-0.96811,-0.95691,-0.94418,-0.93,-0.91445,-0.89763,-0.87964,-0.86056,-0.8405,-0.81954,-0.79777,-0.77525,-0.75205,-0.72825,-0.70388,-0.67899,-0.6536,-0.62775,-0.60145,-0.57469,-0.54747,-0.51978,-0.49159,-0.46286,-0.43356,-0.40361,-0.37296,-0.34151,-0.30918,-0.27584,-0.24137,-0.20561,-0.16838,-0.12948,-0.088644,-0.045611,0
0,-0.026154,-0.051523,-0.077098,-0.10289,-0.1289,-0.15513,-0.18155,-0.20814,-0.23489,-0.26176,-0.28871,-0.3157,-0.34269,-0.36964,-0.39651,-0.42325,-0.44982,-0.47618,-0.50229,-0.52813,-0.55365,-0.57884,-0.60366,-0.6281,-0.65214,-0.67575,-0.69891,-0.7216,-0.74381,-0.76548,-0.78661,-0.80714,-0.82704,-0.84625,-0.86472,-0.88237,-0.89914,-0.91494,-0.92969,-0.9433,-0.95567,-0.9667,-0.97631,-0.98439,-0.99087,-0.99567,-0.99872,-0.99997,-0.99938,-0.99695,-0.99266,-0.98654,-0.97862,-0.96896,-0.95763,-0.9447,-0.93026,-0.91443,-0.89729,-0.87895,-0.85952,-0.8391,-0.81779,-0.79566,-0.77282,-0.74932,-0.72524,-0.70061,-0.6755,-0.64992,-0.62391,-0.59747,-0.57061,-0.54332,-0.51558,-0.48738,-0.45867,-0.4294,-0.39953,-0.36898,-0.33767,-0.30551,-0.27239,-0.23819,-0.20274,-0.1659,-0.12745,-0.087185,-0.044838,0
0,-0.02499,-0.049273,-0.07379,-0.098555,-0.12357,-0.14883,-0.17432,-0.20002,-0.22591,-0.25197,-0.27815,-0.30443,-0.33076,-0.3571,-0.38342,-0.40966,-0.4358,-0.4618,-0.48761,-0.51322,-0.53858,-0.56367,-0.58847,-0.61296,-0.63711,-0.66091,-0.68433,-0.70735,-0.72994,-0.75208,-0.77372,-0.79484,-0.81538,-0.83529,-0.8545,-0.87294,-0.89054,-0.90719,-0.92281,-0.9373,-0.95054,-0.96244,-0.97288,-0.98175,-0.98897,-0.99443,-0.99808,-0.99983,-0.99967,-0.99755,-0.99349,-0.9875,-0.97962,-0.96991,-0.95845,-0.94533,-0.93064,-0.91451,-0.89704,-0.87835,-0.85856,-0.83777,-0.8161,-0.79363,-0.77045,-0.74665,-0.72228,-0.69741,-0.67207,-0.64631,-0.62014,-0.59357,-0.56662,-0.53927,-0.5115,-0.48329,-0.45461,-0.4254,-0.39561,-0.36517,-0.33401,-0.30203,-0.26913,-0.23518,-0.20005,-0.16358,-0.12557,-0.085838,-0.044129,0
0,-0.023878,-0.047122,-0.070624,-0.094398,-0.11845,-0.14277,-0.16735,-0.19217,-0.21723,-0.24247,-0.26789,-0.29345,-0.3191,-0.34481,-0.37055,-0.39627,-0.42194,-0.44753,-0.473,-0.49832,-0.52347,-0.54841,-0.57313,-0.5976,-0.62181,-0.64573,-0.66935,-0.69263,-0.71557,-0.73811,-0.76024,-0.78191,-0.80306,-0.82364,-0.84359,-0.86281,-0.88124,-0.89877,-0.91529,-0.93069,-0.94486,-0.95766,-0.96899,-0.97872,-0.98674,-0.99294,-0.99724,-0.99957,-0.99987,-0.99813,-0.99433,-0.98851,-0.98069,-0.97095,-0.95937,-0.94606,-0.93112,-0.91469,-0.89688,-0.87783,-0.85766,-0.8365,-0.81445,-0.79162,-0.76811,-0.744,-0.71935,-0.69423,-0.66868,-0.64273,-0.61641,-0.58973,-0.5627,-0.53529,-0.5075,-0.4793,-0.45066,-0.42151,-0.39182,-0.3615,-0.33049,-0.2987,-0.26602,-0.23233,-0.19751,-0.16139,-0.12382,-0.084585,-0.043476,0
0,-0.022815,-0.045063,-0.067591,-0.09041,-0.11352,-0.13693,-0.16063,-0.1846,-0.20882,-0.23327,-0.25792,-0.28274,-0.3077,-0.33277,-0.3579,-0.38307,-0.40824,-0.43338,-0.45846,-0.48345,-0.50832,-0.53306,-0.55764,-0.58203,-0.60624,-0.63022,-0.65397,-0.67747,-0.70068,-0.72359,-0.74614,-0.76831,-0.79004,-0.81127,-0.83193,-0.85194,-0.8712,-0.88961,-0.90705,-0.92341,-0.93854,-0.95232,-0.9646,-0.97525,-0.98414,-0.99115,-0.99618,-0.99915,-0.99999,-0.99867,-0.99518,-0.98955,-0.98182,-0.97207,-0.96039,-0.94688,-0.93169,-0.91495,-0.89679,-0.87736,-0.8568,-0.83525,-0.81282,-0.78962,-0.76577,-0.74134,-0.71641,-0.69104,-0.66528,-0.63915,-0.61269,-0.58591,-0.5588,-0.53136,-0.50356,-0.47538,-0.44678,-0.41771,-0.38812,-0.35794,-0.3271,-0.29549,-0.26304,-0.22961,-0.19509,-0.15933,-0.12216,-0.083411,-0.04287,0
0,-0.021798,-0.043093,-0.064683,-0.086582,-0.1088,-0.13132,-0.15415,-0.17728,-0.20068,-0.22433,-0.24822,-0.27231,-0.29657,-0.32097,-0.34549,-0.37007,-0.39471,-0.41936,-0.44401,-0.46861,-0.49316,-0.51763,-0.54201,-0.56627,-0.5904,-0.61438,-0.6382,-0.66184,-0.68528,-0.70848,-0.73141,-0.75404,-0.7763,-0.79814,-0.81949,-0.84026,-0.86036,-0.87966,-0.89805,-0.91539,-0.93153,-0.94633,-0.95963,-0.97127,-0.98112,-0.98902,-0.99486,-0.99853,-0.99998,-0.99915,-0.99602,-0.99063,-0.98302,-0.97327,-0.96149,-0.94779,-0.93234,-0.91527,-0.89675,-0.87693,-0.85596,-0.834,-0.81117,-0.7876,-0.76339,-0.73864,-0.71343,-0.68781,-0.66184,-0.63554,-0.60895,-0.58207,-0.5549,-0.52742,-0.49963,-0.47149,-0.44295,-0.41397,-0.3845,-0.35446,-0.32379,-0.29239,-0.26016,-0.227,-0.19278,-0.15736,-0.12059,-0.082304,-0.042303,0
0,-0.020824,-0.041205,-0.061897,-0.08291,-0.10425,-0.12592,-0.14791,-0.17021,-0.1928,-0.21568,-0.2388,-0.26215,-0.28571,-0.30943,-0.3333,-0.35728,-0.38135,-0.40548,-0.42964,-0.45382,-0.478,-0.50215,-0.52626,-0.55032,-0.57431,-0.59822,-0.62205,-0.64576,-0.66935,-0.69278,-0.71603,-0.73905,-0.7618,-0.78422,-0.80623,-0.82774,-0.84865,-0.86885,-0.8882,-0.90655,-0.92376,-0.93964,-0.95402,-0.96673,-0.97761,-0.98648,-0.99322,-0.99769,-0.99982,-0.99954,-0.99684,-0.99173,-0.98427,-0.97454,-0.96267,-0.94878,-0.93305,-0.91565,-0.89674,-0.8765,-0.85511,-0.83272,-0.80948,-0.78552,-0.76095,-0.73587,-0.71037,-0.6845,-0.65832,-0.63186,-0.60514,-0.57818,-0.55096,-0.52347,-0.4957,-0.4676,-0.43914,-0.41027,-0.38092,-0.35104,-0.32054,-0.28935,-0.25736,-0.22446,-0.19054,-0.15547,-0.11909,-0.081252,-0.041768,0
0,-0.019893,-0.039399,-0.059227,-0.079388,-0.099888,-0.12073,-0.1419,-0.16339,-0.18519,-0.20729,-0.22966,-0.25227,-0.27511,-0.29814,-0.32135,-0.3447,-0.36817,-0.39174,-0.41539,-0.43909,-0.46284,-0.48661,-0.5104,-0.53419,-0.55798,-0.58176,-0.60551,-0.62923,-0.65289,-0.67649,-0.69998,-0.72334,-0.74652,-0.76946,-0.79208,-0.81431,-0.83602,-0.85711,-0.87743,-0.89683,-0.91513,-0.93214,-0.94768,-0.96155,-0.97355,-0.98349,-0.99122,-0.99658,-0.99948,-0.99983,-0.99761,-0.99284,-0.98556,-0.97588,-0.96392,-0.94984,-0.93383,-0.91607,-0.89675,-0.87607,-0.85423,-0.83139,-0.80771,-0.78334,-0.7584,-0.73299,-0.70719,-0.68108,-0.6547,-0.62808,-0.60125,-0.5742,-0.54695,-0.51946,-0.49172,-0.46368,-0.43532,-0.40656,-0.37736,-0.34765,-0.31734,-0.28637,-0.25462,-0.22199,-0.18838,-0.15365,-0.11765,-0.080246,-0.041261,0
0,-0.019003,-0.037672,-0.056673,-0.076015,-0.095703,-0.11574,-0.13611,-0.15682,-0.17785,-0.19918,-0.22079,-0.24267,-0.26479,-0.28712,-0.30965,-0.33235,-0.35519,-0.37817,-0.40126,-0.42444,-0.44771,-0.47105,-0.49445,-0.51791,-0.54143,-0.56499,-0.5886,-0.61224,-0.63591,-0.65959,-0.68326,-0.70689,-0.73043,-0.75383,-0.77702,-0.79991,-0.82241,-0.84437,-0.86567,-0.88612,-0.90556,-0.92376,-0.94053,-0.95563,-0.96885,-0.97997,-0.98879,-0.99515,-0.99891,-0.99998,-0.99832,-0.99394,-0.98689,-0.97728,-0.96524,-0.95097,-0.93465,-0.91651,-0.89676,-0.87561,-0.85329,-0.82997,-0.80584,-0.78104,-0.75571,-0.72995,-0.70386,-0.6775,-0.65092,-0.62415,-0.59722,-0.57012,-0.54284,-0.51537,-0.48767,-0.45972,-0.43146,-0.40284,-0.3738,-0.34426,-0.31416,-0.28341,-0.25192,-0.21957,-0.18626,-0.15187,-0.11626,-0.079277,-0.040776,0
0,-0.018153,-0.036024,-0.054232,-0.072788,-0.091696,-0.11095,-0.13056,-0.1505,-0.17077,-0.19134,-0.21221,-0.23335,-0.25474,-0.27637,-0.2982,-0.32023,-0.34243,-0.36478,-0.38727,-0.40989,-0.43262,-0.45547,-0.47843,-0.5015,-0.52467,-0.54795,-0.57133,-0.59482,-0.61841,-0.64209,-0.66585,-0.68966,-0.71349,-0.73728,-0.76098,-0.78449,-0.80773,-0.83055,-0.85281,-0.87434,-0.89494,-0.91439,-0.93245,-0.94888,-0.96342,-0.97582,-0.98586,-0.99333,-0.99807,-0.99997,-0.99895,-0.99502,-0.98825,-0.97873,-0.96663,-0.95215,-0.93551,-0.91696,-0.89674,-0.87509,-0.85225,-0.82843,-0.80381,-0.77857,-0.75283,-0.72673,-0.70033,-0.67373,-0.64696,-0.62005,-0.59303,-0.56588,-0.53859,-0.51116,-0.48353,-0.45567,-0.42754,-0.39907,-0.3702,-0.34087,-0.31099,-0.28048,-0.24924,-0.21718,-0.18419,-0.15013,-0.1149,-0.078339,-0.040309,0
0,-0.017345,-0.034454,-0.051906,-0.06971,-0.087868,-0.10638,-0.12524,-0.14443,-0.16396,-0.18379,-0.20392,-0.22433,-0.245,-0.2659,-0.28703,-0.30837,-0.32989,-0.35158,-0.37344,-0.39545,-0.41761,-0.43991,-0.46237,-0.48497,-0.50772,-0.53064,-0.55372,-0.57697,-0.6004,-0.624,-0.64776,-0.67166,-0.69569,-0.7198,-0.74392,-0.768,-0.79191,-0.81555,-0.83877,-0.86137,-0.88316,-0.90389,-0.92332,-0.94116,-0.95714,-0.97095,-0.98234,-0.99106,-0.99691,-0.99973,-0.99946,-0.99607,-0.98962,-0.98023,-0.96807,-0.95338,-0.9364,-0.9174,-0.89667,-0.87449,-0.85109,-0.82672,-0.80159,-0.77588,-0.74973,-0.72326,-0.69657,-0.66972,-0.64277,-0.61573,-0.58863,-0.56145,-0.53418,-0.5068,-0.47926,-0.45153,-0.42354,-0.39524,-0.36657,-0.33745,-0.3078,-0.27754,-0.24658,-0.21481,-0.18213,-0.14843,-0.11357,-0.077425,-0.039858,0
0,-0.016577,-0.032964,-0.049697,-0.066784,-0.084224,-0.10202,-0.12015,-0.13863,-0.15743,-0.17653,-0.19594,-0.21562,-0.23556,-0.25574,-0.27615,-0.29678,-0.3176,-0.33861,-0.35979,-0.38115,-0.40269,-0.42439,-0.44628,-0.46835,-0.49062,-0.51309,-0.53579,-0.55871,-0.58188,-0.6053,-0.62896,-0.65287,-0.677,-0.70133,-0.7258,-0.75035,-0.77489,-0.7993,-0.82343,-0.84709,-0.87008,-0.89215,-0.91301,-0.93236,-0.94988,-0.96524,-0.97812,-0.98823,-0.99534,-0.99924,-0.99982,-0.99706,-0.991,-0.98177,-0.96957,-0.95465,-0.9373,-0.91782,-0.89654,-0.87376,-0.84976,-0.82482,-0.79914,-0.77293,-0.74634,-0.7195,-0.69251,-0.66542,-0.6383,-0.61115,-0.58399,-0.5568,-0.52957,-0.50227,-0.47484,-0.44725,-0.41943,-0.39133,-0.36287,-0.33398,-0.30458,-0.27459,-0.24391,-0.21245,-0.1801,-0.14674,-0.11226,-0.076529,-0.039419,0
0,-0.015852,-0.031556,-0.047608,-0.064013,-0.08077,-0.097874,-0.11532,-0.13309,-0.15119,-0.16958,-0.18827,-0.20723,-0.22644,-0.2459,-0.26558,-0.28548,-0.30558,-0.32587,-0.34636,-0.36703,-0.38789,-0.40894,-0.4302,-0.45167,-0.47338,-0.49533,-0.51755,-0.54006,-0.56288,-0.58601,-0.60948,-0.63328,-0.65741,-0.68185,-0.70657,-0.73151,-0.75658,-0.78169,-0.80668,-0.83138,-0.85558,-0.879,-0.90135,-0.9223,-0.94148,-0.95853,-0.97307,-0.98475,-0.99328,-0.99841,-0.99999,-0.99797,-0.99238,-0.98336,-0.97112,-0.95596,-0.9382,-0.91819,-0.8963,-0.87287,-0.84823,-0.82265,-0.79639,-0.76966,-0.74261,-0.7154,-0.6881,-0.66078,-0.6335,-0.60626,-0.57906,-0.55189,-0.52473,-0.49753,-0.47024,-0.44281,-0.41519,-0.3873,-0.35908,-0.33045,-0.30132,-0.27161,-0.24123,-0.21009,-0.17807,-0.14507,-0.11097,-0.075648,-0.03899,0
0,-0.015172,-0.030233,-0.045644,-0.061405,-0.077513,-0.093962,-0.11074,-0.12784,-0.14525,-0.16295,-0.18094,-0.19918,-0.21767,-0.2364,-0.25535,-0.2745,-0.29386,-0.31342,-0.33316,-0.3531,-0.37324,-0.39359,-0.41416,-0.43497,-0.45603,-0.47738,-0.49904,-0.52104,-0.5434,-0.56614,-0.5893,-0.61288,-0.63689,-0.66133,-0.68618,-0.71139,-0.7369,-0.76262,-0.78841,-0.8141,-0.83947,-0.86426,-0.88816,-0.91079,-0.93176,-0.95065,-0.96703,-0.98048,-0.99063,-0.99717,-0.99992,-0.99876,-0.99373,-0.98497,-0.97272,-0.9573,-0.93909,-0.91849,-0.89593,-0.87179,-0.84643,-0.82017,-0.79328,-0.76599,-0.73848,-0.71088,-0.68328,-0.65575,-0.62832,-0.60101,-0.5738,-0.54668,-0.51961,-0.49254,-0.46542,-0.4382,-0.4108,-0.38316,-0.35519,-0.32684,-0.298,-0.26859,-0.23853,-0.20771,-0.17604,-0.1434,-0.10968,-0.074778,-0.038568,0
0,-0.014537,-0.029,-0.043811,-0.058968,-0.074465,-0.090292,-0.10644,-0.12289,-0.13964,-0.15667,-0.17396,-0.1915,-0.20927,-0.22727,-0.24547,-0.26388,-0.28247,-0.30126,-0.32023,-0.3394,-0.35878,-0.37836,-0.39818,-0.41826,-0.43861,-0.45928,-0.48029,-0.50167,-0.52347,-0.54571,-0.56844,-0.59167,-0.61543,-0.63974,-0.66458,-0.68994,-0.71577,-0.74198,-0.76848,-0.79508,-0.8216,-0.84775,-0.87322,-0.89761,-0.9205,-0.94139,-0.95981,-0.97524,-0.98724,-0.99543,-0.99953,-0.9994,-0.99505,-0.98661,-0.97436,-0.95866,-0.93995,-0.9187,-0.89538,-0.87044,-0.8443,-0.8173,-0.78974,-0.76187,-0.73386,-0.70587,-0.67797,-0.65024,-0.62269,-0.59534,-0.56815,-0.54111,-0.51417,-0.48728,-0.46037,-0.43337,-0.40623,-0.37886,-0.35119,-0.32313,-0.29461,-0.26553,-0.23579,-0.20532,-0.174,-0.14173,-0.10841,-0.073916,-0.038153,0
0,-0.013952,-0.027862,-0.042118,-0.056714,-0.071638,-0.086881,-0.10243,-0.11827,-0.13438,-0.15075,-0.16737,-0.18421,-0.20127,-0.21853,-0.23599,-0.25363,-0.27144,-0.28944,-0.30761,-0.32597,-0.34453,-0.36331,-0.38232,-0.40159,-0.42116,-0.44105,-0.46131,-0.48198,-0.50311,-0.52473,-0.5469,-0.56965,-0.59303,-0.61705,-0.64174,-0.6671,-0.69309,-0.71967,-0.74674,-0.77417,-0.80175,-0.82923,-0.85628,-0.8825,-0.90742,-0.93049,-0.95115,-0.96882,-0.98294,-0.99304,-0.99874,-0.99984,-0.9963,-0.98827,-0.97604,-0.96003,-0.94076,-0.91876,-0.8946,-0.86878,-0.84176,-0.81395,-0.78567,-0.75718,-0.72867,-0.70028,-0.6721,-0.64419,-0.61655,-0.58918,-0.56206,-0.53514,-0.50838,-0.48169,-0.45503,-0.42831,-0.40146,-0.3744,-0.34705,-0.31932,-0.29114,-0.2624,-0.23302,-0.2029,-0.17195,-0.14006,-0.10713,-0.073058,-0.037742,0
0,-0.01342,-0.026827,-0.040576,-0.054654,-0.069049,-0.083746,-0.098729,-0.11398,-0.12948,-0.14522,-0.16118,-0.17735,-0.1937,-0.21023,-0.22693,-0.24379,-0.26081,-0.27799,-0.29533,-0.31284,-0.33054,-0.34845,-0.36659,-0.38499,-0.40369,-0.42273,-0.44215,-0.462,-0.48234,-0.50322,-0.52469,-0.54682,-0.56965,-0.59324,-0.61761,-0.64279,-0.66879,-0.69556,-0.72306,-0.75117,-0.77971,-0.80845,-0.83707,-0.86515,-0.8922,-0.91762,-0.94077,-0.96096,-0.97752,-0.98983,-0.99743,-1,-0.99746,-0.98993,-0.97775,-0.96141,-0.9415,-0.91865,-0.89353,-0.86671,-0.83872,-0.81002,-0.78096,-0.75182,-0.72279,-0.69401,-0.66556,-0.63749,-0.6098,-0.58247,-0.55546,-0.52872,-0.50217,-0.47575,-0.44938,-0.42298,-0.39647,-0.36975,-0.34276,-0.31539,-0.28757,-0.2592,-0.23019,-0.20045,-0.16988,-0.13838,-0.10585,-0.072204,-0.037334,0
0,-0.012945,-0.025902,-0.039195,-0.052805,-0.066717,-0.080911,-0.095367,-0.11007,-0.12499,-0.14012,-0.15544,-0.17094,-0.18659,-0.20239,-0.21833,-0.2344,-0.25061,-0.26695,-0.28342,-0.30005,-0.31685,-0.33384,-0.35105,-0.36851,-0.38627,-0.40436,-0.42284,-0.44176,-0.46119,-0.4812,-0.50184,-0.52319,-0.54531,-0.56828,-0.59215,-0.61696,-0.64276,-0.66954,-0.69727,-0.72588,-0.75523,-0.78512,-0.81524,-0.84519,-0.87445,-0.90239,-0.92827,-0.9513,-0.97066,-0.98559,-0.99544,-0.9998,-0.99848,-0.9916,-0.97951,-0.96279,-0.94214,-0.91831,-0.89208,-0.86413,-0.83506,-0.80538,-0.77548,-0.74564,-0.71608,-0.68692,-0.65824,-0.63006,-0.60236,-0.57512,-0.54828,-0.52176,-0.4955,-0.4694,-0.44338,-0.41735,-0.39122,-0.3649,-0.3383,-0.31133,-0.2839,-0.25592,-0.22731,-0.19796,-0.16778,-0.13669,-0.10457,-0.071352,-0.03693,0
0,-0.012532,-0.025098,-0.03799,-0.051186,-0.064664,-0.0784,-0.092371,-0.10656,-0.12093,-0.13548,-0.15018,-0.16502,-0.17999,-0.19506,-0.21024,-0.22551,-0.24089,-0.25636,-0.27194,-0.28765,-0.3035,-0.31952,-0.33573,-0.35218,-0.36891,-0.38596,-0.4034,-0.42129,-0.43969,-0.45869,-0.47834,-0.49875,-0.51999,-0.54215,-0.56531,-0.58954,-0.61491,-0.64146,-0.66919,-0.69808,-0.72805,-0.75891,-0.79042,-0.82219,-0.85371,-0.8843,-0.91317,-0.93939,-0.96198,-0.97999,-0.99256,-0.9991,-0.99931,-0.99324,-0.9813,-0.96415,-0.94264,-0.91767,-0.89015,-0.8609,-0.83062,-0.79985,-0.76904,-0.73849,-0.70839,-0.67887,-0.64999,-0.62174,-0.59411,-0.56703,-0.54043,-0.51421,-0.4883,-0.46259,-0.43698,-0.41138,-0.38569,-0.35981,-0.33365,-0.30712,-0.28012,-0.25257,-0.22437,-0.19543,-0.16567,-0.13499,-0.10329,-0.070501,-0.036528,0
0,-0.012188,-0.024425,-0.036978,-0.049817,-0.062915,-0.076243,-0.089775,-0.10348,-0.11735,-0.13134,-0.14545,-0.15965,-0.17393,-0.18828,-0.20269,-0.21716,-0.23169,-0.24627,-0.26093,-0.27568,-0.29053,-0.30552,-0.32068,-0.33604,-0.35166,-0.36759,-0.38389,-0.40062,-0.41787,-0.4357,-0.45422,-0.47352,-0.49368,-0.51483,-0.53706,-0.56046,-0.58515,-0.61119,-0.63865,-0.66755,-0.69785,-0.72946,-0.76216,-0.79564,-0.82939,-0.86274,-0.89484,-0.92463,-0.95095,-0.9726,-0.98848,-0.99772,-0.99985,-0.99485,-0.98313,-0.96549,-0.94295,-0.91662,-0.8876,-0.85685,-0.82518,-0.79322,-0.76143,-0.73013,-0.6995,-0.66966,-0.64064,-0.61241,-0.58491,-0.55808,-0.5318,-0.50598,-0.4805,-0.45526,-0.43014,-0.40504,-0.37984,-0.35446,-0.32879,-0.30274,-0.27621,-0.24911,-0.22136,-0.19286,-0.16353,-0.13327,-0.102,-0.06965,-0.036129,0
0,-0.011919,-0.023898,-0.036178,-0.048724,-0.061501,-0.074475,-0.087616,-0.10089,-0.11428,-0.12775,-0.14128,-0.15487,-0.16848,-0.18211,-0.19575,-0.2094,-0.22306,-0.23673,-0.25043,-0.26418,-0.27799,-0.29189,-0.30593,-0.32013,-0.33456,-0.34927,-0.36431,-0.37978,-0.39573,-0.41227,-0.42948,-0.44748,-0.46638,-0.48629,-0.50733,-0.52965,-0.55336,-0.57859,-0.60545,-0.63401,-0.66431,-0.69634,-0.72995,-0.76491,-0.80079,-0.83693,-0.87246,-0.90622,-0.93684,-0.96283,-0.98275,-0.99539,-0.99999,-0.99638,-0.985,-0.96678,-0.943,-0.91504,-0.88423,-0.85173,-0.81849,-0.7852,-0.75236,-0.7203,-0.68917,-0.65907,-0.62998,-0.60186,-0.57461,-0.54812,-0.52228,-0.49696,-0.47202,-0.44734,-0.42279,-0.39827,-0.37365,-0.34883,-0.32371,-0.29819,-0.27217,-0.24556,-0.21828,-0.19024,-0.16136,-0.13154,-0.10071,-0.0688,-0.035732,0
0,-0.011733,-0.023531,-0.035613,-0.047935,-0.060455,-0.073135,-0.085936,-0.098826,-0.11177,-0.12475,-0.13774,-0.15072,-0.16367,-0.17659,-0.18946,-0.20228,-0.21505,-0.22779,-0.2405,-0.2532,-0.26592,-0.27868,-0.29152,-0.30449,-0.31764,-0.33103,-0.34471,-0.35878,-0.37331,-0.38839,-0.40413,-0.42064,-0.43805,-0.45649,-0.47609,-0.49703,-0.51944,-0.5435,-0.56937,-0.59719,-0.62707,-0.65909,-0.69321,-0.72932,-0.76707,-0.80591,-0.84499,-0.88307,-0.91862,-0.9498,-0.97473,-0.99169,-0.99952,-0.99778,-0.9869,-0.96801,-0.9427,-0.91273,-0.87977,-0.84521,-0.81016,-0.7754,-0.74146,-0.70863,-0.67707,-0.64679,-0.61776,-0.58987,-0.563,-0.537,-0.51173,-0.48703,-0.46274,-0.43874,-0.41488,-0.39102,-0.36707,-0.34288,-0.31838,-0.29344,-0.26798,-0.24191,-0.21513,-0.18758,-0.15916,-0.1298,-0.099417,-0.067951,-0.035338,0
0,-0.011641,-0.023343,-0.035307,-0.047482,-0.059816,-0.072265,-0.084784,-0.097338,-0.10989,-0.12242,-0.13489,-0.14728,-0.15958,-0.17179,-0.18388,-0.19586,-0.20773,-0.2195,-0.23118,-0.24279,-0.25436,-0.26592,-0.2775,-0.28916,-0.30094,-0.3129,-0.32511,-0.33765,-0.35061,-0.36407,-0.37816,-0.39299,-0.40868,-0.42539,-0.44327,-0.4625,-0.48326,-0.50576,-0.5302,-0.55679,-0.58573,-0.61719,-0.65128,-0.68801,-0.7272,-0.76847,-0.81105,-0.85374,-0.89486,-0.93223,-0.9634,-0.98598,-0.99813,-0.99897,-0.98885,-0.96913,-0.9419,-0.90942,-0.87381,-0.8368,-0.79968,-0.76331,-0.72822,-0.69467,-0.66276,-0.63245,-0.60363,-0.57615,-0.54984,-0.52451,-0.49997,-0.47605,-0.45257,-0.42937,-0.40631,-0.38324,-0.36004,-0.33658,-0.31276,-0.28848,-0.26363,-0.23813,-0.21191,-0.18486,-0.15693,-0.12804,-0.098119,-0.067105,-0.034947,0
0,-0.011653,-0.023353,-0.03529,-0.047402,-0.059628,-0.071915,-0.084215,-0.096485,-0.10869,-0.12079,-0.13277,-0.1446,-0.15627,-0.16776,-0.17907,-0.1902,-0.20114,-0.21191,-0.22253,-0.23301,-0.24337,-0.25366,-0.26391,-0.27416,-0.28447,-0.2949,-0.30552,-0.3164,-0.32763,-0.33931,-0.35155,-0.36448,-0.37822,-0.39293,-0.40878,-0.42596,-0.44469,-0.46518,-0.48769,-0.5125,-0.53987,-0.5701,-0.60342,-0.64003,-0.67998,-0.7231,-0.76886,-0.81623,-0.86349,-0.90818,-0.94719,-0.97718,-0.99527,-0.99979,-0.99084,-0.97011,-0.94037,-0.90467,-0.86576,-0.8258,-0.7863,-0.74819,-0.71196,-0.6778,-0.64571,-0.61558,-0.5872,-0.56037,-0.53484,-0.51039,-0.48679,-0.46384,-0.44135,-0.41912,-0.39701,-0.37485,-0.35252,-0.32989,-0.30685,-0.28328,-0.25911,-0.23424,-0.2086,-0.1821,-0.15468,-0.12628,-0.096821,-0.066264,-0.034562,0
0,-0.011782,-0.023585,-0.035595,-0.047735,-0.059937,-0.072139,-0.084287,-0.096332,-0.10823,-0.11996,-0.13147,-0.14276,-0.1538,-0.16459,-0.1751,-0.18536,-0.19535,-0.20509,-0.21459,-0.22388,-0.23299,-0.24193,-0.25076,-0.25952,-0.26826,-0.27704,-0.28593,-0.29501,-0.30435,-0.31407,-0.32427,-0.33507,-0.3466,-0.35903,-0.37253,-0.38729,-0.40355,-0.42155,-0.44158,-0.46395,-0.48903,-0.51719,-0.54882,-0.58431,-0.62398,-0.66797,-0.71615,-0.76782,-0.82151,-0.87465,-0.92349,-0.96343,-0.98995,-0.99995,-0.99289,-0.97087,-0.93774,-0.89777,-0.85467,-0.81115,-0.76895,-0.72901,-0.69173,-0.65717,-0.62519,-0.59554,-0.56793,-0.54206,-0.51762,-0.49434,-0.47194,-0.45021,-0.42891,-0.40785,-0.38686,-0.36577,-0.34445,-0.32275,-0.30058,-0.27783,-0.25441,-0.23022,-0.20521,-0.17929,-0.15241,-0.12451,-0.095528,-0.065431,-0.034183,0
0,-0.012041,-0.024065,-0.036257,-0.048528,-0.060799,-0.072999,-0.085066,-0.096948,-0.1086,-0.11998,-0.13107,-0.14183,-0.15225,-0.16233,-0.17204,-0.1814,-0.19041,-0.19908,-0.20743,-0.21547,-0.22324,-0.23077,-0.23809,-0.24525,-0.25231,-0.25931,-0.26634,-0.27346,-0.28075,-0.28831,-0.29625,-0.30468,-0.31374,-0.32358,-0.33438,-0.34633,-0.35966,-0.37464,-0.39157,-0.4108,-0.43273,-0.45784,-0.48664,-0.5197,-0.55763,-0.60097,-0.65008,-0.70491,-0.76461,-0.82696,-0.88788,-0.94134,-0.98025,-0.99883,-0.99498,-0.97127,-0.93336,-0.88754,-0.839,-0.79117,-0.74598,-0.70426,-0.66621,-0.63165,-0.60023,-0.57153,-0.54515,-0.52067,-0.49772,-0.47596,-0.45511,-0.43488,-0.41505,-0.39539,-0.37573,-0.35589,-0.33573,-0.31512,-0.29394,-0.2721,-0.2495,-0.22607,-0.20173,-0.17643,-0.15012,-0.12273,-0.094242,-0.06461,-0.033813,0
0,-0.012446,-0.024821,-0.037317,-0.049831,-0.062272,-0.07456,-0.086625,-0.098409,-0.10986,-0.12095,-0.13163,-0.14189,-0.1517,-0.16106,-0.16996,-0.1784,-0.18639,-0.19395,-0.20108,-0.20781,-0.21416,-0.22018,-0.22589,-0.23135,-0.2366,-0.24169,-0.2467,-0.25169,-0.25674,-0.26194,-0.26738,-0.27319,-0.27949,-0.28642,-0.29415,-0.30287,-0.31279,-0.32418,-0.33735,-0.35264,-0.3705,-0.39142,-0.41603,-0.44504,-0.47929,-0.51973,-0.56733,-0.62291,-0.68674,-0.75781,-0.83268,-0.90431,-0.9621,-0.99501,-0.9971,-0.97108,-0.92596,-0.87179,-0.81607,-0.76312,-0.71484,-0.67171,-0.6335,-0.59964,-0.56951,-0.54248,-0.51796,-0.49547,-0.47454,-0.45479,-0.43589,-0.41754,-0.3995,-0.38153,-0.36345,-0.34508,-0.32628,-0.30691,-0.28686,-0.26604,-0.24436,-0.22176,-0.19817,-0.17353,-0.14781,-0.12097,-0.092971,-0.063804,-0.033455,0
0,-0.013015,-0.025885,-0.03882,-0.0517,-0.064421,-0.076893,-0.08904,-0.1008,-0.11211,-0.12294,-0.13325,-0.14301,-0.15222,-0.16086,-0.16892,-0.17641,-0.18334,-0.18973,-0.19557,-0.20091,-0.20577,-0.21018,-0.21417,-0.2178,-0.2211,-0.22413,-0.22694,-0.22962,-0.23222,-0.23483,-0.23754,-0.24045,-0.24367,-0.24734,-0.25161,-0.25665,-0.26266,-0.26987,-0.27857,-0.28909,-0.30185,-0.31736,-0.33625,-0.35929,-0.38748,-0.42203,-0.46447,-0.51654,-0.58006,-0.65629,-0.74443,-0.83885,-0.92583,-0.98472,-0.99905,-0.96973,-0.91282,-0.8461,-0.78092,-0.72228,-0.67144,-0.62796,-0.59083,-0.55894,-0.53126,-0.50694,-0.48523,-0.46553,-0.44733,-0.43021,-0.4138,-0.3978,-0.38195,-0.36603,-0.34983,-0.33319,-0.31597,-0.29804,-0.27928,-0.25962,-0.23898,-0.21729,-0.1945,-0.17058,-0.14549,-0.11921,-0.091721,-0.06302,-0.033112,0
0,-0.013768,-0.027293,-0.040814,-0.054194,-0.067316,-0.080077,-0.092393,-0.10419,-0.11542,-0.12604,-0.136,-0.14529,-0.15389,-0.16179,-0.16899,-0.1755,-0.18131,-0.18646,-0.19095,-0.19481,-0.19806,-0.20074,-0.20289,-0.20453,-0.20573,-0.20652,-0.20696,-0.2071,-0.20703,-0.2068,-0.20649,-0.2062,-0.20602,-0.20607,-0.20646,-0.20735,-0.20891,-0.21133,-0.21485,-0.21975,-0.22639,-0.23521,-0.24677,-0.26179,-0.28123,-0.30634,-0.33886,-0.38112,-0.43625,-0.50825,-0.60132,-0.71699,-0.84587,-0.95567,-0.99997,-0.96577,-0.88701,-0.80055,-0.72367,-0.66023,-0.60905,-0.56778,-0.53418,-0.50641,-0.48306,-0.46302,-0.44544,-0.42966,-0.41514,-0.40144,-0.38821,-0.37515,-0.362,-0.34855,-0.33462,-0.32003,-0.30466,-0.2884,-0.27113,-0.25279,-0.23331,-0.21264,-0.19074,-0.16759,-0.14317,-0.11747,-0.090501,-0.062265,-0.032788,0
0,-0.014725,-0.029082,-0.043352,-0.057379,-0.071029,-0.084191,-0.09677,-0.10869,-0.1199,-0.13034,-0.13998,-0.1488,-0.15679,-0.16393,-0.17023,-0.1757,-0.18034,-0.18417,-0.1872,-0.18947,-0.191,-0.19182,-0.19196,-0.19147,-0.19037,-0.18872,-0.18656,-0.18394,-0.18093,-0.17758,-0.17395,-0.17013,-0.16618,-0.16221,-0.1583,-0.15457,-0.15114,-0.14816,-0.14581,-0.14428,-0.14383,-0.14477,-0.14752,-0.15258,-0.16068,-0.17279,-0.19031,-0.21532,-0.25096,-0.30226,-0.37726,-0.48855,-0.651,-0.85502,-0.99372,-0.95356,-0.82595,-0.70951,-0.62327,-0.56144,-0.51655,-0.48318,-0.45772,-0.43775,-0.42163,-0.4082,-0.39664,-0.38631,-0.37673,-0.36751,-0.35835,-0.34897,-0.33916,-0.32872,-0.3175,-0.30536,-0.29218,-0.27785,-0.26231,-0.24548,-0.22732,-0.20779,-0.18687,-0.16456,-0.14086,-0.11577,-0.089321,-0.061547,-0.032489,0
0,-0.015911,-0.031294,-0.046489,-0.06132,-0.075638,-0.089319,-0.10226,-0.11438,-0.12562,-0.13592,-0.14527,-0.15362,-0.16098,-0.16733,-0.17269,-0.17705,-0.18043,-0.18285,-0.18432,-0.18488,-0.18454,-0.18333,-0.18129,-0.17845,-0.17484,-0.17051,-0.1655,-0.15984,-0.15359,-0.1468,-0.13951,-0.13179,-0.12369,-0.11528,-0.10662,-0.097783,-0.088854,-0.079917,-0.071068,-0.062417,-0.054091,-0.046242,-0.039057,-0.032772,-0.027696,-0.024256,-0.023058,-0.025017,-0.031588,-0.045261,-0.070685,-0.1176,-0.20979,-0.41683,-0.87511,-0.88524,-0.6253,-0.49889,-0.43479,-0.39862,-0.37669,-0.36274,-0.35353,-0.34723,-0.34273,-0.33927,-0.33632,-0.33352,-0.33056,-0.32719,-0.32322,-0.31846,-0.31278,-0.30603,-0.29809,-0.28887,-0.27827,-0.26623,-0.25269,-0.23761,-0.22095,-0.20271,-0.18289,-0.16149,-0.13855,-0.11411,-0.088194,-0.060877,-0.032221,0
0,-0.017351,-0.03397,-0.050282,-0.066089,-0.081222,-0.095545,-0.10895,-0.12134,-0.13267,-0.14288,-0.15193,-0.15982,-0.16652,-0.17204,-0.17639,-0.17956,-0.18158,-0.18247,-0.18225,-0.18093,-0.17854,-0.17511,-0.17067,-0.16525,-0.15887,-0.15158,-0.14341,-0.13438,-0.12455,-0.11395,-0.10262,-0.090592,-0.077917,-0.064632,-0.050776,-0.036385,-0.021496,-0.0061394,0.00966,0.025884,0.042524,0.059587,0.077095,0.095098,0.11368,0.13299,0.15326,0.17484,0.19834,0.22479,0.25611,0.29615,0.35397,0.45611,0.71022,0.81263,0.17217,-0.0095373,-0.089502,-0.13654,-0.16885,-0.19313,-0.2124,-0.22819,-0.24134,-0.25233,-0.26145,-0.26887,-0.27468,-0.27891,-0.28157,-0.28263,-0.28207,-0.27984,-0.27589,-0.27018,-0.26267,-0.25332,-0.24212,-0.22906,-0.21413,-0.19736,-0.17876,-0.15838,-0.13627,-0.1125,-0.087136,-0.060268,-0.031991,0
0,-0.019069,-0.037156,-0.054791,-0.071753,-0.087856,-0.10295,-0.11692,-0.12967,-0.14113,-0.15126,-0.16004,-0.16743,-0.17344,-0.17807,-0.18132,-0.18321,-0.18374,-0.18296,-0.18086,-0.17747,-0.17282,-0.16693,-0.15982,-0.15152,-0.14207,-0.13147,-0.11977,-0.107,-0.093179,-0.078346,-0.062531,-0.045762,-0.02807,-0.0094785,0.0099895,0.03032,0.051507,0.073555,0.096486,0.12034,0.14519,0.17113,0.19831,0.22696,0.25737,0.28997,0.32537,0.36443,0.40843,0.45926,0.51973,0.59409,0.6882,0.8072,0.93877,0.99783,0.85236,0.59226,0.373,0.21862,0.1103,0.031406,-0.028357,-0.075145,-0.1127,-0.14336,-0.16864,-0.18956,-0.20678,-0.22077,-0.23185,-0.24022,-0.24602,-0.24934,-0.25025,-0.24879,-0.24497,-0.23883,-0.2304,-0.2197,-0.20678,-0.19169,-0.17448,-0.15523,-0.13403,-0.11097,-0.086165,-0.059736,-0.031811,0
0,-0.021094,-0.040894,-0.060073,-0.078382,-0.095616,-0.11161,-0.12624,-0.13942,-0.15106,-0.16114,-0.16962,-0.17649,-0.18174,-0.18539,-0.18744,-0.1879,-0.1868,-0.18414,-0.17996,-0.17427,-0.16708,-0.15842,-0.14832,-0.13679,-0.12386,-0.10954,-0.09388,-0.076892,-0.058609,-0.039062,-0.018281,0.003699,0.026849,0.051139,0.076547,0.10305,0.13065,0.15935,0.18916,0.22014,0.25234,0.28587,0.32088,0.35756,0.39618,0.43709,0.48074,0.52769,0.57864,0.63437,0.69566,0.76291,0.83523,0.90834,0.97076,0.99994,0.96772,0.86397,0.7134,0.55418,0.41055,0.28995,0.19124,0.11076,0.044797,-0.0096678,-0.054944,-0.092741,-0.12431,-0.15056,-0.17218,-0.18965,-0.20334,-0.21351,-0.22037,-0.22406,-0.2247,-0.2224,-0.21726,-0.20935,-0.19877,-0.18562,-0.17,-0.15203,-0.13183,-0.10953,-0.085303,-0.059299,-0.031691,0
0,-0.023452,-0.04523,-0.066184,-0.086038,-0.10457,-0.12159,-0.13698,-0.15064,-0.1625,-0.17252,-0.18068,-0.18696,-0.19138,-0.19393,-0.19463,-0.19349,-0.19054,-0.18579,-0.17925,-0.17094,-0.16087,-0.14907,-0.13556,-0.12034,-0.10345,-0.084901,-0.064735,-0.042982,-0.01968,0.0051235,0.031379,0.059032,0.088023,0.11829,0.14979,0.18244,0.2162,0.25103,0.28688,0.32373,0.36158,0.40043,0.44031,0.48128,0.52342,0.56683,0.61159,0.65781,0.70551,0.75461,0.80473,0.85502,0.90377,0.94786,0.98219,0.99939,0.99069,0.94895,0.87295,0.76965,0.65153,0.53117,0.41746,0.31493,0.22496,0.14719,0.080484,0.02353,-0.024915,-0.065933,-0.10041,-0.12906,-0.15245,-0.17104,-0.18518,-0.19516,-0.20121,-0.20355,-0.20234,-0.19776,-0.18995,-0.17907,-0.16529,-0.14876,-0.12968,-0.10821,-0.084577,-0.058981,-0.031648,0
0,-0.026171,-0.050205,-0.073176,-0.094777,-0.11476,-0.13294,-0.14918,-0.16337,-0.17545,-0.18539,-0.19317,-0.19878,-0.20223,-0.20353,-0.20269,-0.19973,-0.19466,-0.18749,-0.17824,-0.16692,-0.15354,-0.13811,-0.12064,-0.10116,-0.079701,-0.056287,-0.030969,-0.0038022,0.02514,0.055773,0.087997,0.1217,0.15677,0.19306,0.23045,0.26878,0.30791,0.34769,0.388,0.42869,0.46966,0.51079,0.552,0.5932,0.6343,0.67524,0.71591,0.75619,0.79588,0.83469,0.87214,0.90753,0.93978,0.96735,0.98806,0.99906,0.99695,0.97819,0.93998,0.88134,0.80396,0.71223,0.6122,0.51006,0.41091,0.31821,0.23387,0.15864,0.092508,0.035043,-0.014346,-0.0563,-0.091427,-0.12027,-0.14333,-0.161,-0.17367,-0.18163,-0.18518,-0.18459,-0.18008,-0.17189,-0.16026,-0.14541,-0.12759,-0.10704,-0.084018,-0.058812,-0.031699,0
0,-0.029277,-0.055857,-0.081094,-0.10464,-0.12624,-0.14569,-0.16283,-0.17758,-0.18987,-0.19967,-0.20697,-0.21177,-0.21408,-0.21391,-0.21128,-0.20618,-0.19864,-0.18866,-0.17624,-0.16139,-0.1441,-0.1244,-0.1023,-0.077827,-0.051028,-0.021963,0.0092796,0.042588,0.077822,0.11482,0.15339,0.19331,0.23435,0.27627,0.3188,0.36167,0.40464,0.44745,0.48988,0.53171,0.57278,0.61293,0.65202,0.68995,0.72662,0.76196,0.79589,0.82829,0.85905,0.88799,0.91484,0.93925,0.9607,0.97848,0.99166,0.99899,0.99896,0.98977,0.96955,0.93656,0.88964,0.82863,0.75477,0.67068,0.58001,0.48684,0.39495,0.30739,0.22627,0.15283,0.087627,0.030719,-0.018107,-0.059234,-0.093102,-0.12018,-0.14094,-0.15579,-0.16515,-0.16939,-0.16886,-0.1639,-0.15482,-0.14193,-0.12556,-0.10603,-0.083664,-0.058826,-0.03187,0
0,-0.032799,-0.062226,-0.089976,-0.11567,-0.13903,-0.15982,-0.17792,-0.19321,-0.20564,-0.2152,-0.22188,-0.22567,-0.2266,-0.22466,-0.21987,-0.21224,-0.20175,-0.1884,-0.17219,-0.1531,-0.13115,-0.10634,-0.078697,-0.048288,-0.015195,0.020453,0.058485,0.098682,0.14078,0.18448,0.22944,0.27527,0.32159,0.368,0.41412,0.45958,0.50405,0.54725,0.58894,0.62895,0.66714,0.70342,0.73776,0.77012,0.80053,0.82901,0.85557,0.88024,0.90301,0.92385,0.94269,0.95939,0.97375,0.98546,0.99409,0.99907,0.99964,0.99487,0.98362,0.96461,0.93649,0.89804,0.84838,0.78733,0.71564,0.63513,0.54851,0.45911,0.37027,0.28497,0.20551,0.13344,0.06961,0.014351,-0.032383,-0.070876,-0.10154,-0.12487,-0.14137,-0.15155,-0.15588,-0.15482,-0.14881,-0.13826,-0.1236,-0.10522,-0.083562,-0.059068,-0.032189,0
0,-0.036766,-0.069344,-0.099855,-0.12788,-0.15311,-0.17531,-0.19434,-0.21012,-0.22258,-0.23172,-0.23754,-0.24004,-0.23923,-0.23512,-0.2277,-0.21695,-0.20285,-0.18538,-0.16452,-0.14025,-0.11258,-0.081537,-0.047188,-0.0096548,0.030875,0.074142,0.11982,0.16749,0.21671,0.26693,0.31762,0.36821,0.41814,0.46693,0.51413,0.55938,0.60241,0.64301,0.6811,0.71662,0.74959,0.78009,0.80821,0.83407,0.85779,0.87949,0.89931,0.91733,0.93364,0.94829,0.96131,0.97267,0.98231,0.9901,0.99583,0.99922,0.99988,0.99729,0.99077,0.9795,0.96249,0.93859,0.90659,0.86535,0.81397,0.75214,0.68033,0.60006,0.5138,0.42472,0.33625,0.25153,0.1731,0.10268,0.041261,-0.010783,-0.05352,-0.087297,-0.11265,-0.13018,-0.14052,-0.14426,-0.142,-0.13429,-0.12166,-0.10464,-0.083764,-0.059594,-0.032698,0
0,-0.041211,-0.077251,-0.11076,-0.14127,-0.16845,-0.19206,-0.21196,-0.22807,-0.24036,-0.24881,-0.25343,-0.25422,-0.25119,-0.24431,-0.23355,-0.21888,-0.20025,-0.1776,-0.1509,-0.12013,-0.085316,-0.046546,-0.0039874,0.042088,0.091293,0.14313,0.19699,0.25218,0.30793,0.36346,0.41803,0.47095,0.52163,0.56963,0.61462,0.65643,0.69498,0.73031,0.76252,0.79178,0.81828,0.84224,0.86385,0.88334,0.9009,0.9167,0.9309,0.94364,0.95502,0.96511,0.97398,0.98165,0.9881,0.99328,0.99709,0.99939,0.99996,0.9985,0.9946,0.98776,0.97732,0.96245,0.94217,0.91532,0.88064,0.8369,0.7831,0.71879,0.64439,0.56144,0.47263,0.38149,0.29185,0.20719,0.13025,0.062784,0.0056553,-0.040947,-0.07732,-0.10406,-0.12192,-0.13167,-0.13407,-0.12985,-0.11971,-0.10431,-0.084335,-0.060476,-0.033447,0
0,-0.046179,-0.085992,-0.12271,-0.15582,-0.18497,-0.20991,-0.23052,-0.24672,-0.25849,-0.26584,-0.26875,-0.26723,-0.26124,-0.25074,-0.23565,-0.21589,-0.19137,-0.16201,-0.12776,-0.08864,-0.044755,0.0036563,0.056192,0.11227,0.17114,0.2319,0.29351,0.3549,0.41504,0.47298,0.52795,0.57939,0.62692,0.67038,0.70978,0.74525,0.77701,0.80534,0.83055,0.85295,0.87284,0.8905,0.90619,0.92014,0.93256,0.94361,0.95344,0.96218,0.96992,0.97673,0.98268,0.9878,0.99207,0.9955,0.99802,0.99956,0.99999,0.99913,0.99674,0.99251,0.98603,0.97673,0.96395,0.94679,0.92418,0.89485,0.85738,0.81034,0.75258,0.68357,0.60389,0.51552,0.42187,0.32728,0.23625,0.15261,0.079046,0.017007,-0.033057,-0.071427,-0.098825,-0.11618,-0.12448,-0.12467,-0.11764,-0.10425,-0.085348,-0.061802,-0.034506,0
0,-0.051734,-0.095628,-0.13574,-0.1715,-0.20254,-0.22863,-0.24963,-0.26552,-0.27626,-0.28187,-0.28232,-0.27757,-0.26755,-0.25215,-0.23122,-0.20462,-0.1722,-0.13387,-0.08962,-0.039603,0.015835,0.076083,0.14025,0.20719,0.27554,0.34382,0.4106,0.47456,0.53466,0.59017,0.64069,0.68609,0.7265,0.7622,0.79356,0.82101,0.84499,0.86593,0.88421,0.9002,0.91421,0.9265,0.93731,0.94684,0.95526,0.9627,0.96929,0.97511,0.98025,0.98475,0.98867,0.99202,0.99482,0.99705,0.9987,0.9997,0.99999,0.99947,0.99798,0.99533,0.99127,0.98545,0.97741,0.96656,0.95214,0.93313,0.90831,0.87617,0.835,0.78309,0.7191,0.6426,0.5547,0.45846,0.35862,0.26074,0.16998,0.090135,0.023341,-0.029716,-0.069367,-0.096547,-0.11245,-0.1183,-0.11526,-0.10443,-0.086884,-0.063687,-0.035967,0
0,-0.057975,-0.10625,-0.14989,-0.18826,-0.22097,-0.24783,-0.26873,-0.28364,-0.29256,-0.29546,-0.29229,-0.28292,-0.2672,-0.24491,-0.21581,-0.17965,-0.13628,-0.085658,-0.028002,0.036131,0.10577,0.17951,0.25556,0.33191,0.40653,0.47757,0.54363,0.60375,0.65751,0.70489,0.74619,0.78192,0.81265,0.83901,0.8616,0.88097,0.89759,0.9119,0.92425,0.93494,0.94424,0.95234,0.95944,0.96566,0.97115,0.97598,0.98025,0.98402,0.98733,0.99024,0.99276,0.99491,0.9967,0.99813,0.99918,0.99981,1,0.99966,0.99872,0.99705,0.9945,0.99085,0.98582,0.97903,0.96997,0.95796,0.9421,0.9212,0.89372,0.8578,0.81129,0.7521,0.67875,0.59131,0.49224,0.38657,0.28108,0.18253,0.096113,0.02473,-0.030741,-0.070798,-0.096712,-0.11002,-0.11223,-0.10479,-0.089023,-0.066277,-0.03796,0
0,-0.065057,-0.11801,-0.1652,-0.20597,-0.23994,-0.26695,-0.28692,-0.29984,-0.30568,-0.30436,-0.29573,-0.27952,-0.25542,-0.22305,-0.18201,-0.13204,-0.073102,-0.005568,0.069604,0.15077,0.23563,0.32141,0.40522,0.48447,0.55719,0.62221,0.67911,0.72811,0.7698,0.805,0.83458,0.85941,0.88024,0.89776,0.91254,0.92505,0.93568,0.94477,0.95257,0.9593,0.96514,0.97021,0.97466,0.97855,0.98198,0.98501,0.98768,0.99004,0.99212,0.99393,0.99551,0.99685,0.99797,0.99886,0.99951,0.99989,1,0.99977,0.99917,0.99812,0.99652,0.99425,0.99113,0.98692,0.98132,0.9739,0.96405,0.95097,0.93356,0.91029,0.87921,0.83783,0.78337,0.7133,0.62639,0.52419,0.4119,0.29769,0.19042,0.097024,0.021272,-0.035869,-0.07525,-0.098624,-0.10796,-0.10512,-0.091827,-0.069759,-0.040667,0
0,-0.073231,-0.13112,-0.18174,-0.22445,-0.25892,-0.28503,-0.30275,-0.31204,-0.3128,-0.30479,-0.28766,-0.26088,-0.22387,-0.17604,-0.11696,-0.04668,0.034027,0.12335,0.21834,0.31519,0.40973,0.49826,0.57808,0.64779,0.70718,0.75687,0.79794,0.83167,0.85929,0.8819,0.90047,0.91577,0.92844,0.93899,0.94784,0.95529,0.96161,0.967,0.97163,0.97563,0.9791,0.98212,0.98478,0.98711,0.98916,0.99098,0.99259,0.99402,0.99527,0.99637,0.99732,0.99813,0.99881,0.99934,0.99972,0.99995,0.99999,0.99984,0.99946,0.9988,0.99781,0.99641,0.9945,0.99194,0.98854,0.98405,0.97811,0.9702,0.95962,0.94536,0.92597,0.89946,0.86311,0.81353,0.74707,0.66096,0.55539,0.43545,0.31105,0.19381,0.092914,0.013118,-0.044727,-0.082074,-0.10134,-0.10499,-0.095298,-0.074359,-0.044352,0
0,-0.08289,-0.14586,-0.19953,-0.2433,-0.27696,-0.30045,-0.31374,-0.31669,-0.30895,-0.28997,-0.25897,-0.21498,-0.15712,-0.084856,0.0014337,0.099885,0.20678,0.31676,0.42376,0.52242,0.60915,0.68253,0.74287,0.79159,0.8305,0.86144,0.88605,0.90568,0.92143,0.93415,0.94448,0.95296,0.95995,0.96577,0.97065,0.97477,0.97827,0.98127,0.98385,0.98609,0.98805,0.98976,0.99126,0.99259,0.99377,0.99481,0.99574,0.99656,0.99729,0.99793,0.99848,0.99895,0.99934,0.99964,0.99986,0.99998,0.99999,0.99989,0.99964,0.99924,0.99863,0.99779,0.99665,0.99512,0.99312,0.99048,0.987,0.98238,0.97622,0.96789,0.9565,0.94073,0.91862,0.88733,0.84298,0.78076,0.69605,0.58706,0.45831,0.32179,0.19289,0.08386,0.00049447,-0.056783,-0.090375,-0.10352,-0.099268,-0.080335,-0.0494,0
0,-0.094638,-0.16262,-0.21841,-0.26163,-0.29222,-0.31017,-0.31528,-0.30704,-0.28456,-0.24657,-0.19157,-0.11823,-0.026182,0.082852,0.20415,0.32998,0.45128,0.5603,0.65261,0.72734,0.78603,0.83137,0.86615,0.89284,0.9134,0.92936,0.94187,0.95176,0.95966,0.96603,0.97122,0.97548,0.97902,0.98198,0.98447,0.98659,0.9884,0.98996,0.99131,0.9925,0.99353,0.99444,0.99525,0.99597,0.99661,0.99717,0.99768,0.99813,0.99853,0.99888,0.99919,0.99944,0.99966,0.99982,0.99993,0.99999,0.99999,0.99992,0.99977,0.99952,0.99917,0.99867,0.99801,0.99713,0.99599,0.99449,0.99253,0.98995,0.98651,0.98189,0.97558,0.96682,0.95443,0.93658,0.91047,0.87187,0.81489,0.73276,0.62078,0.48201,0.33083,0.18798,0.069997,-0.016257,-0.071283,-0.098849,-0.10317,-0.087907,-0.056366,0
0,-0.10935,-0.18169,-0.23769,-0.27742,-0.30094,-0.30801,-0.29785,-0.26894,-0.21913,-0.14601,-0.047979,0.073787,0.21315,0.35845,0.49571,0.614,0.70871,0.78088,0.83435,0.87353,0.90225,0.92344,0.93924,0.95118,0.96031,0.96739,0.97295,0.97737,0.98092,0.9838,0.98617,0.98813,0.98978,0.99116,0.99234,0.99335,0.99422,0.99497,0.99563,0.99621,0.99673,0.99718,0.99759,0.99795,0.99827,0.99856,0.99882,0.99905,0.99926,0.99944,0.9996,0.99973,0.99984,0.99992,0.99997,1,0.99999,0.99994,0.99985,0.99971,0.99951,0.99923,0.99886,0.99838,0.99776,0.99695,0.9959,0.99453,0.99272,0.9903,0.98702,0.98248,0.97607,0.96681,0.9531,0.93228,0.90006,0.84973,0.77215,0.65858,0.50882,0.33964,0.17964,0.051556,-0.036614,-0.087093,-0.10549,-0.097049,-0.066014,0
0,-0.12817,-0.20287,-0.25523,-0.28585,-0.29453,-0.27992,-0.23935,-0.16899,-0.065202,0.072153,0.23488,0.40441,0.55848,0.68256,0.7742,0.83866,0.88314,0.91384,0.93526,0.95043,0.96139,0.96944,0.97546,0.98004,0.98357,0.98634,0.98854,0.99031,0.99175,0.99293,0.99391,0.99474,0.99543,0.99602,0.99653,0.99697,0.99735,0.99769,0.99799,0.99825,0.99848,0.99869,0.99888,0.99904,0.9992,0.99933,0.99945,0.99956,0.99966,0.99975,0.99982,0.99988,0.99993,0.99997,0.99999,1,0.99999,0.99996,0.99991,0.99983,0.99973,0.99958,0.99939,0.99914,0.99883,0.99842,0.99789,0.99722,0.99633,0.99515,0.99357,0.99141,0.98838,0.98402,0.97757,0.96773,0.95222,0.92699,0.88502,0.81504,0.703,0.54227,0.35079,0.16883,0.028968,-0.059736,-0.10238,-0.10687,-0.079207,0
0,-0.15198,-0.22408,-0.26471,-0.27446,-0.25099,-0.18908,-0.081853,0.073984,0.26757,0.46743,0.63727,0.76052,0.84191,0.89371,0.92663,0.94792,0.96202,0.97162,0.97831,0.9831,0.98661,0.98922,0.9912,0.99274,0.99394,0.9949,0.99567,0.9963,0.99682,0.99725,0.99761,0.99792,0.99818,0.9984,0.9986,0.99877,0.99892,0.99905,0.99917,0.99928,0.99937,0.99946,0.99953,0.9996,0.99967,0.99972,0.99978,0.99982,0.99986,0.9999,0.99993,0.99996,0.99998,0.99999,1,1,0.99999,0.99998,0.99995,0.99991,0.99986,0.99979,0.9997,0.99959,0.99944,0.99925,0.99902,0.99871,0.99832,0.9978,0.99712,0.99619,0.99491,0.99309,0.99041,0.98636,0.97998,0.96952,0.9516,0.91966,0.86135,0.75683,0.58799,0.36902,0.15753,0.0031199,-0.084078,-0.11384,-0.096255,0
0,-0.17933,-0.23665,-0.24675,-0.20604,-0.10362,0.071019,0.30551,0.54383,0.72546,0.83846,0.90285,0.9392,0.96028,0.97298,0.98095,0.98615,0.98965,0.99208,0.99381,0.99508,0.99603,0.99675,0.9973,0.99774,0.99809,0.99837,0.9986,0.99879,0.99895,0.99909,0.9992,0.9993,0.99938,0.99945,0.99952,0.99958,0.99963,0.99967,0.99971,0.99975,0.99978,0.99981,0.99984,0.99986,0.99988,0.9999,0.99992,0.99994,0.99995,0.99997,0.99998,0.99999,0.99999,1,1,1,1,0.99999,0.99998,0.99996,0.99994,0.99991,0.99987,0.99983,0.99977,0.99969,0.9996,0.99948,0.99933,0.99914,0.99889,0.99855,0.99808,0.99743,0.99649,0.99509,0.9929,0.98936,0.9833,0.97235,0.95136,0.90898,0.82163,0.65441,0.40382,0.15025,-0.023762,-0.1064,-0.11439,0
0,-0.19755,-0.20719,-0.13095,0.053034,0.33997,0.62834,0.814,0.9065,0.95008,0.97141,0.98254,0.98873,0.99238,0.99464,0.99611,0.99709,0.99777,0.99825,0.99861,0.99887,0.99907,0.99923,0.99935,0.99945,0.99953,0.9996,0.99965,0.99969,0.99973,0.99976,0.99979,0.99982,0.99984,0.99986,0.99987,0.99989,0.9999,0.99991,0.99992,0.99993,0.99994,0.99995,0.99996,0.99996,0.99997,0.99997,0.99998,0.99998,0.99999,0.99999,0.99999,1,1,1,1,1,1,0.99999,0.99999,0.99998,0.99998,0.99997,0.99996,0.99994,0.99992,0.9999,0.99987,0.99984,0.99979,0.99974,0.99966,0.99956,0.99943,0.99925,0.99899,0.99862,0.99804,0.99712,0.99557,0.99283,0.98759,0.97679,0.9525,0.89365,0.75115,0.47566,0.15924,-0.045134,-0.11853,0
0,-0.13711,0.023674,0.36814,0.72038,0.89496,0.9579,0.98095,0.99036,0.99465,0.99679,0.99796,0.99863,0.99904,0.99931,0.99948,0.9996,0.99969,0.99975,0.9998,0.99984,0.99986,0.99988,0.9999,0.99992,0.99993,0.99994,0.99994,0.99995,0.99996,0.99996,0.99997,0.99997,0.99997,0.99998,0.99998,0.99998,0.99998,0.99999,0.99999,0.99999,0.99999,0.99999,0.99999,0.99999,0.99999,1,1,1,1,1,1,1,1,1,1,1,1,1,1,1,0.99999,0.99999,0.99999,0.99999,0.99998,0.99998,0.99997,0.99997,0.99996,0.99995,0.99993,0.99992,0.99989,0.99986,0.99981,0.99975,0.99965,0.9995,0.99925,0.99882,0.99802,0.99641,0.99283,0.98385,0.95797,0.87429,0.62614,0.2249,-0.038815,0
0,0.45348,0.83974,0.96208,0.98941,0.99638,0.99853,0.99932,0.99964,0.9998,0.99987,0.99992,0.99994,0.99996,0.99997,0.99998,0.99998,0.99999,0.99999,0.99999,0.99999,0.99999,0.99999,1,1,1,1,1,1,1,1,1,1,1,1,1,1,1,1,1,1,1,1,1,1,1,1,1,1,1,1,1,1,1,1,1,1,1,1,1,1,1,1,1,1,1,1,1,1,1,1,1,0.99999,0.99999,0.99999,0.99999,0.99998,0.99998,0.99997,0.99996,0.99993,0.99989,0.99981,0.99963,0.9992,0.99794,0.9935,0.97389,0.87334,0.50276,0
1,1,1,1,1,1,1,1,1,1,1,1,1,1,1,1,1,1,1,1,1,1,1,1,1,1,1,1,1,1,1,1,1,1,1,1,1,1,1,1,1,1,1,1,1,1,1,1,1,1,1,1,1,1,1,1,1,1,1,1,1,1,1,1,1,1,1,1,1,1,1,1,1,1,1,1,1,1,1,1,1,1,1,1,1,1,1,1,1,1,1
