0,0,0,0,0,0,0,0,0,0,0,0,0,0,0,0,0,0,0,0,0,0,0,0,0,0,0,0,0,0,0,0,0,0,0,0,0,0,0,0,0,0,0,0,0,0,0,0,0,0,0,0,0,0,0,0,0,0,0,0,0,0,0,0,0,0,0,0,0,0,0,0,0,0,0,0,0,0,0,0,0,0,0,0,0,0,0,0,0,0,0
0,0.70801,0.89842,0.96932,0.99594,0.995,0.77977,-0.72651,-0.93129,-0.96758,-0.98085,-0.98736,-0.99109,-0.99343,-0.995,-0.9961,-0.9969,-0.9975,-0.99796,-0.99831,-0.99859,-0.99882,-0.999,-0.99915,-0.99927,-0.99938,-0.99947,-0.99954,-0.99961,-0.99966,-0.99971,-0.99975,-0.99979,-0.99982,-0.99985,-0.99988,-0.9999,-0.99992,-0.99994,-0.99995,-0.99997,-0.99998,-0.99999,-0.99999,-1,-1,-1,-1,-0.99999,-0.99998,-0.99997,-0.99995,-0.99993,-0.9999,-0.99987,-0.99983,-0.99978,-0.99973,-0.99966,-0.99959,-0.9995,-0.99939,-0.99927,-0.99912,-0.99894,-0.99872,-0.99845,-0.99813,-0.99772,-0.9972,-0.99652,-0.9956,-0.99433,-0.99247,-0.98956,-0.98453,-0.97434,-0.94697,-0.81054,0.48017,0.9577,0.99348,0.99952,0.99963,0.99679,0.99037,0.9771,0.94813,0.87945,0.70617,0
0,0.44212,0.70909,0.90618,0.99397,0.0082501,-0.68106,-0.8385,-0.90108,-0.93355,-0.95281,-0.96516,-0.97354,-0.97944,-0.98373,-0.98693,-0.98937,-0.99126,-0.99274,-0.99393,-0.99488,-0.99567,-0.99631,-0.99684,-0.99729,-0.99767,-0.998,-0.99828,-0.99852,-0.99873,-0.99891,-0.99907,-0.99921,-0.99934,-0.99945,-0.99954,-0.99963,-0.99971,-0.99977,-0.99983,-0.99988,-0.99992,-0.99996,-0.99998,-0.99999,-1,-1,-0.99998,-0.99996,-0.99992,-0.99987,-0.9998,-0.99972,-0.99962,-0.9995,-0.99935,-0.99918,-0.99898,-0.99874,-0.99847,-0.99814,-0.99776,-0.99731,-0.99678,-0.99615,-0.99541,-0.99451,-0.99342,-0.9921,-0.99045,-0.98837,-0.9857,-0.98218,-0.9774,-0.97064,-0.96054,-0.94424,-0.91473,-0.85058,-0.66216,0.040081,0.8228,0.97804,0.99986,0.99278,0.96972,0.92604,0.84703,0.70733,0.47506,0
0,0.24985,0.43017,0.71549,-0.5307,-0.68707,-0.77278,-0.83127,-0.8727,-0.90252,-0.92429,-0.94041,-0.95251,-0.96173,-0.96883,-0.97438,-0.97877,-0.98227,-0.9851,-0.9874,-0.98929,-0.99086,-0.99217,-0.99327,-0.9942,-0.995,-0.99568,-0.99627,-0.99679,-0.99724,-0.99763,-0.99798,-0.99828,-0.99855,-0.9988,-0.99901,-0.9992,-0.99937,-0.99951,-0.99964,-0.99975,-0.99983,-0.99991,-0.99996,-0.99999,-1,-0.99999,-0.99996,-0.9999,-0.99982,-0.99971,-0.99956,-0.99938,-0.99916,-0.9989,-0.99859,-0.99822,-0.99779,-0.99728,-0.9967,-0.99601,-0.99522,-0.99429,-0.9932,-0.99193,-0.99044,-0.98867,-0.98657,-0.98405,-0.98099,-0.97725,-0.97262,-0.96679,-0.9593,-0.94946,-0.93614,-0.91738,-0.88954,-0.84502,-0.76536,-0.59658,-0.164,0.62844,0.97271,0.99324,0.93724,0.84335,0.71056,0.53488,0.31849,0
0,0.094933,-0.10482,-0.84654,-0.71027,-0.7299,-0.7699,-0.80963,-0.84424,-0.87295,-0.89625,-0.91498,-0.93,-0.94205,-0.95176,-0.95962,-0.96602,-0.97126,-0.97557,-0.97916,-0.98214,-0.98466,-0.98678,-0.98858,-0.99012,-0.99145,-0.9926,-0.9936,-0.99447,-0.99523,-0.99591,-0.9965,-0.99703,-0.9975,-0.99792,-0.99829,-0.99862,-0.99891,-0.99916,-0.99938,-0.99956,-0.99972,-0.99984,-0.99993,-0.99998,-1,-0.99998,-0.99992,-0.99982,-0.99968,-0.99948,-0.99923,-0.99892,-0.99854,-0.99809,-0.99755,-0.99692,-0.99619,-0.99533,-0.99435,-0.9932,-0.99188,-0.99035,-0.98858,-0.98653,-0.98414,-0.98136,-0.9781,-0.97426,-0.96971,-0.96429,-0.95776,-0.94984,-0.94012,-0.92805,-0.91281,-0.89322,-0.86747,-0.83256,-0.78316,-0.70846,-0.58196,-0.31858,0.37689,0.99702,0.89065,0.72191,0.55482,0.38647,0.21584,0
0,-0.095871,-0.99987,-0.73062,-0.69298,-0.71327,-0.74698,-0.78225,-0.81498,-0.84381,-0.86851,-0.88935,-0.90677,-0.92128,-0.93334,-0.94337,-0.95174,-0.95873,-0.9646,-0.96954,-0.97373,-0.97728,-0.98032,-0.98293,-0.98518,-0.98713,-0.98882,-0.99031,-0.99161,-0.99276,-0.99377,-0.99467,-0.99547,-0.99619,-0.99682,-0.99739,-0.99789,-0.99833,-0.99872,-0.99906,-0.99934,-0.99957,-0.99976,-0.99989,-0.99997,-1,-0.99997,-0.99988,-0.99972,-0.9995,-0.99919,-0.99881,-0.99833,-0.99776,-0.99707,-0.99626,-0.99531,-0.99421,-0.99294,-0.99148,-0.98979,-0.98786,-0.98564,-0.98309,-0.98017,-0.9768,-0.97293,-0.96845,-0.96326,-0.95724,-0.9502,-0.94195,-0.93224,-0.92074,-0.90704,-0.89062,-0.87082,-0.84678,-0.81734,-0.78095,-0.7353,-0.67651,-0.59612,-0.46522,-0.031592,0.80787,0.53581,0.38803,0.26324,0.14531,0
0,-0.64296,-0.72968,-0.64222,-0.65063,-0.68069,-0.71626,-0.75175,-0.78486,-0.81466,-0.84088,-0.86362,-0.88315,-0.89984,-0.91403,-0.9261,-0.93634,-0.94506,-0.95249,-0.95883,-0.96426,-0.96893,-0.97295,-0.97644,-0.97947,-0.98211,-0.98442,-0.98646,-0.98825,-0.98984,-0.99126,-0.99251,-0.99363,-0.99463,-0.99553,-0.99632,-0.99703,-0.99766,-0.9982,-0.99868,-0.99908,-0.99941,-0.99967,-0.99985,-0.99996,-1,-0.99995,-0.99982,-0.9996,-0.99928,-0.99885,-0.99831,-0.99764,-0.99683,-0.99587,-0.99474,-0.99343,-0.99191,-0.99016,-0.98816,-0.98587,-0.98326,-0.98028,-0.9769,-0.97304,-0.96865,-0.96365,-0.95795,-0.95144,-0.944,-0.93548,-0.92569,-0.91445,-0.9015,-0.88658,-0.86937,-0.84953,-0.82669,-0.80052,-0.77074,-0.7373,-0.70063,-0.66243,-0.62816,-0.62132,-0.92049,0.16821,0.20221,0.15643,0.0929,0
0,-0.6704,-0.54852,-0.56661,-0.60256,-0.64241,-0.682,-0.71953,-0.75412,-0.78539,-0.81326,-0.83782,-0.85929,-0.87796,-0.89412,-0.90808,-0.92013,-0.93051,-0.93947,-0.94722,-0.95392,-0.95974,-0.9648,-0.96921,-0.97308,-0.97647,-0.97946,-0.9821,-0.98445,-0.98653,-0.98839,-0.99004,-0.99153,-0.99285,-0.99404,-0.9951,-0.99604,-0.99688,-0.99761,-0.99824,-0.99877,-0.99921,-0.99956,-0.99981,-0.99995,-1,-0.99994,-0.99976,-0.99946,-0.99903,-0.99845,-0.99773,-0.99684,-0.99577,-0.9945,-0.99302,-0.9913,-0.98932,-0.98705,-0.98446,-0.98151,-0.97818,-0.9744,-0.97014,-0.96532,-0.95989,-0.95377,-0.94687,-0.93909,-0.93032,-0.92044,-0.90929,-0.89673,-0.88259,-0.86669,-0.84886,-0.82896,-0.80689,-0.78263,-0.75641,-0.72877,-0.701,-0.67591,-0.66023,-0.67346,-0.79632,-0.73426,-0.039599,0.053105,0.04978,0
0,-0.36312,-0.44121,-0.50198,-0.55475,-0.60258,-0.64642,-0.68656,-0.72309,-0.75609,-0.78567,-0.812,-0.8353,-0.85581,-0.8738,-0.88954,-0.90328,-0.91528,-0.92574,-0.93487,-0.94285,-0.94984,-0.95596,-0.96135,-0.96609,-0.97028,-0.97399,-0.97729,-0.98022,-0.98284,-0.98519,-0.98729,-0.98917,-0.99086,-0.99238,-0.99373,-0.99494,-0.996,-0.99694,-0.99775,-0.99844,-0.999,-0.99944,-0.99976,-0.99994,-1,-0.99992,-0.99968,-0.9993,-0.99874,-0.99801,-0.99708,-0.99595,-0.99459,-0.99299,-0.99112,-0.98895,-0.98647,-0.98365,-0.98044,-0.9768,-0.97271,-0.96811,-0.96295,-0.95717,-0.9507,-0.94348,-0.93542,-0.92644,-0.91643,-0.9053,-0.89294,-0.87923,-0.86406,-0.84734,-0.82897,-0.80892,-0.78723,-0.76402,-0.73966,-0.71481,-0.69074,-0.6699,-0.65741,-0.66552,-0.73139,-0.96479,-0.43569,-0.066472,0.0093104,0
0,-0.25603,-0.3688,-0.44709,-0.50969,-0.56335,-0.61089,-0.6536,-0.69215,-0.72693,-0.75821,-0.78624,-0.81125,-0.83349,-0.85319,-0.8706,-0.88597,-0.8995,-0.91142,-0.92192,-0.93117,-0.93933,-0.94654,-0.95291,-0.95857,-0.96359,-0.96806,-0.97205,-0.97561,-0.97881,-0.98168,-0.98426,-0.98658,-0.98866,-0.99054,-0.99221,-0.99371,-0.99504,-0.9962,-0.99721,-0.99806,-0.99876,-0.99931,-0.9997,-0.99993,-1,-0.99989,-0.9996,-0.99912,-0.99843,-0.99753,-0.99638,-0.99499,-0.99332,-0.99135,-0.98907,-0.98644,-0.98343,-0.98001,-0.97616,-0.97182,-0.96695,-0.96151,-0.95545,-0.94871,-0.94123,-0.93294,-0.92377,-0.91365,-0.9025,-0.89024,-0.87678,-0.86204,-0.84597,-0.8285,-0.80961,-0.78931,-0.7677,-0.74496,-0.72145,-0.69777,-0.67497,-0.65492,-0.64117,-0.64134,-0.67498,-0.80514,-0.95071,-0.24479,-0.035796,0
0,-0.20043,-0.31611,-0.40061,-0.46838,-0.52588,-0.57627,-0.62121,-0.66164,-0.69811,-0.73101,-0.76064,-0.78725,-0.8111,-0.8324,-0.85139,-0.86829,-0.88331,-0.89664,-0.90847,-0.91897,-0.9283,-0.9366,-0.94398,-0.95056,-0.95644,-0.9617,-0.96641,-0.97065,-0.97445,-0.97788,-0.98097,-0.98376,-0.98627,-0.98853,-0.99056,-0.99237,-0.99398,-0.99539,-0.99661,-0.99765,-0.9985,-0.99916,-0.99964,-0.99992,-1,-0.99987,-0.99952,-0.99894,-0.99811,-0.99701,-0.99564,-0.99396,-0.99196,-0.98961,-0.98689,-0.98377,-0.98022,-0.9762,-0.97168,-0.96662,-0.96097,-0.9547,-0.94774,-0.94006,-0.93159,-0.92227,-0.91206,-0.90087,-0.88866,-0.87535,-0.8609,-0.84524,-0.82834,-0.81017,-0.79075,-0.77011,-0.74836,-0.72569,-0.70239,-0.67895,-0.65618,-0.6354,-0.61895,-0.61145,-0.62355,-0.68586,-0.90202,-0.59832,-0.098807,0
0,-0.16552,-0.27593,-0.36119,-0.43107,-0.49077,-0.54313,-0.58983,-0.63184,-0.66982,-0.70419,-0.7353,-0.7634,-0.78873,-0.81153,-0.832,-0.85035,-0.86678,-0.88147,-0.8946,-0.90633,-0.91682,-0.9262,-0.9346,-0.94212,-0.94888,-0.95495,-0.96042,-0.96534,-0.96979,-0.97381,-0.97744,-0.98072,-0.98369,-0.98636,-0.98877,-0.99092,-0.99283,-0.9945,-0.99596,-0.99719,-0.99821,-0.999,-0.99957,-0.9999,-1,-0.99985,-0.99943,-0.99874,-0.99776,-0.99647,-0.99485,-0.99289,-0.99054,-0.9878,-0.98463,-0.98101,-0.97689,-0.97226,-0.96707,-0.96128,-0.95485,-0.94775,-0.93992,-0.93132,-0.9219,-0.9116,-0.90039,-0.88821,-0.87501,-0.86074,-0.84537,-0.82886,-0.81119,-0.79237,-0.7724,-0.75134,-0.72929,-0.7064,-0.68292,-0.6592,-0.6358,-0.6136,-0.59407,-0.57987,-0.5766,-0.59859,-0.69547,-0.9991,-0.21972,0
0,-0.14122,-0.24427,-0.32762,-0.39767,-0.45828,-0.51181,-0.55973,-0.60299,-0.64224,-0.6779,-0.71032,-0.73977,-0.76648,-0.79066,-0.81252,-0.83223,-0.85,-0.866,-0.88038,-0.89331,-0.90494,-0.9154,-0.92482,-0.93329,-0.94094,-0.94784,-0.95408,-0.95972,-0.96484,-0.96947,-0.97367,-0.97748,-0.98092,-0.98404,-0.98684,-0.98935,-0.99158,-0.99355,-0.99525,-0.9967,-0.99789,-0.99882,-0.99949,-0.99988,-1,-0.99982,-0.99935,-0.99855,-0.99741,-0.99592,-0.99405,-0.99178,-0.98908,-0.98594,-0.98231,-0.97817,-0.97349,-0.96824,-0.96237,-0.95586,-0.94866,-0.94075,-0.93206,-0.92258,-0.91224,-0.90102,-0.88887,-0.87576,-0.86164,-0.84648,-0.83026,-0.81296,-0.79457,-0.77511,-0.75458,-0.73304,-0.71058,-0.6873,-0.66339,-0.63908,-0.61473,-0.59088,-0.56834,-0.54851,-0.53406,-0.53108,-0.55776,-0.70188,-0.60992,0
0,-0.12318,-0.21871,-0.29888,-0.36786,-0.42844,-0.48244,-0.5311,-0.57526,-0.61551,-0.65225,-0.68582,-0.71647,-0.74441,-0.76986,-0.793,-0.814,-0.83304,-0.85028,-0.86587,-0.87997,-0.89272,-0.90425,-0.91467,-0.92411,-0.93265,-0.9404,-0.94742,-0.9538,-0.9596,-0.96488,-0.96967,-0.97402,-0.97797,-0.98155,-0.98477,-0.98767,-0.99024,-0.99251,-0.99448,-0.99616,-0.99754,-0.99862,-0.99939,-0.99986,-1,-0.99981,-0.99926,-0.99836,-0.99706,-0.99536,-0.99324,-0.99066,-0.9876,-0.98404,-0.97995,-0.97529,-0.97005,-0.96417,-0.95764,-0.95042,-0.94247,-0.93376,-0.92425,-0.91391,-0.90271,-0.89061,-0.87757,-0.86358,-0.84861,-0.83262,-0.81562,-0.79758,-0.77851,-0.75842,-0.73733,-0.71528,-0.69232,-0.66855,-0.64407,-0.61902,-0.59359,-0.56807,-0.54281,-0.51838,-0.49577,-0.47691,-0.46677,-0.48452,-0.73237,0
0,-0.1092,-0.19766,-0.27412,-0.3413,-0.40115,-0.45507,-0.50404,-0.54876,-0.58973,-0.62734,-0.66187,-0.69356,-0.72261,-0.74921,-0.77353,-0.79572,-0.81595,-0.83437,-0.85113,-0.86636,-0.8802,-0.89277,-0.9042,-0.91458,-0.92403,-0.93263,-0.94046,-0.9476,-0.9541,-0.96003,-0.96544,-0.97036,-0.97484,-0.9789,-0.98257,-0.98587,-0.98881,-0.9914,-0.99365,-0.99557,-0.99715,-0.99839,-0.99929,-0.99983,-1,-0.99979,-0.99919,-0.99817,-0.99672,-0.99481,-0.99242,-0.98953,-0.98612,-0.98214,-0.97758,-0.97241,-0.9666,-0.96012,-0.95293,-0.94501,-0.93632,-0.92684,-0.91654,-0.90539,-0.89336,-0.88042,-0.86656,-0.85175,-0.83597,-0.81922,-0.80148,-0.78275,-0.76303,-0.74234,-0.72068,-0.6981,-0.67462,-0.65029,-0.62517,-0.59933,-0.57282,-0.54572,-0.51811,-0.49003,-0.46149,-0.4324,-0.4025,-0.37133,-0.34412,0
0,-0.098025,-0.18004,-0.25264,-0.31759,-0.37627,-0.42967,-0.47858,-0.52354,-0.56499,-0.60324,-0.63854,-0.67111,-0.70113,-0.72876,-0.75415,-0.77744,-0.79879,-0.81833,-0.83619,-0.85251,-0.86741,-0.88101,-0.89342,-0.90476,-0.91511,-0.92456,-0.9332,-0.94111,-0.94833,-0.95494,-0.96098,-0.9665,-0.97152,-0.97609,-0.98022,-0.98394,-0.98727,-0.9902,-0.99276,-0.99493,-0.99673,-0.99814,-0.99917,-0.99979,-1,-0.99978,-0.99912,-0.998,-0.99639,-0.99427,-0.99163,-0.98843,-0.98465,-0.98026,-0.97524,-0.96956,-0.96319,-0.9561,-0.94827,-0.93967,-0.93028,-0.92006,-0.909,-0.89707,-0.88425,-0.87053,-0.85589,-0.84031,-0.82379,-0.80631,-0.78788,-0.7685,-0.74817,-0.72689,-0.70469,-0.68157,-0.65755,-0.63265,-0.60688,-0.58024,-0.55271,-0.52422,-0.49464,-0.46372,-0.43093,-0.39527,-0.35456,-0.30358,-0.22699,0
0,-0.088866,-0.16509,-0.23388,-0.2964,-0.35358,-0.40615,-0.45469,-0.49963,-0.54131,-0.57999,-0.61589,-0.64919,-0.68003,-0.70856,-0.73491,-0.75922,-0.7816,-0.80219,-0.8211,-0.83846,-0.85438,-0.86898,-0.88237,-0.89464,-0.90589,-0.9162,-0.92567,-0.93434,-0.94231,-0.94961,-0.9563,-0.96242,-0.96801,-0.97311,-0.97773,-0.98189,-0.98561,-0.98891,-0.99178,-0.99423,-0.99626,-0.99786,-0.99903,-0.99974,-1,-0.99978,-0.99907,-0.99784,-0.99608,-0.99376,-0.99086,-0.98735,-0.98321,-0.97842,-0.97294,-0.96676,-0.95984,-0.95217,-0.94371,-0.93446,-0.92437,-0.91345,-0.90166,-0.88899,-0.87543,-0.86097,-0.84559,-0.8293,-0.81208,-0.79393,-0.77486,-0.75486,-0.73395,-0.71212,-0.68938,-0.66574,-0.64119,-0.61573,-0.58932,-0.56193,-0.53347,-0.50378,-0.47261,-0.43952,-0.40376,-0.36394,-0.31739,-0.25838,-0.17261,0
0,-0.081217,-0.15225,-0.21739,-0.27739,-0.33288,-0.38438,-0.43232,-0.47701,-0.51871,-0.55764,-0.59396,-0.62782,-0.65935,-0.68866,-0.71587,-0.74108,-0.76442,-0.78598,-0.80589,-0.82424,-0.84115,-0.85672,-0.87105,-0.88425,-0.89639,-0.90756,-0.91785,-0.92731,-0.93602,-0.94403,-0.95138,-0.95813,-0.96431,-0.96995,-0.97507,-0.9797,-0.98385,-0.98752,-0.99073,-0.99347,-0.99574,-0.99754,-0.99886,-0.99968,-1,-0.99978,-0.99903,-0.99771,-0.9958,-0.99328,-0.99013,-0.98632,-0.98183,-0.97664,-0.97072,-0.96404,-0.95659,-0.94835,-0.93929,-0.92939,-0.91865,-0.90705,-0.89457,-0.8812,-0.86694,-0.85178,-0.83571,-0.81875,-0.80087,-0.7821,-0.76242,-0.74185,-0.72039,-0.69804,-0.67479,-0.65064,-0.62559,-0.59958,-0.57259,-0.54452,-0.51524,-0.48455,-0.45212,-0.41744,-0.37964,-0.33728,-0.28774,-0.22596,-0.14098,0
0,-0.074725,-0.14112,-0.20281,-0.26028,-0.31398,-0.36425,-0.41139,-0.45564,-0.49718,-0.53618,-0.57277,-0.60705,-0.63913,-0.6691,-0.69705,-0.72308,-0.74728,-0.76975,-0.79058,-0.80988,-0.82773,-0.84424,-0.8595,-0.8736,-0.88662,-0.89865,-0.90975,-0.92001,-0.92947,-0.9382,-0.94623,-0.95363,-0.96041,-0.96661,-0.97226,-0.97737,-0.98195,-0.98602,-0.98958,-0.99263,-0.99517,-0.99718,-0.99867,-0.99961,-0.99999,-0.9998,-0.99901,-0.9976,-0.99555,-0.99284,-0.98945,-0.98535,-0.98052,-0.97494,-0.96858,-0.96143,-0.95346,-0.94466,-0.93502,-0.92452,-0.91315,-0.90089,-0.88776,-0.87373,-0.8588,-0.84299,-0.82628,-0.80868,-0.7902,-0.77084,-0.7506,-0.72949,-0.70751,-0.68466,-0.66093,-0.63632,-0.61078,-0.58427,-0.55674,-0.52807,-0.4981,-0.4666,-0.43321,-0.39737,-0.35825,-0.31443,-0.26359,-0.20153,-0.12015,0
0,-0.069141,-0.13136,-0.18982,-0.24483,-0.29668,-0.34561,-0.39182,-0.43547,-0.4767,-0.51562,-0.55232,-0.58688,-0.61938,-0.64989,-0.67849,-0.70523,-0.73022,-0.75352,-0.77521,-0.79539,-0.81415,-0.83156,-0.84771,-0.8627,-0.87659,-0.88946,-0.90139,-0.91243,-0.92266,-0.93211,-0.94084,-0.94889,-0.95629,-0.96308,-0.96926,-0.97487,-0.97992,-0.9844,-0.98834,-0.99171,-0.99453,-0.99678,-0.99844,-0.99952,-0.99998,-0.99982,-0.999,-0.99752,-0.99535,-0.99246,-0.98883,-0.98445,-0.97929,-0.97333,-0.96655,-0.95894,-0.95047,-0.94115,-0.93094,-0.91986,-0.90788,-0.89501,-0.88125,-0.86659,-0.85105,-0.83461,-0.8173,-0.79911,-0.78006,-0.76015,-0.73939,-0.71778,-0.69532,-0.672,-0.64783,-0.62277,-0.59679,-0.56983,-0.54182,-0.51262,-0.48208,-0.44994,-0.41584,-0.37922,-0.33928,-0.29475,-0.24361,-0.18247,-0.10534,0
0,-0.064282,-0.12274,-0.17819,-0.23082,-0.28081,-0.32833,-0.3735,-0.41644,-0.45722,-0.49592,-0.53261,-0.56733,-0.60013,-0.63107,-0.6602,-0.68757,-0.71325,-0.73731,-0.7598,-0.78081,-0.80042,-0.81869,-0.83571,-0.85156,-0.8663,-0.88001,-0.89275,-0.90459,-0.91558,-0.92577,-0.9352,-0.94392,-0.95196,-0.95934,-0.96609,-0.97222,-0.97774,-0.98266,-0.98698,-0.9907,-0.99382,-0.99631,-0.99818,-0.9994,-0.99996,-0.99984,-0.99902,-0.99747,-0.99518,-0.99213,-0.98829,-0.98363,-0.97816,-0.97183,-0.96465,-0.95659,-0.94765,-0.93781,-0.92707,-0.91543,-0.90288,-0.88942,-0.87507,-0.85982,-0.84368,-0.82667,-0.80879,-0.79005,-0.77047,-0.75005,-0.72879,-0.70671,-0.68381,-0.66007,-0.63547,-0.61001,-0.58362,-0.55626,-0.52783,-0.4982,-0.4672,-0.43457,-0.39995,-0.36283,-0.32245,-0.2777,-0.22686,-0.16721,-0.094259,0
0,-0.060011,-0.11507,-0.16771,-0.21806,-0.26622,-0.31229,-0.35636,-0.39848,-0.43871,-0.47708,-0.51363,-0.54839,-0.58139,-0.61265,-0.64221,-0.67011,-0.69641,-0.72114,-0.74436,-0.76615,-0.78655,-0.80565,-0.8235,-0.84018,-0.85575,-0.87029,-0.88384,-0.89646,-0.90822,-0.91915,-0.9293,-0.9387,-0.94739,-0.95538,-0.96271,-0.96938,-0.9754,-0.98077,-0.98551,-0.98959,-0.99302,-0.99579,-0.99787,-0.99926,-0.99994,-0.99987,-0.99906,-0.99746,-0.99507,-0.99186,-0.98782,-0.98291,-0.97713,-0.97046,-0.96289,-0.9544,-0.945,-0.93467,-0.92342,-0.91124,-0.89815,-0.88414,-0.86922,-0.85341,-0.83672,-0.81917,-0.80076,-0.7815,-0.76142,-0.74052,-0.71881,-0.6963,-0.67298,-0.64884,-0.62387,-0.59803,-0.57129,-0.54357,-0.51478,-0.48479,-0.45343,-0.42044,-0.38548,-0.34807,-0.30753,-0.26289,-0.21269,-0.15476,-0.085664,0
0,-0.056223,-0.10819,-0.15822,-0.20639,-0.25275,-0.29737,-0.34029,-0.38153,-0.42111,-0.45906,-0.49537,-0.53006,-0.56314,-0.59463,-0.62453,-0.65287,-0.67969,-0.70503,-0.72892,-0.75141,-0.77257,-0.79244,-0.81109,-0.82857,-0.84496,-0.86029,-0.87464,-0.88805,-0.90058,-0.91225,-0.92312,-0.93322,-0.94257,-0.95119,-0.95911,-0.96634,-0.97288,-0.97873,-0.9839,-0.98837,-0.99214,-0.99519,-0.99751,-0.99909,-0.99989,-0.99991,-0.99911,-0.99749,-0.99501,-0.99167,-0.98743,-0.98228,-0.97622,-0.96922,-0.96127,-0.95238,-0.94254,-0.93174,-0.92,-0.90732,-0.8937,-0.87916,-0.86372,-0.84738,-0.83017,-0.8121,-0.79319,-0.77345,-0.75291,-0.73157,-0.70943,-0.68652,-0.66281,-0.63831,-0.61299,-0.58682,-0.55976,-0.53173,-0.50264,-0.47236,-0.44072,-0.40748,-0.37231,-0.33479,-0.29429,-0.24997,-0.20061,-0.14444,-0.078819,0
0,-0.052836,-0.10199,-0.14959,-0.19568,-0.2403,-0.28347,-0.3252,-0.3655,-0.40437,-0.44181,-0.47779,-0.51233,-0.5454,-0.57701,-0.60716,-0.63586,-0.66313,-0.68899,-0.71347,-0.73662,-0.75847,-0.77907,-0.79848,-0.81674,-0.8339,-0.85003,-0.86516,-0.87935,-0.89264,-0.90506,-0.91666,-0.92746,-0.93749,-0.94676,-0.95529,-0.96309,-0.97017,-0.97652,-0.98214,-0.98702,-0.99115,-0.99451,-0.99709,-0.99887,-0.99983,-0.99994,-0.99919,-0.99755,-0.99501,-0.99154,-0.98713,-0.98176,-0.97543,-0.96811,-0.95982,-0.95054,-0.94028,-0.92904,-0.91683,-0.90366,-0.88955,-0.87451,-0.85856,-0.84172,-0.82402,-0.80547,-0.78609,-0.7659,-0.74492,-0.72316,-0.70064,-0.67735,-0.65329,-0.62846,-0.60282,-0.57636,-0.54902,-0.52072,-0.49139,-0.46088,-0.42904,-0.39563,-0.36037,-0.32284,-0.28252,-0.23865,-0.19022,-0.13578,-0.073259,0
0,-0.049785,-0.09635,-0.14168,-0.18581,-0.22874,-0.27047,-0.31101,-0.35034,-0.38844,-0.4253,-0.46088,-0.49517,-0.52815,-0.5598,-0.59011,-0.61908,-0.64672,-0.67303,-0.69804,-0.72178,-0.74427,-0.76555,-0.78568,-0.80468,-0.8226,-0.83949,-0.85539,-0.87035,-0.8844,-0.89757,-0.9099,-0.92141,-0.93212,-0.94206,-0.95122,-0.95962,-0.96725,-0.97412,-0.98022,-0.98553,-0.99004,-0.99374,-0.9966,-0.99861,-0.99974,-0.99997,-0.99928,-0.99765,-0.99506,-0.99149,-0.98692,-0.98135,-0.97477,-0.96716,-0.95853,-0.94888,-0.93822,-0.92655,-0.9139,-0.90027,-0.88569,-0.87017,-0.85374,-0.83643,-0.81826,-0.79926,-0.77944,-0.75882,-0.73744,-0.7153,-0.6924,-0.66877,-0.64439,-0.61925,-0.59334,-0.56661,-0.53903,-0.51051,-0.48097,-0.45029,-0.41831,-0.38482,-0.34954,-0.31211,-0.27205,-0.22872,-0.18125,-0.12845,-0.068673,0
0,-0.047018,-0.091205,-0.13442,-0.17668,-0.21798,-0.2583,-0.29764,-0.33597,-0.37326,-0.40948,-0.44459,-0.47857,-0.51137,-0.54298,-0.57338,-0.60254,-0.63047,-0.65716,-0.68263,-0.7069,-0.72997,-0.75189,-0.77268,-0.79239,-0.81104,-0.82867,-0.84532,-0.86104,-0.87584,-0.88976,-0.90282,-0.91505,-0.92646,-0.93707,-0.94688,-0.95589,-0.96411,-0.97152,-0.97811,-0.98388,-0.9888,-0.99286,-0.99603,-0.99829,-0.99962,-0.99999,-0.99939,-0.99779,-0.99517,-0.99151,-0.98681,-0.98106,-0.97424,-0.96635,-0.95741,-0.94741,-0.93637,-0.9243,-0.91122,-0.89715,-0.88211,-0.86614,-0.84926,-0.8315,-0.81289,-0.79345,-0.77322,-0.75221,-0.73044,-0.70794,-0.68471,-0.66076,-0.63608,-0.61067,-0.5845,-0.55755,-0.52975,-0.50105,-0.47135,-0.44055,-0.40848,-0.37496,-0.33972,-0.30246,-0.26273,-0.21998,-0.17346,-0.1222,-0.064841,0
0,-0.044494,-0.086482,-0.12772,-0.1682,-0.20793,-0.24688,-0.28502,-0.32234,-0.35878,-0.39432,-0.42891,-0.4625,-0.49506,-0.52656,-0.55696,-0.58624,-0.61439,-0.64139,-0.66725,-0.69198,-0.71558,-0.73808,-0.7595,-0.77987,-0.79921,-0.81756,-0.83495,-0.8514,-0.86695,-0.88161,-0.89541,-0.90836,-0.92048,-0.93178,-0.94225,-0.9519,-0.96072,-0.96869,-0.97581,-0.98206,-0.98742,-0.99186,-0.99537,-0.99791,-0.99946,-1,-0.9995,-0.99795,-0.99533,-0.99161,-0.9868,-0.98088,-0.97384,-0.9657,-0.95646,-0.94613,-0.93472,-0.92226,-0.90878,-0.89429,-0.87882,-0.86242,-0.84511,-0.82692,-0.80789,-0.78804,-0.76742,-0.74603,-0.72391,-0.70107,-0.67752,-0.65328,-0.62833,-0.60267,-0.57628,-0.54912,-0.52115,-0.49229,-0.46247,-0.43158,-0.39947,-0.36597,-0.33083,-0.29377,-0.25441,-0.21225,-0.16667,-0.11682,-0.061608,0
0,-0.042177,-0.082126,-0.1215,-0.1603,-0.19852,-0.23612,-0.27309,-0.30938,-0.34496,-0.37977,-0.41378,-0.44694,-0.47919,-0.51051,-0.54084,-0.57017,-0.59847,-0.62571,-0.6519,-0.67703,-0.70111,-0.72413,-0.74613,-0.76712,-0.78712,-0.80616,-0.82426,-0.84143,-0.85771,-0.87311,-0.88764,-0.90133,-0.91417,-0.92616,-0.93731,-0.94761,-0.95705,-0.96562,-0.97329,-0.98005,-0.98587,-0.99073,-0.9946,-0.99744,-0.99925,-0.99998,-0.99962,-0.99815,-0.99554,-0.99179,-0.98688,-0.98081,-0.97358,-0.9652,-0.95568,-0.94503,-0.93328,-0.92045,-0.90658,-0.89168,-0.87581,-0.85899,-0.84126,-0.82267,-0.80324,-0.783,-0.762,-0.74026,-0.71781,-0.69465,-0.67082,-0.6463,-0.62111,-0.59522,-0.56863,-0.54129,-0.51317,-0.48419,-0.45429,-0.42334,-0.39123,-0.35778,-0.32277,-0.28595,-0.24698,-0.20541,-0.16071,-0.11216,-0.058855,0
0,-0.04004,-0.078089,-0.11572,-0.15292,-0.18967,-0.22597,-0.26177,-0.29704,-0.33173,-0.3658,-0.39919,-0.43186,-0.46375,-0.49483,-0.52503,-0.55434,-0.58272,-0.61014,-0.63659,-0.66206,-0.68654,-0.71005,-0.73258,-0.75415,-0.77477,-0.79446,-0.81324,-0.83112,-0.84811,-0.86424,-0.87951,-0.89392,-0.90748,-0.92019,-0.93204,-0.94301,-0.9531,-0.96228,-0.97053,-0.97783,-0.98414,-0.98944,-0.9937,-0.99689,-0.99898,-0.99994,-0.99974,-0.99837,-0.99581,-0.99204,-0.98706,-0.98086,-0.97346,-0.96486,-0.95507,-0.94413,-0.93205,-0.91886,-0.90461,-0.88933,-0.87306,-0.85584,-0.83772,-0.81873,-0.79891,-0.77831,-0.75696,-0.73488,-0.71211,-0.68866,-0.66455,-0.63978,-0.61436,-0.58828,-0.56151,-0.53402,-0.50577,-0.4767,-0.44673,-0.41576,-0.38367,-0.3503,-0.31546,-0.2789,-0.24032,-0.19933,-0.15547,-0.10811,-0.056493,0
0,-0.038059,-0.074333,-0.11031,-0.14598,-0.18135,-0.21637,-0.25102,-0.28527,-0.31907,-0.35236,-0.3851,-0.41724,-0.44872,-0.4795,-0.50952,-0.53874,-0.56713,-0.59466,-0.62131,-0.64706,-0.6719,-0.69582,-0.71883,-0.74094,-0.76214,-0.78245,-0.80188,-0.82044,-0.83814,-0.85499,-0.87098,-0.88613,-0.90042,-0.91385,-0.9264,-0.93807,-0.94882,-0.95864,-0.9675,-0.97537,-0.98221,-0.98799,-0.99267,-0.99623,-0.99864,-0.99985,-0.99985,-0.99861,-0.99611,-0.99235,-0.98732,-0.98103,-0.97347,-0.96466,-0.95463,-0.9434,-0.931,-0.91748,-0.90287,-0.88721,-0.87056,-0.85295,-0.83444,-0.81508,-0.79489,-0.77394,-0.75225,-0.72985,-0.70678,-0.68305,-0.65869,-0.63369,-0.60807,-0.5818,-0.55487,-0.52725,-0.4989,-0.46976,-0.43975,-0.40878,-0.37674,-0.34348,-0.30881,-0.27252,-0.23434,-0.19391,-0.15083,-0.10456,-0.054453,0
0,-0.036214,-0.070823,-0.10524,-0.13946,-0.17348,-0.20727,-0.2408,-0.27403,-0.30692,-0.33942,-0.37149,-0.40306,-0.43408,-0.4645,-0.49428,-0.52336,-0.55171,-0.57929,-0.60607,-0.63204,-0.65717,-0.68146,-0.7049,-0.72749,-0.74923,-0.77012,-0.79018,-0.8094,-0.82778,-0.84533,-0.86204,-0.87791,-0.89294,-0.9071,-0.92038,-0.93275,-0.9442,-0.95469,-0.96418,-0.97265,-0.98005,-0.98634,-0.99149,-0.99546,-0.99821,-0.99971,-0.99993,-0.99885,-0.99646,-0.99273,-0.98768,-0.9813,-0.9736,-0.96461,-0.95435,-0.94285,-0.93015,-0.9163,-0.90134,-0.88532,-0.86829,-0.85031,-0.83143,-0.8117,-0.79116,-0.76986,-0.74785,-0.72514,-0.70179,-0.6778,-0.6532,-0.62799,-0.60217,-0.57574,-0.54867,-0.52094,-0.49251,-0.46332,-0.43329,-0.40235,-0.37037,-0.33723,-0.30275,-0.26674,-0.22895,-0.18907,-0.14672,-0.10144,-0.052679,0
0,-0.034489,-0.067531,-0.10047,-0.1333,-0.16603,-0.19861,-0.23104,-0.26327,-0.29525,-0.32695,-0.35832,-0.38929,-0.41981,-0.44984,-0.47932,-0.5082,-0.53644,-0.56401,-0.59087,-0.61699,-0.64236,-0.66696,-0.69078,-0.7138,-0.73604,-0.75748,-0.77812,-0.79796,-0.81701,-0.83524,-0.85267,-0.86926,-0.88502,-0.89992,-0.91394,-0.92704,-0.9392,-0.95038,-0.96054,-0.96964,-0.97764,-0.98448,-0.99013,-0.99454,-0.99768,-0.9995,-0.99999,-0.9991,-0.99684,-0.99318,-0.98812,-0.98168,-0.97387,-0.9647,-0.95423,-0.94247,-0.92948,-0.91531,-0.90001,-0.88363,-0.86624,-0.8479,-0.82865,-0.80856,-0.78768,-0.76605,-0.74372,-0.72073,-0.6971,-0.67287,-0.64804,-0.62263,-0.59664,-0.57006,-0.54288,-0.51505,-0.48655,-0.45733,-0.4273,-0.3964,-0.3645,-0.3315,-0.29722,-0.26149,-0.22408,-0.18471,-0.14305,-0.098685,-0.051127,0
0,-0.032869,-0.064432,-0.095967,-0.12748,-0.15895,-0.19037,-0.22172,-0.25295,-0.28403,-0.31492,-0.34556,-0.3759,-0.40589,-0.43548,-0.46462,-0.49325,-0.52133,-0.54883,-0.57571,-0.60193,-0.62748,-0.65233,-0.67647,-0.69988,-0.72256,-0.7445,-0.76569,-0.78613,-0.80581,-0.82471,-0.84283,-0.86015,-0.87664,-0.89228,-0.90705,-0.9209,-0.93379,-0.9457,-0.95655,-0.96632,-0.97495,-0.98238,-0.98857,-0.99347,-0.99703,-0.99922,-1,-0.99934,-0.99724,-0.99367,-0.98864,-0.98216,-0.97425,-0.96493,-0.95425,-0.94225,-0.92898,-0.9145,-0.89886,-0.88214,-0.86439,-0.84569,-0.82609,-0.80565,-0.78443,-0.76248,-0.73985,-0.71657,-0.69269,-0.66822,-0.64318,-0.61758,-0.59144,-0.56472,-0.53743,-0.50953,-0.48099,-0.45174,-0.42173,-0.39088,-0.35908,-0.32622,-0.29215,-0.2567,-0.21966,-0.18078,-0.13976,-0.096231,-0.049761,0
0,-0.031344,-0.061507,-0.091706,-0.12195,-0.15222,-0.18251,-0.2128,-0.24305,-0.27323,-0.30329,-0.3332,-0.36289,-0.39231,-0.42143,-0.45017,-0.47851,-0.50638,-0.53375,-0.56059,-0.58685,-0.61252,-0.63756,-0.66197,-0.68571,-0.70879,-0.73119,-0.75289,-0.77389,-0.79417,-0.81372,-0.83252,-0.85054,-0.86777,-0.88416,-0.89968,-0.91429,-0.92794,-0.94059,-0.95218,-0.96265,-0.97195,-0.98001,-0.98678,-0.99221,-0.99624,-0.99884,-0.99995,-0.99957,-0.99766,-0.99421,-0.98923,-0.98274,-0.97475,-0.96529,-0.95442,-0.94219,-0.92864,-0.91386,-0.89789,-0.88083,-0.86273,-0.84367,-0.82371,-0.80293,-0.78138,-0.75911,-0.73619,-0.71264,-0.6885,-0.66381,-0.63857,-0.61281,-0.58651,-0.55968,-0.5323,-0.50434,-0.47576,-0.44651,-0.41653,-0.38574,-0.35405,-0.32134,-0.28749,-0.25231,-0.21563,-0.17722,-0.1368,-0.094036,-0.048552,0
0,-0.029903,-0.058738,-0.087663,-0.11668,-0.1458,-0.17499,-0.20424,-0.23353,-0.26281,-0.29205,-0.3212,-0.35022,-0.37906,-0.40766,-0.43598,-0.46396,-0.49158,-0.51877,-0.54551,-0.57175,-0.59748,-0.62266,-0.64728,-0.67131,-0.69473,-0.71754,-0.73971,-0.76123,-0.78208,-0.80225,-0.8217,-0.84042,-0.85837,-0.87551,-0.89179,-0.90718,-0.92161,-0.93503,-0.94738,-0.9586,-0.9686,-0.97734,-0.98474,-0.99075,-0.9953,-0.99834,-0.99984,-0.99976,-0.99808,-0.99479,-0.98989,-0.98341,-0.97536,-0.96578,-0.95473,-0.94227,-0.92846,-0.91337,-0.89708,-0.87967,-0.86122,-0.84181,-0.8215,-0.80038,-0.7785,-0.75593,-0.73271,-0.7089,-0.68452,-0.65961,-0.63419,-0.60826,-0.58183,-0.5549,-0.52744,-0.49942,-0.47082,-0.44159,-0.41165,-0.38094,-0.34936,-0.31682,-0.28317,-0.24827,-0.21195,-0.17397,-0.13411,-0.092061,-0.047474,0
0,-0.028537,-0.056108,-0.083816,-0.11167,-0.13966,-0.16779,-0.19603,-0.22436,-0.25275,-0.28116,-0.30956,-0.33789,-0.3661,-0.39416,-0.42202,-0.44962,-0.47692,-0.50388,-0.53047,-0.55664,-0.58237,-0.60764,-0.6324,-0.65665,-0.68037,-0.70354,-0.72613,-0.74813,-0.76952,-0.79027,-0.81036,-0.82976,-0.84842,-0.8663,-0.88335,-0.89953,-0.91476,-0.92898,-0.94213,-0.95412,-0.96488,-0.97434,-0.98242,-0.98905,-0.99416,-0.99771,-0.99963,-0.9999,-0.99849,-0.9954,-0.99061,-0.98416,-0.97607,-0.96639,-0.95517,-0.94249,-0.92841,-0.91303,-0.89642,-0.87867,-0.85986,-0.84009,-0.81944,-0.79797,-0.77577,-0.75289,-0.72939,-0.70531,-0.6807,-0.65559,-0.62998,-0.60391,-0.57736,-0.55033,-0.5228,-0.49475,-0.46615,-0.43693,-0.40705,-0.37642,-0.34497,-0.31259,-0.27916,-0.24454,-0.20855,-0.171,-0.13167,-0.090273,-0.046508,0
0,-0.027239,-0.053607,-0.08015,-0.10688,-0.13379,-0.16088,-0.18813,-0.21553,-0.24303,-0.27062,-0.29825,-0.32587,-0.35345,-0.38094,-0.40829,-0.43546,-0.46241,-0.4891,-0.51548,-0.54152,-0.5672,-0.59248,-0.61735,-0.64176,-0.66572,-0.68918,-0.71215,-0.73458,-0.75647,-0.77777,-0.79847,-0.81852,-0.83788,-0.8565,-0.87433,-0.8913,-0.90735,-0.92239,-0.93636,-0.94917,-0.96073,-0.97096,-0.97977,-0.98708,-0.99282,-0.99692,-0.99932,-0.99999,-0.99889,-0.99602,-0.99138,-0.98498,-0.97688,-0.9671,-0.95573,-0.94284,-0.9285,-0.91282,-0.89588,-0.87778,-0.85862,-0.8385,-0.81749,-0.79568,-0.77315,-0.74997,-0.72618,-0.70185,-0.67702,-0.6517,-0.62593,-0.59971,-0.57305,-0.54594,-0.51836,-0.49029,-0.46168,-0.4325,-0.40268,-0.37216,-0.34084,-0.30863,-0.27542,-0.24106,-0.2054,-0.16826,-0.12943,-0.088645,-0.045635,0
0,-0.026003,-0.051222,-0.076648,-0.10229,-0.12816,-0.15425,-0.18053,-0.20701,-0.23364,-0.2604,-0.28725,-0.31416,-0.34108,-0.36797,-0.39479,-0.4215,-0.44805,-0.47441,-0.50054,-0.5264,-0.55197,-0.57721,-0.60211,-0.62663,-0.65077,-0.67448,-0.69776,-0.72058,-0.74292,-0.76474,-0.78601,-0.80668,-0.82672,-0.84607,-0.86467,-0.88244,-0.89932,-0.91522,-0.93005,-0.94372,-0.95612,-0.96717,-0.97676,-0.98481,-0.99123,-0.99594,-0.99887,-0.99999,-0.99925,-0.99665,-0.99219,-0.98588,-0.97778,-0.96793,-0.95641,-0.94331,-0.92871,-0.91273,-0.89546,-0.87701,-0.85749,-0.837,-0.81563,-0.79348,-0.77062,-0.74713,-0.72307,-0.69848,-0.67342,-0.64792,-0.62198,-0.59563,-0.56887,-0.54169,-0.51407,-0.48599,-0.4574,-0.42826,-0.39852,-0.3681,-0.33692,-0.30489,-0.2719,-0.23781,-0.20247,-0.16572,-0.12736,-0.087151,-0.044842,0
0,-0.024824,-0.048944,-0.0733,-0.097905,-0.12276,-0.14787,-0.17321,-0.19878,-0.22455,-0.25048,-0.27656,-0.30274,-0.32899,-0.35526,-0.38152,-0.40773,-0.43384,-0.45983,-0.48565,-0.51128,-0.53668,-0.56183,-0.5867,-0.61127,-0.63552,-0.65943,-0.68297,-0.70612,-0.72886,-0.75114,-0.77295,-0.79422,-0.81492,-0.83498,-0.85434,-0.87292,-0.89064,-0.90741,-0.92313,-0.93769,-0.95099,-0.96291,-0.97335,-0.9822,-0.98935,-0.99474,-0.99827,-0.99989,-0.99957,-0.99728,-0.99303,-0.98684,-0.97876,-0.96885,-0.95719,-0.94388,-0.92903,-0.91274,-0.89513,-0.87632,-0.85643,-0.83557,-0.81384,-0.79133,-0.76815,-0.74435,-0.72001,-0.69517,-0.6699,-0.6442,-0.61811,-0.59164,-0.56479,-0.53755,-0.5099,-0.48182,-0.45326,-0.42418,-0.39452,-0.36422,-0.33319,-0.30134,-0.26856,-0.23474,-0.19972,-0.16335,-0.12544,-0.085772,-0.044116,0
0,-0.023698,-0.046766,-0.070094,-0.093695,-0.11758,-0.14173,-0.16616,-0.19083,-0.21574,-0.24086,-0.26616,-0.29161,-0.31717,-0.3428,-0.36847,-0.39415,-0.41979,-0.44536,-0.47083,-0.49616,-0.52134,-0.54634,-0.57112,-0.59568,-0.61999,-0.64402,-0.66777,-0.69119,-0.71427,-0.73698,-0.75927,-0.78111,-0.80243,-0.82318,-0.84329,-0.86268,-0.88126,-0.89891,-0.91555,-0.93105,-0.94529,-0.95814,-0.96948,-0.97919,-0.98716,-0.99328,-0.99747,-0.99966,-0.99981,-0.99788,-0.99389,-0.98785,-0.97982,-0.96987,-0.95808,-0.94457,-0.92944,-0.91284,-0.89489,-0.87571,-0.85543,-0.83419,-0.81208,-0.78922,-0.7657,-0.74159,-0.71697,-0.69189,-0.66639,-0.64052,-0.61429,-0.58771,-0.56077,-0.53349,-0.50582,-0.47774,-0.44923,-0.42021,-0.39065,-0.36048,-0.3296,-0.29794,-0.26539,-0.23183,-0.19712,-0.16112,-0.12364,-0.08449,-0.043446,0
0,-0.022622,-0.044682,-0.067022,-0.089656,-0.11259,-0.13582,-0.15935,-0.18316,-0.20722,-0.23153,-0.25605,-0.28075,-0.30561,-0.33059,-0.35565,-0.38076,-0.40589,-0.431,-0.45607,-0.48107,-0.50597,-0.53075,-0.55539,-0.57987,-0.60417,-0.62827,-0.65215,-0.67579,-0.69916,-0.72223,-0.74496,-0.76731,-0.78923,-0.81065,-0.83149,-0.85167,-0.8711,-0.88967,-0.90725,-0.92372,-0.93894,-0.95278,-0.96509,-0.97574,-0.98459,-0.99153,-0.99646,-0.99929,-0.99996,-0.99845,-0.99476,-0.98891,-0.98095,-0.97097,-0.95906,-0.94534,-0.92995,-0.91302,-0.89471,-0.87514,-0.85447,-0.83283,-0.81034,-0.78711,-0.76324,-0.73882,-0.71392,-0.68859,-0.66289,-0.63684,-0.61047,-0.58378,-0.55678,-0.52946,-0.50179,-0.47374,-0.44527,-0.41634,-0.38689,-0.35685,-0.32614,-0.29467,-0.26235,-0.22905,-0.19466,-0.15901,-0.12195,-0.083289,-0.042825,0
0,-0.021591,-0.042685,-0.064077,-0.085779,-0.1078,-0.13014,-0.15279,-0.17574,-0.19897,-0.22248,-0.24622,-0.27018,-0.29432,-0.31862,-0.34305,-0.36757,-0.39215,-0.41677,-0.44139,-0.466,-0.49057,-0.51508,-0.53952,-0.56385,-0.58808,-0.61218,-0.63613,-0.65991,-0.68351,-0.70688,-0.73,-0.75282,-0.77528,-0.79733,-0.81888,-0.83985,-0.86013,-0.87961,-0.89816,-0.91564,-0.9319,-0.94678,-0.96013,-0.97179,-0.9816,-0.98944,-0.99518,-0.99872,-1,-0.99897,-0.99563,-0.99,-0.98214,-0.97215,-0.96012,-0.9462,-0.93053,-0.91327,-0.89457,-0.87461,-0.85352,-0.83147,-0.80858,-0.78497,-0.76075,-0.73601,-0.71082,-0.68525,-0.65934,-0.63313,-0.60662,-0.57985,-0.55279,-0.52544,-0.49777,-0.46976,-0.44136,-0.41253,-0.38319,-0.3533,-0.32276,-0.2915,-0.25941,-0.22638,-0.19229,-0.157,-0.12034,-0.082157,-0.042243,0
0,-0.020605,-0.040774,-0.061254,-0.082059,-0.10319,-0.12466,-0.14646,-0.16857,-0.19099,-0.2137,-0.23667,-0.25988,-0.2833,-0.30691,-0.33068,-0.35458,-0.37859,-0.40267,-0.42681,-0.45098,-0.47516,-0.49935,-0.52351,-0.54764,-0.57173,-0.59575,-0.6197,-0.64356,-0.66731,-0.69093,-0.71437,-0.73759,-0.76056,-0.78319,-0.80542,-0.82715,-0.84827,-0.86867,-0.8882,-0.90672,-0.92406,-0.94005,-0.95451,-0.96726,-0.97812,-0.98695,-0.99359,-0.99793,-0.99989,-0.99941,-0.99647,-0.99112,-0.98339,-0.9734,-0.96127,-0.94714,-0.93118,-0.91356,-0.89447,-0.87408,-0.85256,-0.83008,-0.80677,-0.78276,-0.75818,-0.73311,-0.70764,-0.68183,-0.65572,-0.62934,-0.60272,-0.57586,-0.54876,-0.5214,-0.49375,-0.46579,-0.43747,-0.40874,-0.37954,-0.34981,-0.31946,-0.28841,-0.25656,-0.2238,-0.19002,-0.15507,-0.11881,-0.081081,-0.041696,0
0,-0.019661,-0.038944,-0.058549,-0.07849,-0.098773,-0.1194,-0.14036,-0.16166,-0.18328,-0.20519,-0.22739,-0.24985,-0.27255,-0.29546,-0.31855,-0.34181,-0.36521,-0.38872,-0.41233,-0.43601,-0.45976,-0.48356,-0.50739,-0.53125,-0.55512,-0.579,-0.60288,-0.62675,-0.65058,-0.67435,-0.69805,-0.72162,-0.74502,-0.76819,-0.79105,-0.81351,-0.83546,-0.85678,-0.87731,-0.8969,-0.91536,-0.93251,-0.94815,-0.96208,-0.97409,-0.984,-0.99164,-0.99688,-0.9996,-0.99974,-0.99729,-0.99225,-0.98469,-0.97473,-0.96249,-0.94815,-0.93189,-0.9139,-0.89438,-0.87354,-0.85156,-0.82862,-0.80488,-0.78046,-0.75551,-0.73011,-0.70435,-0.67829,-0.65198,-0.62545,-0.59872,-0.57179,-0.54466,-0.5173,-0.4897,-0.4618,-0.43358,-0.40497,-0.37592,-0.34635,-0.3162,-0.28537,-0.25377,-0.22128,-0.18781,-0.15321,-0.11734,-0.080054,-0.041176,0
0,-0.018759,-0.037193,-0.055959,-0.07507,-0.09453,-0.11434,-0.1345,-0.155,-0.17582,-0.19696,-0.2184,-0.24011,-0.26207,-0.28427,-0.30667,-0.32926,-0.35202,-0.37493,-0.39797,-0.42112,-0.44438,-0.46773,-0.49117,-0.51469,-0.53828,-0.56195,-0.58568,-0.60946,-0.6333,-0.65716,-0.68103,-0.70487,-0.72865,-0.75229,-0.77573,-0.79888,-0.82163,-0.84385,-0.86539,-0.88607,-0.90569,-0.92407,-0.94096,-0.95615,-0.9694,-0.98051,-0.98926,-0.9955,-0.99909,-0.99995,-0.99804,-0.99338,-0.98603,-0.97612,-0.96378,-0.94922,-0.93264,-0.91425,-0.89429,-0.87297,-0.8505,-0.82707,-0.80287,-0.77803,-0.75269,-0.72695,-0.70089,-0.67459,-0.64809,-0.62142,-0.59459,-0.56761,-0.54046,-0.51312,-0.48557,-0.45776,-0.42965,-0.40118,-0.37229,-0.34291,-0.31296,-0.28237,-0.25102,-0.21882,-0.18565,-0.1514,-0.11592,-0.079065,-0.04068,0
0,-0.017898,-0.035522,-0.053485,-0.071798,-0.090466,-0.10949,-0.12887,-0.14859,-0.16864,-0.18901,-0.20969,-0.23065,-0.25188,-0.27335,-0.29505,-0.31696,-0.33905,-0.36132,-0.38375,-0.40633,-0.42905,-0.4519,-0.47488,-0.49799,-0.52123,-0.5446,-0.5681,-0.59173,-0.61548,-0.63935,-0.66331,-0.68734,-0.71141,-0.73545,-0.75942,-0.78321,-0.80672,-0.82981,-0.85234,-0.87412,-0.89495,-0.9146,-0.93283,-0.94937,-0.96398,-0.97639,-0.98638,-0.99374,-0.99832,-0.99999,-0.99872,-0.9945,-0.98741,-0.97756,-0.96514,-0.95035,-0.93342,-0.91461,-0.89416,-0.87232,-0.84933,-0.8254,-0.8007,-0.77542,-0.74967,-0.72359,-0.69724,-0.6707,-0.64402,-0.61721,-0.5903,-0.56328,-0.53613,-0.50883,-0.48135,-0.45365,-0.42566,-0.39735,-0.36864,-0.33946,-0.30974,-0.27938,-0.2483,-0.21639,-0.18354,-0.14963,-0.11454,-0.078108,-0.040203,0
0,-0.017077,-0.033929,-0.051126,-0.068676,-0.086583,-0.10485,-0.12347,-0.14243,-0.16173,-0.18135,-0.20127,-0.22149,-0.24198,-0.26272,-0.2837,-0.3049,-0.32631,-0.34791,-0.36969,-0.39165,-0.41378,-0.43607,-0.45853,-0.48117,-0.50399,-0.52698,-0.55017,-0.57355,-0.59714,-0.62091,-0.64487,-0.669,-0.69328,-0.71764,-0.74205,-0.76641,-0.79063,-0.81457,-0.83808,-0.86096,-0.88302,-0.90399,-0.92362,-0.94162,-0.95769,-0.97154,-0.9829,-0.99153,-0.99722,-0.99983,-0.99929,-0.99559,-0.9888,-0.97906,-0.96655,-0.95152,-0.93423,-0.91495,-0.89398,-0.87159,-0.84803,-0.82355,-0.79834,-0.77258,-0.74643,-0.71998,-0.69334,-0.66657,-0.63971,-0.61278,-0.5858,-0.55876,-0.53163,-0.50439,-0.47701,-0.44943,-0.4216,-0.39346,-0.36495,-0.33599,-0.3065,-0.2764,-0.24559,-0.21398,-0.18146,-0.1479,-0.11318,-0.077177,-0.039743,0
0,-0.016299,-0.032417,-0.048884,-0.065706,-0.082885,-0.10042,-0.11831,-0.13653,-0.1551,-0.17398,-0.19316,-0.21264,-0.23239,-0.2524,-0.27265,-0.29313,-0.31382,-0.33472,-0.35582,-0.37711,-0.3986,-0.42028,-0.44217,-0.46426,-0.48657,-0.50912,-0.53191,-0.55496,-0.57827,-0.60186,-0.62572,-0.64985,-0.67423,-0.69882,-0.72358,-0.74844,-0.77329,-0.79802,-0.82248,-0.84646,-0.86976,-0.8921,-0.9132,-0.93275,-0.9504,-0.96584,-0.97872,-0.98877,-0.99572,-0.99941,-0.99972,-0.99663,-0.99021,-0.9806,-0.96802,-0.95274,-0.93504,-0.91526,-0.89372,-0.87072,-0.84656,-0.82148,-0.79573,-0.76948,-0.74289,-0.71608,-0.68915,-0.66214,-0.63512,-0.60809,-0.58106,-0.55402,-0.52694,-0.49978,-0.47252,-0.44508,-0.41743,-0.38949,-0.36119,-0.33247,-0.30324,-0.27341,-0.24289,-0.21159,-0.17939,-0.14618,-0.11185,-0.076266,-0.039295,0
0,-0.015563,-0.030988,-0.046763,-0.062892,-0.079377,-0.096213,-0.11339,-0.13091,-0.14876,-0.16692,-0.18537,-0.20412,-0.22313,-0.2424,-0.2619,-0.28164,-0.3016,-0.32177,-0.34216,-0.36274,-0.38354,-0.40456,-0.4258,-0.44728,-0.46902,-0.49103,-0.51333,-0.53595,-0.5589,-0.5822,-0.60586,-0.62988,-0.65425,-0.67896,-0.70397,-0.72922,-0.75463,-0.78008,-0.80543,-0.83048,-0.85501,-0.87876,-0.9014,-0.92259,-0.94196,-0.95912,-0.9737,-0.98534,-0.99374,-0.99866,-0.99996,-0.9976,-0.99162,-0.98219,-0.96955,-0.95398,-0.93585,-0.91552,-0.89334,-0.86968,-0.84486,-0.81915,-0.79281,-0.76604,-0.73901,-0.71183,-0.6846,-0.65738,-0.6302,-0.60309,-0.57603,-0.54901,-0.522,-0.49496,-0.46784,-0.44059,-0.41313,-0.38541,-0.35736,-0.32889,-0.29993,-0.27039,-0.24018,-0.20919,-0.17733,-0.14449,-0.11054,-0.075371,-0.038858,0
0,-0.014871,-0.029644,-0.044767,-0.060243,-0.076068,-0.092237,-0.10874,-0.12558,-0.14273,-0.16018,-0.17792,-0.19594,-0.21421,-0.23274,-0.2515,-0.27048,-0.28969,-0.3091,-0.32873,-0.34857,-0.36864,-0.38893,-0.40947,-0.43027,-0.45135,-0.47275,-0.49447,-0.51656,-0.53905,-0.56194,-0.58528,-0.60907,-0.63332,-0.65802,-0.68317,-0.7087,-0.73455,-0.76063,-0.7868,-0.81288,-0.83863,-0.86379,-0.88802,-0.91095,-0.93216,-0.95122,-0.96768,-0.98112,-0.99116,-0.99751,-0.99997,-0.99846,-0.99302,-0.98382,-0.97112,-0.95526,-0.93664,-0.91569,-0.89282,-0.86843,-0.84288,-0.81649,-0.78953,-0.76221,-0.73471,-0.70715,-0.67963,-0.6522,-0.6249,-0.59772,-0.57067,-0.54371,-0.5168,-0.4899,-0.46296,-0.43591,-0.40868,-0.38121,-0.35343,-0.32524,-0.29657,-0.26734,-0.23744,-0.20679,-0.17528,-0.1428,-0.10924,-0.074489,-0.038429,0
0,-0.014226,-0.028391,-0.042904,-0.057765,-0.072968,-0.088505,-0.10437,-0.12054,-0.13702,-0.15379,-0.17083,-0.18812,-0.20567,-0.22345,-0.24145,-0.25967,-0.2781,-0.29673,-0.31558,-0.33463,-0.35392,-0.37343,-0.3932,-0.41326,-0.43361,-0.4543,-0.47536,-0.49682,-0.51872,-0.5411,-0.56399,-0.58742,-0.61142,-0.63598,-0.66112,-0.6868,-0.71298,-0.73957,-0.76646,-0.79348,-0.82041,-0.84698,-0.87284,-0.89759,-0.92077,-0.9419,-0.96045,-0.97593,-0.98785,-0.99586,-0.99968,-0.99918,-0.99439,-0.98547,-0.97273,-0.95655,-0.9374,-0.91575,-0.8921,-0.8669,-0.84056,-0.81342,-0.78579,-0.75789,-0.72991,-0.70198,-0.67417,-0.64656,-0.61914,-0.59194,-0.56492,-0.53805,-0.51128,-0.48457,-0.45784,-0.43103,-0.40406,-0.37687,-0.34938,-0.3215,-0.29315,-0.26424,-0.23468,-0.20437,-0.17321,-0.14111,-0.10795,-0.073615,-0.038007,0
0,-0.013631,-0.027233,-0.041181,-0.05547,-0.07009,-0.085033,-0.10028,-0.11583,-0.13166,-0.14776,-0.16412,-0.18071,-0.19753,-0.21456,-0.2318,-0.24924,-0.26687,-0.2847,-0.30273,-0.32096,-0.33941,-0.3581,-0.37705,-0.39628,-0.41582,-0.43572,-0.45602,-0.47675,-0.49796,-0.5197,-0.54202,-0.56495,-0.58854,-0.61281,-0.63779,-0.66346,-0.68981,-0.71677,-0.74426,-0.77212,-0.80016,-0.8281,-0.8556,-0.88224,-0.90752,-0.9309,-0.95177,-0.96954,-0.98363,-0.99357,-0.99899,-0.99971,-0.99571,-0.98715,-0.97439,-0.95785,-0.93809,-0.91567,-0.89114,-0.86503,-0.83781,-0.80986,-0.78151,-0.753,-0.72453,-0.69621,-0.66814,-0.64036,-0.61287,-0.58567,-0.55872,-0.53199,-0.50541,-0.47891,-0.45244,-0.42591,-0.39925,-0.37237,-0.3452,-0.31766,-0.28964,-0.26108,-0.23187,-0.20193,-0.17114,-0.13942,-0.10666,-0.072748,-0.037591,0
0,-0.013088,-0.026178,-0.039608,-0.05337,-0.067452,-0.081838,-0.096515,-0.11147,-0.12668,-0.14213,-0.15782,-0.17371,-0.18981,-0.2061,-0.22257,-0.23922,-0.25605,-0.27304,-0.29022,-0.30759,-0.32517,-0.34297,-0.36103,-0.37937,-0.39803,-0.41705,-0.43649,-0.45638,-0.47678,-0.49775,-0.51935,-0.54164,-0.56467,-0.58848,-0.61312,-0.63862,-0.66496,-0.69212,-0.72004,-0.74861,-0.77764,-0.80688,-0.836,-0.86457,-0.89207,-0.91787,-0.94132,-0.96168,-0.97827,-0.99047,-0.9978,-0.99998,-0.99694,-0.98885,-0.97608,-0.95915,-0.9387,-0.91538,-0.88986,-0.86274,-0.83453,-0.80569,-0.77657,-0.74742,-0.71844,-0.68975,-0.66143,-0.63351,-0.60599,-0.57884,-0.55202,-0.52547,-0.49912,-0.4729,-0.44673,-0.42053,-0.39421,-0.36768,-0.34088,-0.31369,-0.28605,-0.25786,-0.22902,-0.19946,-0.16906,-0.13773,-0.10537,-0.071885,-0.037179,0
0,-0.012603,-0.025233,-0.038198,-0.051483,-0.06507,-0.078943,-0.093084,-0.10747,-0.12209,-0.13693,-0.15196,-0.16718,-0.18257,-0.19811,-0.21381,-0.22966,-0.24565,-0.2618,-0.2781,-0.29457,-0.31122,-0.32809,-0.3452,-0.36258,-0.38027,-0.39833,-0.4168,-0.43574,-0.45521,-0.47528,-0.49602,-0.51751,-0.5398,-0.56298,-0.58709,-0.6122,-0.63833,-0.66549,-0.69365,-0.72273,-0.75259,-0.78302,-0.8137,-0.84421,-0.874,-0.90241,-0.92869,-0.95198,-0.97145,-0.98632,-0.99594,-0.9999,-0.99806,-0.99056,-0.97782,-0.96044,-0.93919,-0.91484,-0.88818,-0.8599,-0.8306,-0.80078,-0.77083,-0.741,-0.71151,-0.68246,-0.65393,-0.62591,-0.59841,-0.57137,-0.54473,-0.51843,-0.49238,-0.46649,-0.44067,-0.41485,-0.38892,-0.36279,-0.33638,-0.3096,-0.28236,-0.25456,-0.22613,-0.19695,-0.16695,-0.13602,-0.10408,-0.071025,-0.03677,0
0,-0.012181,-0.02441,-0.036965,-0.049825,-0.062969,-0.076375,-0.09002,-0.10388,-0.11795,-0.13219,-0.14659,-0.16114,-0.17583,-0.19064,-0.20556,-0.2206,-0.23574,-0.25101,-0.2664,-0.28193,-0.29762,-0.31349,-0.32959,-0.34593,-0.36258,-0.37958,-0.39698,-0.41486,-0.43328,-0.45231,-0.47204,-0.49255,-0.51393,-0.53627,-0.55965,-0.58415,-0.60983,-0.63674,-0.66489,-0.69425,-0.72474,-0.75618,-0.78829,-0.82069,-0.85282,-0.884,-0.91337,-0.93997,-0.96279,-0.98081,-0.9932,-0.99935,-0.999,-0.99226,-0.97959,-0.96171,-0.93951,-0.91396,-0.88597,-0.85637,-0.82585,-0.79495,-0.7641,-0.73358,-0.70357,-0.67419,-0.64548,-0.61743,-0.59001,-0.56315,-0.53677,-0.51079,-0.4851,-0.45961,-0.43422,-0.40883,-0.38335,-0.35767,-0.33171,-0.30537,-0.27856,-0.25119,-0.22317,-0.19441,-0.16482,-0.13431,-0.10279,-0.070168,-0.036364,0
0,-0.011827,-0.023718,-0.035925,-0.048419,-0.061174,-0.074162,-0.087357,-0.10074,-0.11427,-0.12795,-0.14175,-0.15565,-0.16964,-0.18371,-0.19786,-0.21207,-0.22636,-0.24072,-0.25517,-0.26972,-0.2844,-0.29923,-0.31424,-0.32948,-0.345,-0.36084,-0.37708,-0.39378,-0.41101,-0.42886,-0.44742,-0.46678,-0.48706,-0.50834,-0.53075,-0.55439,-0.57936,-0.60573,-0.63359,-0.66294,-0.69377,-0.72596,-0.75931,-0.79347,-0.82793,-0.86198,-0.89471,-0.92503,-0.95171,-0.97349,-0.98926,-0.99814,-0.99969,-0.99394,-0.9814,-0.96293,-0.93962,-0.91264,-0.8831,-0.85197,-0.82006,-0.78797,-0.75616,-0.72492,-0.69442,-0.66475,-0.63592,-0.60792,-0.58066,-0.55407,-0.52804,-0.50246,-0.47723,-0.45222,-0.42733,-0.40245,-0.37747,-0.3523,-0.32683,-0.30097,-0.27463,-0.24772,-0.22015,-0.19183,-0.16267,-0.13259,-0.1015,-0.069312,-0.035962,0
0,-0.011549,-0.023172,-0.035098,-0.04729,-0.059714,-0.072339,-0.085133,-0.098068,-0.11112,-0.12426,-0.13748,-0.15075,-0.16406,-0.1774,-0.19076,-0.20414,-0.21755,-0.23098,-0.24446,-0.25799,-0.2716,-0.28533,-0.2992,-0.31326,-0.32757,-0.34216,-0.35712,-0.37252,-0.38843,-0.40494,-0.42216,-0.4402,-0.45916,-0.47917,-0.50035,-0.52286,-0.54681,-0.57233,-0.59954,-0.62853,-0.65934,-0.69195,-0.72623,-0.76193,-0.79859,-0.83554,-0.87185,-0.9063,-0.93745,-0.96374,-0.98367,-0.99599,-1,-0.99557,-0.98325,-0.96409,-0.93943,-0.91072,-0.87933,-0.84643,-0.81294,-0.77955,-0.74672,-0.71475,-0.68379,-0.65389,-0.62504,-0.59718,-0.57019,-0.54398,-0.51841,-0.49335,-0.46867,-0.44424,-0.41993,-0.39564,-0.37125,-0.34664,-0.32173,-0.2964,-0.27058,-0.24416,-0.21706,-0.1892,-0.16049,-0.13085,-0.1002,-0.068458,-0.035562,0
0,-0.011354,-0.022788,-0.034506,-0.046465,-0.058624,-0.070945,-0.083391,-0.09593,-0.10853,-0.12118,-0.13383,-0.14649,-0.15913,-0.17174,-0.18432,-0.19686,-0.20936,-0.22184,-0.23431,-0.24679,-0.25929,-0.27185,-0.28451,-0.29732,-0.31032,-0.32357,-0.33714,-0.35111,-0.36555,-0.38058,-0.39629,-0.41279,-0.43022,-0.44871,-0.4684,-0.48947,-0.51207,-0.53637,-0.56254,-0.59074,-0.62108,-0.65366,-0.68844,-0.7253,-0.76391,-0.80367,-0.84368,-0.88266,-0.91896,-0.95065,-0.97575,-0.99251,-0.99974,-0.9971,-0.98515,-0.96515,-0.93882,-0.908,-0.87439,-0.8394,-0.80411,-0.76928,-0.73538,-0.7027,-0.67134,-0.64132,-0.61257,-0.58498,-0.55841,-0.53272,-0.50774,-0.48333,-0.45932,-0.43558,-0.41197,-0.38836,-0.36464,-0.34068,-0.31638,-0.29164,-0.26638,-0.2405,-0.21391,-0.18653,-0.15829,-0.12911,-0.0989,-0.067607,-0.035166,0
0,-0.011254,-0.022583,-0.034176,-0.045979,-0.057944,-0.070024,-0.08218,-0.094373,-0.10657,-0.11875,-0.13088,-0.14294,-0.15492,-0.1668,-0.17859,-0.19028,-0.20186,-0.21336,-0.22479,-0.23616,-0.24749,-0.25883,-0.27021,-0.28168,-0.29328,-0.30508,-0.31715,-0.32956,-0.3424,-0.35577,-0.36979,-0.38456,-0.40022,-0.41693,-0.43484,-0.45414,-0.47502,-0.49769,-0.52236,-0.54926,-0.5786,-0.61056,-0.64526,-0.68274,-0.72281,-0.76508,-0.80874,-0.85255,-0.89469,-0.93287,-0.96447,-0.98701,-0.9986,-0.99847,-0.98709,-0.96606,-0.93762,-0.90416,-0.86783,-0.83037,-0.79302,-0.75662,-0.72163,-0.68829,-0.65666,-0.62666,-0.59818,-0.57104,-0.54508,-0.52008,-0.49587,-0.47226,-0.44907,-0.42616,-0.40337,-0.38055,-0.35759,-0.33436,-0.31076,-0.28668,-0.26203,-0.23672,-0.21068,-0.18382,-0.15607,-0.12735,-0.097601,-0.06676,-0.034775,0
0,-0.011258,-0.022578,-0.034136,-0.045868,-0.057716,-0.069627,-0.081554,-0.093455,-0.10529,-0.11704,-0.12867,-0.14015,-0.15148,-0.16265,-0.17364,-0.18446,-0.19511,-0.20559,-0.21593,-0.22615,-0.23627,-0.24632,-0.25634,-0.26638,-0.27649,-0.28673,-0.29717,-0.30789,-0.31897,-0.33052,-0.34264,-0.35546,-0.36912,-0.38377,-0.39959,-0.41678,-0.43553,-0.45611,-0.47876,-0.50378,-0.53145,-0.56208,-0.59594,-0.63324,-0.67404,-0.71819,-0.76516,-0.81385,-0.86245,-0.90833,-0.94816,-0.9784,-0.99605,-0.99952,-0.9891,-0.96677,-0.93557,-0.89871,-0.85899,-0.81858,-0.77889,-0.74082,-0.70477,-0.6709,-0.63917,-0.60942,-0.58145,-0.55502,-0.52988,-0.50581,-0.48257,-0.45996,-0.43778,-0.41586,-0.39403,-0.37214,-0.35005,-0.32766,-0.30483,-0.28148,-0.25751,-0.23283,-0.20738,-0.18106,-0.15382,-0.12559,-0.096304,-0.065919,-0.034389,0
0,-0.011378,-0.022796,-0.034419,-0.046173,-0.057989,-0.069808,-0.081574,-0.093242,-0.10477,-0.11613,-0.12728,-0.13821,-0.14891,-0.15935,-0.16954,-0.17947,-0.18915,-0.19859,-0.20781,-0.21682,-0.22565,-0.23434,-0.24292,-0.25144,-0.25995,-0.26852,-0.2772,-0.28608,-0.29524,-0.30479,-0.31482,-0.32546,-0.33686,-0.34917,-0.36256,-0.37725,-0.39345,-0.41144,-0.4315,-0.45396,-0.47921,-0.50763,-0.53966,-0.57571,-0.61613,-0.66111,-0.71052,-0.76368,-0.81903,-0.87383,-0.92405,-0.96474,-0.99109,-1,-0.99117,-0.96717,-0.93222,-0.89087,-0.84687,-0.8029,-0.76059,-0.7208,-0.68383,-0.64968,-0.61815,-0.58898,-0.56185,-0.53645,-0.51245,-0.48959,-0.4676,-0.44623,-0.42528,-0.40454,-0.38384,-0.36303,-0.34196,-0.32051,-0.29857,-0.27603,-0.25281,-0.22882,-0.20399,-0.17825,-0.15155,-0.12382,-0.095012,-0.065087,-0.03401,0
0,-0.011631,-0.023263,-0.035062,-0.046941,-0.05882,-0.070629,-0.082307,-0.093803,-0.10507,-0.11608,-0.12679,-0.13719,-0.14725,-0.15697,-0.16635,-0.17537,-0.18406,-0.19241,-0.20045,-0.2082,-0.21568,-0.22292,-0.22998,-0.23688,-0.24368,-0.25044,-0.25723,-0.26412,-0.27119,-0.27853,-0.28626,-0.29448,-0.30335,-0.313,-0.32362,-0.33541,-0.34859,-0.36345,-0.38028,-0.39946,-0.4214,-0.44659,-0.47559,-0.509,-0.54747,-0.59161,-0.64186,-0.69822,-0.75982,-0.82435,-0.88741,-0.94243,-0.98177,-0.99934,-0.99334,-0.96704,-0.92679,-0.87929,-0.82977,-0.78155,-0.73641,-0.69501,-0.65744,-0.62344,-0.59262,-0.56452,-0.53871,-0.51477,-0.49233,-0.47105,-0.45063,-0.43081,-0.41134,-0.39203,-0.37268,-0.35313,-0.33324,-0.31287,-0.29193,-0.2703,-0.24791,-0.22467,-0.20052,-0.1754,-0.14926,-0.12205,-0.093731,-0.064267,-0.033641,0
0,-0.012031,-0.024009,-0.036108,-0.048224,-0.060267,-0.072157,-0.083827,-0.095217,-0.10628,-0.11698,-0.12728,-0.13716,-0.1466,-0.1556,-0.16414,-0.17224,-0.17989,-0.18711,-0.19391,-0.20033,-0.20638,-0.2121,-0.21752,-0.22269,-0.22766,-0.23248,-0.23722,-0.24194,-0.24673,-0.25167,-0.25686,-0.26241,-0.26846,-0.27513,-0.2826,-0.29107,-0.30074,-0.31189,-0.32483,-0.33991,-0.35758,-0.37837,-0.40292,-0.43198,-0.46645,-0.50735,-0.55575,-0.61261,-0.67833,-0.75196,-0.82987,-0.90438,-0.96382,-0.99618,-0.99562,-0.96603,-0.91776,-0.8615,-0.80478,-0.75163,-0.70367,-0.66115,-0.62367,-0.5906,-0.56124,-0.53494,-0.51112,-0.48926,-0.46891,-0.44969,-0.43128,-0.41337,-0.39572,-0.37812,-0.36037,-0.3423,-0.32378,-0.30466,-0.28485,-0.26425,-0.24279,-0.22038,-0.19697,-0.17251,-0.14696,-0.12029,-0.092465,-0.063465,-0.033284,0
0,-0.012596,-0.025066,-0.0376,-0.050078,-0.062397,-0.074467,-0.086211,-0.097567,-0.10848,-0.11891,-0.12883,-0.13821,-0.14704,-0.1553,-0.16299,-0.17012,-0.1767,-0.18273,-0.18824,-0.19324,-0.19777,-0.20186,-0.20554,-0.20885,-0.21185,-0.21458,-0.21709,-0.21947,-0.22177,-0.22408,-0.22648,-0.22909,-0.232,-0.23535,-0.23929,-0.24399,-0.24964,-0.25649,-0.26482,-0.27496,-0.28734,-0.30247,-0.32099,-0.34371,-0.37167,-0.40615,-0.44877,-0.50147,-0.56632,-0.6449,-0.73667,-0.83572,-0.92684,-0.98679,-0.99795,-0.96326,-0.90178,-0.8325,-0.76651,-0.70815,-0.65814,-0.61573,-0.57971,-0.54889,-0.52223,-0.49882,-0.47794,-0.45898,-0.44145,-0.42492,-0.40904,-0.39352,-0.37811,-0.36257,-0.34672,-0.3304,-0.31347,-0.2958,-0.27729,-0.25785,-0.23742,-0.21592,-0.19332,-0.16958,-0.14466,-0.11855,-0.091222,-0.062686,-0.032943,0
0,-0.013347,-0.026471,-0.039589,-0.052565,-0.065281,-0.077636,-0.089545,-0.10094,-0.11176,-0.12197,-0.13154,-0.14043,-0.14863,-0.15615,-0.16297,-0.16909,-0.17454,-0.17932,-0.18345,-0.18695,-0.18986,-0.1922,-0.194,-0.19532,-0.19618,-0.19664,-0.19674,-0.19656,-0.19615,-0.19558,-0.19492,-0.19427,-0.19373,-0.19339,-0.19338,-0.19385,-0.19496,-0.19691,-0.19992,-0.20428,-0.21033,-0.21853,-0.22941,-0.24371,-0.2624,-0.28677,-0.3186,-0.36036,-0.41543,-0.4883,-0.58399,-0.70511,-0.84219,-0.95829,-0.99985,-0.95635,-0.87031,-0.78107,-0.70431,-0.64228,-0.59289,-0.55343,-0.52149,-0.4952,-0.47315,-0.45425,-0.43766,-0.42274,-0.40898,-0.39595,-0.38331,-0.37077,-0.35809,-0.34505,-0.33149,-0.31723,-0.30216,-0.28617,-0.26915,-0.25104,-0.23177,-0.21129,-0.18958,-0.16661,-0.14235,-0.11682,-0.09001,-0.061936,-0.032621,0
0,-0.014305,-0.028262,-0.042129,-0.055751,-0.068994,-0.081747,-0.093916,-0.10543,-0.11622,-0.12625,-0.13548,-0.14389,-0.15148,-0.15822,-0.16412,-0.1692,-0.17345,-0.17689,-0.17955,-0.18145,-0.18261,-0.18306,-0.18284,-0.18198,-0.18053,-0.17852,-0.17599,-0.17301,-0.16963,-0.1659,-0.16188,-0.15766,-0.1533,-0.14888,-0.14451,-0.14029,-0.13633,-0.13278,-0.1298,-0.12759,-0.12639,-0.12649,-0.12829,-0.13228,-0.13916,-0.14986,-0.16577,-0.18892,-0.22251,-0.2717,-0.34513,-0.45715,-0.62721,-0.85017,-0.99676,-0.93557,-0.79529,-0.67853,-0.59587,-0.53804,-0.49668,-0.46625,-0.4432,-0.42522,-0.41076,-0.39872,-0.38833,-0.37901,-0.37029,-0.36182,-0.3533,-0.34449,-0.33517,-0.32518,-0.31435,-0.30255,-0.28968,-0.27564,-0.26035,-0.24375,-0.2258,-0.20647,-0.18573,-0.16359,-0.14005,-0.11513,-0.088841,-0.061225,-0.032325,0
0,-0.015495,-0.030481,-0.045276,-0.059704,-0.073616,-0.086886,-0.099414,-0.11112,-0.12194,-0.13183,-0.14075,-0.14869,-0.15563,-0.16157,-0.16651,-0.17047,-0.17344,-0.17546,-0.17654,-0.1767,-0.17596,-0.17437,-0.17194,-0.16871,-0.16472,-0.16,-0.15459,-0.14854,-0.14189,-0.13468,-0.12697,-0.11881,-0.11025,-0.10135,-0.092183,-0.082805,-0.073291,-0.063717,-0.054172,-0.04475,-0.035564,-0.026744,-0.018448,-0.010875,-0.0042846,0.00096969,0.0043834,0.0051972,0.0021956,-0.0067182,-0.025521,-0.06278,-0.14062,-0.33315,-0.86733,-0.80853,-0.5507,-0.44579,-0.39559,-0.36838,-0.35255,-0.343,-0.33709,-0.33335,-0.33088,-0.32907,-0.32749,-0.32583,-0.32382,-0.32128,-0.31802,-0.31388,-0.30873,-0.30244,-0.29492,-0.28606,-0.27579,-0.26404,-0.25075,-0.2359,-0.21945,-0.20141,-0.18177,-0.16055,-0.13777,-0.11348,-0.087726,-0.060563,-0.03206,0
0,-0.016941,-0.033171,-0.049089,-0.064497,-0.079226,-0.09314,-0.10613,-0.11811,-0.12901,-0.13879,-0.14742,-0.15488,-0.16116,-0.16625,-0.17017,-0.17292,-0.17452,-0.17499,-0.17434,-0.1726,-0.1698,-0.16596,-0.16111,-0.15527,-0.14848,-0.14077,-0.13218,-0.12273,-0.11247,-0.10143,-0.089639,-0.077147,-0.063986,-0.050193,-0.035801,-0.020843,-0.0053471,0.010664,0.027175,0.044182,0.06169,0.079726,0.09834,0.11762,0.13769,0.15877,0.18118,0.20543,0.23233,0.26331,0.30089,0.35017,0.42271,0.55005,0.82578,0.83779,0.27193,0.056937,-0.042893,-0.10173,-0.14168,-0.17128,-0.19444,-0.21318,-0.22864,-0.24149,-0.25213,-0.26081,-0.26767,-0.2728,-0.27622,-0.27795,-0.27795,-0.27622,-0.2727,-0.26737,-0.26019,-0.25114,-0.24021,-0.22738,-0.21267,-0.19609,-0.17767,-0.15746,-0.13551,-0.11189,-0.086681,-0.059963,-0.031835,0
0,-0.018671,-0.036378,-0.053629,-0.0702,-0.085904,-0.10059,-0.11415,-0.12648,-0.13752,-0.14722,-0.15556,-0.16252,-0.16809,-0.17227,-0.17508,-0.17653,-0.17663,-0.17539,-0.17285,-0.16903,-0.16394,-0.15761,-0.15006,-0.14132,-0.13142,-0.12039,-0.10824,-0.095021,-0.080748,-0.065454,-0.049169,-0.03192,-0.013735,0.0053642,0.025359,0.04624,0.068004,0.090662,0.11424,0.13879,0.16439,0.19115,0.21924,0.24889,0.28041,0.31427,0.35109,0.39178,0.43762,0.49049,0.55312,0.62935,0.72389,0.83874,0.9559,0.99534,0.85672,0.61608,0.40333,0.24741,0.1354,0.052764,-0.010266,-0.059785,-0.0996,-0.13214,-0.15899,-0.18122,-0.19955,-0.21449,-0.22638,-0.23544,-0.24184,-0.24569,-0.24705,-0.24598,-0.24251,-0.23668,-0.22852,-0.21806,-0.20535,-0.19045,-0.17342,-0.15434,-0.13329,-0.11038,-0.085725,-0.05944,-0.031659,0
0,-0.020712,-0.040148,-0.058955,-0.076883,-0.093726,-0.10932,-0.12354,-0.1363,-0.14752,-0.15716,-0.1652,-0.17163,-0.17643,-0.17962,-0.18121,-0.18122,-0.17965,-0.17653,-0.17189,-0.16573,-0.15808,-0.14895,-0.13838,-0.12639,-0.11299,-0.098209,-0.082079,-0.064624,-0.045874,-0.025859,-0.0046107,0.017839,0.041459,0.066222,0.092105,0.11909,0.14718,0.17636,0.20668,0.23815,0.27087,0.30492,0.34046,0.37767,0.41681,0.45823,0.50233,0.54964,0.60079,0.65643,0.71713,0.78295,0.85251,0.92104,0.97708,0.99995,0.96552,0.86587,0.72233,0.56846,0.42717,0.3067,0.20696,0.12497,0.057405,0.0014057,-0.045268,-0.084308,-0.11697,-0.14417,-0.16662,-0.18481,-0.19912,-0.20984,-0.21716,-0.22126,-0.22226,-0.22028,-0.21541,-0.20774,-0.19738,-0.18442,-0.16898,-0.15117,-0.13111,-0.10897,-0.084879,-0.059014,-0.031545,0
0,-0.023092,-0.044524,-0.065123,-0.084611,-0.10276,-0.1194,-0.13438,-0.14763,-0.15906,-0.16865,-0.17636,-0.18219,-0.18614,-0.18822,-0.18845,-0.18684,-0.1834,-0.17816,-0.17113,-0.16233,-0.15177,-0.13948,-0.12547,-0.10976,-0.092376,-0.073347,-0.052701,-0.030475,-0.0067083,0.018549,0.045246,0.073324,0.10273,0.13339,0.16525,0.19825,0.23234,0.26746,0.30357,0.34065,0.37867,0.41765,0.45761,0.49859,0.54066,0.58387,0.62832,0.67404,0.72103,0.76911,0.81786,0.86634,0.91277,0.95408,0.98537,0.99978,0.98938,0.94781,0.87395,0.77395,0.65907,0.54104,0.42851,0.32621,0.23584,0.1573,0.089658,0.031732,-0.017657,-0.059552,-0.094826,-0.12419,-0.14821,-0.16735,-0.18197,-0.19237,-0.1988,-0.20145,-0.20053,-0.19618,-0.18859,-0.17791,-0.1643,-0.14793,-0.12899,-0.10767,-0.08417,-0.058708,-0.031507,0
0,-0.025838,-0.04955,-0.072187,-0.09344,-0.11306,-0.13086,-0.1467,-0.16049,-0.17215,-0.18165,-0.18898,-0.19413,-0.1971,-0.19792,-0.19659,-0.19313,-0.18756,-0.17988,-0.17011,-0.15827,-0.14437,-0.12841,-0.11043,-0.090439,-0.06847,-0.044561,-0.018761,0.0088677,0.038249,0.069291,0.10189,0.13594,0.17131,0.20786,0.24545,0.28393,0.32315,0.36297,0.40325,0.44384,0.48464,0.52552,0.5664,0.60719,0.64779,0.68812,0.72808,0.76753,0.80625,0.84395,0.88014,0.91412,0.94483,0.97078,0.98988,0.99945,0.9963,0.97714,0.93932,0.88189,0.80631,0.71658,0.61832,0.51744,0.41898,0.32644,0.24187,0.16615,0.099379,0.041224,-0.0088553,-0.051468,-0.087203,-0.1166,-0.14014,-0.15824,-0.17128,-0.17957,-0.18341,-0.18306,-0.17876,-0.17077,-0.15931,-0.14462,-0.12693,-0.10652,-0.08363,-0.058551,-0.031565,0
0,-0.028977,-0.055264,-0.080192,-0.10342,-0.12467,-0.14375,-0.16051,-0.17486,-0.18673,-0.1961,-0.20295,-0.20728,-0.20911,-0.20845,-0.2053,-0.19969,-0.19162,-0.1811,-0.16814,-0.15273,-0.1349,-0.11465,-0.092007,-0.067004,-0.03969,-0.010134,0.02157,0.055302,0.090915,0.12824,0.16708,0.2072,0.24838,0.29036,0.33287,0.37565,0.41845,0.46101,0.50312,0.54456,0.58517,0.62479,0.6633,0.70059,0.73658,0.77119,0.80433,0.83591,0.8658,0.89383,0.91975,0.9432,0.96368,0.98051,0.99278,0.99931,0.99864,0.98907,0.9688,0.93614,0.88994,0.83001,0.75742,0.6746,0.58503,0.49263,0.40116,0.31367,0.23236,0.15854,0.092849,0.035405,-0.013961,-0.055603,-0.089947,-0.11746,-0.13858,-0.15377,-0.16342,-0.1679,-0.16759,-0.16282,-0.15391,-0.14117,-0.12494,-0.10554,-0.083296,-0.058578,-0.031742,0
0,-0.032538,-0.061704,-0.089176,-0.11457,-0.13761,-0.15806,-0.17578,-0.19069,-0.20271,-0.21184,-0.21806,-0.22139,-0.22182,-0.21938,-0.21407,-0.20589,-0.19485,-0.18093,-0.16415,-0.14448,-0.12195,-0.09657,-0.068374,-0.03743,-0.0038327,0.032278,0.070717,0.11126,0.15363,0.19752,0.24258,0.28842,0.33466,0.38089,0.42674,0.47185,0.5159,0.55861,0.59976,0.63919,0.67676,0.7124,0.74608,0.77778,0.80752,0.83532,0.86121,0.88522,0.90733,0.92752,0.94573,0.96181,0.97557,0.98671,0.99481,0.99931,0.99949,0.99443,0.98304,0.96406,0.93618,0.89819,0.84921,0.789,0.71823,0.63859,0.5527,0.46379,0.37519,0.28989,0.21023,0.13782,0.07358,0.017878,-0.029293,-0.068196,-0.099233,-0.12289,-0.13968,-0.15011,-0.15465,-0.15378,-0.14794,-0.13754,-0.12301,-0.10475,-0.083214,-0.058834,-0.032069,0
0,-0.036548,-0.068903,-0.099169,-0.12693,-0.15186,-0.17374,-0.19242,-0.20782,-0.21989,-0.2286,-0.23397,-0.236,-0.2347,-0.23006,-0.2221,-0.21079,-0.19611,-0.17805,-0.15659,-0.13172,-0.10345,-0.071818,-0.036911,0.0011404,0.042132,0.085791,0.13177,0.17966,0.22898,0.2792,0.32977,0.38012,0.42972,0.47809,0.5248,0.56949,0.61192,0.65191,0.68936,0.72424,0.75659,0.78648,0.81401,0.83929,0.86247,0.88365,0.90297,0.92051,0.93637,0.95059,0.9632,0.97417,0.98344,0.99088,0.99629,0.9994,0.99981,0.99702,0.99037,0.97905,0.96208,0.93835,0.90666,0.86585,0.81505,0.75387,0.68275,0.60311,0.51734,0.42858,0.34021,0.25542,0.17675,0.10602,0.044237,-0.0081781,-0.05127,-0.085372,-0.11101,-0.12879,-0.13934,-0.14328,-0.14118,-0.13361,-0.12111,-0.1042,-0.083439,-0.059376,-0.032585,0
0,-0.041041,-0.076898,-0.1102,-0.14047,-0.16738,-0.1907,-0.21028,-0.22603,-0.23793,-0.24597,-0.25015,-0.25047,-0.24693,-0.23952,-0.22821,-0.21296,-0.19372,-0.17045,-0.14312,-0.11173,-0.076307,-0.036959,0.0061286,0.052663,0.10224,0.15434,0.20834,0.26353,0.31915,0.37443,0.42863,0.48107,0.53121,0.5786,0.62297,0.66413,0.70204,0.73675,0.76837,0.79707,0.82305,0.84651,0.86768,0.88674,0.90391,0.91935,0.93322,0.94564,0.95672,0.96654,0.97516,0.98258,0.9888,0.99377,0.99739,0.99952,0.99993,0.99833,0.99433,0.98743,0.97697,0.96215,0.94198,0.91533,0.88094,0.8376,0.78427,0.72049,0.64661,0.56412,0.47564,0.38467,0.29502,0.21023,0.13304,0.065271,0.0078249,-0.039084,-0.075738,-0.10273,-0.1208,-0.13073,-0.13329,-0.12921,-0.11919,-0.10391,-0.084033,-0.060273,-0.033342,0
0,-0.046058,-0.085729,-0.12228,-0.15519,-0.1841,-0.20878,-0.22909,-0.24496,-0.25636,-0.26331,-0.26579,-0.2638,-0.2573,-0.24626,-0.2306,-0.21024,-0.18509,-0.15509,-0.1202,-0.080453,-0.035975,0.012971,0.065954,0.12237,0.18144,0.24225,0.30375,0.36489,0.42464,0.48208,0.53647,0.58727,0.63414,0.67695,0.71572,0.7506,0.78181,0.80963,0.83438,0.85637,0.87588,0.8932,0.90859,0.92226,0.93443,0.94525,0.95487,0.96341,0.97097,0.97762,0.98341,0.98838,0.99252,0.99581,0.99822,0.99964,0.99997,0.99902,0.99656,0.99228,0.98576,0.97647,0.96371,0.94663,0.92416,0.89503,0.85783,0.81114,0.75377,0.68519,0.60591,0.51786,0.42441,0.32987,0.23875,0.15492,0.0811,0.018791,-0.031538,-0.070149,-0.097759,-0.1153,-0.12375,-0.12407,-0.11716,-0.10387,-0.08507,-0.061615,-0.034408,0
0,-0.051663,-0.095457,-0.13544,-0.17104,-0.20188,-0.22773,-0.24847,-0.26404,-0.27444,-0.27967,-0.27969,-0.27448,-0.26396,-0.24801,-0.2265,-0.19928,-0.16622,-0.12724,-0.082361,-0.031746,0.024217,0.084886,0.14934,0.21639,0.28468,0.35274,0.41912,0.48257,0.54207,0.59693,0.64679,0.69156,0.73137,0.76651,0.79736,0.82437,0.84796,0.86855,0.88654,0.90226,0.91603,0.92812,0.93874,0.94811,0.95638,0.96368,0.97015,0.97586,0.98088,0.98529,0.98911,0.99238,0.99509,0.99725,0.99882,0.99976,0.99998,0.9994,0.99786,0.99517,0.99108,0.98524,0.9772,0.96638,0.95201,0.9331,0.90841,0.87646,0.83553,0.78393,0.72028,0.64412,0.55652,0.46047,0.36071,0.26278,0.17187,0.09181,0.024783,-0.028501,-0.068357,-0.095715,-0.11177,-0.11774,-0.11482,-0.10409,-0.086629,-0.063516,-0.035878,0
0,-0.057951,-0.10617,-0.14971,-0.18795,-0.22051,-0.24717,-0.26783,-0.28246,-0.29106,-0.2936,-0.29002,-0.2802,-0.26398,-0.24115,-0.21145,-0.17468,-0.13066,-0.07942,-0.021183,0.043447,0.11345,0.18739,0.26345,0.33962,0.41386,0.4844,0.54986,0.60934,0.66246,0.70923,0.74998,0.78521,0.81551,0.8415,0.86377,0.88287,0.89926,0.91337,0.92555,0.9361,0.94527,0.95326,0.96025,0.96639,0.97179,0.97655,0.98075,0.98446,0.98771,0.99056,0.99303,0.99513,0.99687,0.99825,0.99925,0.99985,0.99999,0.99962,0.99864,0.99695,0.99437,0.9907,0.98566,0.97887,0.96983,0.95786,0.94206,0.92125,0.89391,0.85816,0.81187,0.75294,0.67988,0.59271,0.49383,0.38825,0.28273,0.18406,0.097456,0.025872,-0.029791,-0.07002,-0.09608,-0.10951,-0.11183,-0.10448,-0.088793,-0.066124,-0.03788,0
0,-0.065077,-0.11801,-0.16514,-0.20582,-0.23967,-0.2665,-0.28627,-0.29895,-0.3045,-0.30285,-0.29383,-0.27719,-0.25259,-0.21967,-0.17806,-0.12749,-0.067961,0.00011087,0.075716,0.15716,0.2421,0.32774,0.41123,0.49,0.56215,0.62656,0.68288,0.73133,0.77254,0.80732,0.83656,0.8611,0.88169,0.89902,0.91363,0.92601,0.93654,0.94553,0.95325,0.95991,0.96568,0.97071,0.9751,0.97895,0.98234,0.98533,0.98797,0.99029,0.99233,0.99412,0.99567,0.99698,0.99807,0.99893,0.99955,0.99991,0.99999,0.99974,0.99912,0.99805,0.99644,0.99415,0.99102,0.98681,0.98121,0.9738,0.96397,0.95094,0.93358,0.91041,0.87944,0.83822,0.78397,0.71412,0.62745,0.52543,0.41322,0.299,0.19163,0.098078,0.022156,-0.035146,-0.074668,-0.098161,-0.10759,-0.10484,-0.091623,-0.069623,-0.040596,0
0,-0.073286,-0.13118,-0.18178,-0.22444,-0.25881,-0.2848,-0.30235,-0.31143,-0.31193,-0.30362,-0.28613,-0.25894,-0.22145,-0.1731,-0.11349,-0.042686,0.038477,0.12813,0.22326,0.32003,0.4143,0.5024,0.5817,0.65088,0.70976,0.759,0.7997,0.83312,0.86048,0.8829,0.90132,0.91649,0.92907,0.93955,0.94832,0.95573,0.962,0.96736,0.97196,0.97593,0.97937,0.98238,0.98501,0.98732,0.98936,0.99116,0.99275,0.99416,0.99539,0.99648,0.99741,0.99821,0.99886,0.99938,0.99975,0.99996,0.99999,0.99982,0.99943,0.99876,0.99775,0.99634,0.99443,0.99186,0.98846,0.98397,0.97804,0.97015,0.95959,0.94537,0.92604,0.89961,0.86337,0.81395,0.74766,0.66174,0.55633,0.43648,0.31208,0.19475,0.093721,0.013782,-0.044195,-0.081655,-0.10101,-0.10475,-0.095118,-0.07424,-0.04429,0
0,-0.082971,-0.14598,-0.19965,-0.2434,-0.277,-0.3004,-0.31356,-0.31634,-0.30839,-0.28914,-0.25781,-0.21344,-0.15516,-0.082449,0.0042587,0.10304,0.21011,0.32006,0.42685,0.52515,0.61145,0.6844,0.74437,0.79276,0.83142,0.86216,0.88663,0.90615,0.92182,0.93447,0.94477,0.9532,0.96017,0.96597,0.97083,0.97494,0.97843,0.98142,0.984,0.98623,0.98818,0.98988,0.99138,0.9927,0.99387,0.9949,0.99582,0.99664,0.99736,0.99798,0.99853,0.99899,0.99937,0.99966,0.99987,0.99998,0.99999,0.99988,0.99962,0.99921,0.9986,0.99775,0.9966,0.99507,0.99306,0.99042,0.98694,0.98233,0.97618,0.96787,0.9565,0.94077,0.91871,0.8875,0.84325,0.78117,0.69661,0.58776,0.4591,0.32258,0.1936,0.084458,0.00097474,-0.056408,-0.090087,-0.1033,-0.099113,-0.080233,-0.049346,0
0,-0.094734,-0.16277,-0.21858,-0.26181,-0.29238,-0.31028,-0.3153,-0.30693,-0.28429,-0.24608,-0.1908,-0.11715,-0.024784,0.084527,0.206,0.33183,0.45298,0.56174,0.65375,0.72819,0.78665,0.83181,0.86646,0.89306,0.91356,0.92948,0.94196,0.95183,0.95972,0.96609,0.97128,0.97554,0.97908,0.98203,0.98453,0.98665,0.98846,0.99002,0.99137,0.99255,0.99359,0.9945,0.9953,0.99602,0.99665,0.99722,0.99772,0.99817,0.99857,0.99891,0.99921,0.99947,0.99967,0.99983,0.99994,1,0.99999,0.99991,0.99976,0.99951,0.99915,0.99865,0.99798,0.9971,0.99595,0.99445,0.99249,0.98991,0.98648,0.98186,0.97556,0.96682,0.95445,0.93664,0.91058,0.87204,0.81516,0.73314,0.62129,0.48259,0.33141,0.1885,0.070423,-0.015925,-0.071032,-0.098664,-0.10304,-0.087821,-0.056321,0
0,-0.10945,-0.18185,-0.2379,-0.27765,-0.30118,-0.30825,-0.29804,-0.26906,-0.21914,-0.14587,-0.047658,0.074287,0.21378,0.35911,0.49629,0.61444,0.709,0.78104,0.83442,0.87354,0.90222,0.92339,0.93919,0.95112,0.96026,0.96734,0.97291,0.97734,0.98089,0.98379,0.98616,0.98813,0.98978,0.99117,0.99235,0.99336,0.99424,0.99499,0.99566,0.99624,0.99675,0.99721,0.99761,0.99797,0.9983,0.99858,0.99884,0.99907,0.99928,0.99946,0.99961,0.99974,0.99985,0.99993,0.99998,1,0.99999,0.99994,0.99985,0.9997,0.9995,0.99922,0.99885,0.99837,0.99774,0.99693,0.99588,0.99451,0.9927,0.99028,0.987,0.98247,0.97607,0.96683,0.95313,0.93234,0.90017,0.8499,0.7724,0.65892,0.50922,0.34005,0.18,0.051844,-0.036398,-0.086936,-0.10538,-0.096978,-0.065977,0
0,-0.12826,-0.20303,-0.25545,-0.28611,-0.29483,-0.28026,-0.23971,-0.16934,-0.06551,0.071906,0.23471,0.40428,0.55836,0.68243,0.77406,0.83851,0.88299,0.9137,0.93512,0.95031,0.96128,0.96934,0.97538,0.97997,0.98351,0.98629,0.9885,0.99028,0.99172,0.99291,0.9939,0.99473,0.99542,0.99602,0.99653,0.99697,0.99736,0.9977,0.99799,0.99826,0.99849,0.9987,0.99889,0.99905,0.99921,0.99934,0.99946,0.99957,0.99967,0.99975,0.99983,0.99989,0.99994,0.99997,0.99999,1,0.99999,0.99996,0.99991,0.99983,0.99972,0.99957,0.99938,0.99913,0.99882,0.99841,0.99788,0.9972,0.99632,0.99514,0.99357,0.9914,0.98837,0.98402,0.97758,0.96775,0.95225,0.92705,0.88511,0.81519,0.70322,0.54254,0.35107,0.16907,0.029151,-0.059605,-0.10229,-0.10681,-0.079178,0
0,-0.15205,-0.22421,-0.26491,-0.27473,-0.25133,-0.18951,-0.082348,0.07345,0.26706,0.46699,0.63692,0.76025,0.8417,0.89353,0.92648,0.94779,0.96191,0.97152,0.97823,0.98303,0.98655,0.98917,0.99116,0.9927,0.99391,0.99487,0.99565,0.99628,0.9968,0.99723,0.9976,0.99791,0.99817,0.9984,0.9986,0.99877,0.99892,0.99905,0.99917,0.99928,0.99937,0.99946,0.99954,0.99961,0.99967,0.99973,0.99978,0.99983,0.99987,0.9999,0.99993,0.99996,0.99998,0.99999,1,1,0.99999,0.99998,0.99995,0.99991,0.99986,0.99979,0.9997,0.99958,0.99943,0.99925,0.99901,0.99871,0.99831,0.9978,0.99712,0.99619,0.99491,0.99309,0.99041,0.98637,0.97999,0.96954,0.95163,0.9197,0.86142,0.75695,0.58815,0.36919,0.15768,0.0032265,-0.084007,-0.11379,-0.096234,0
0,-0.17938,-0.23676,-0.24693,-0.2063,-0.10399,0.070558,0.30504,0.54344,0.7252,0.83829,0.90273,0.93911,0.96021,0.97292,0.9809,0.9861,0.98961,0.99204,0.99378,0.99505,0.996,0.99673,0.99729,0.99773,0.99808,0.99836,0.99859,0.99879,0.99895,0.99908,0.9992,0.99929,0.99938,0.99945,0.99952,0.99957,0.99963,0.99967,0.99971,0.99975,0.99978,0.99981,0.99984,0.99986,0.99989,0.99991,0.99992,0.99994,0.99996,0.99997,0.99998,0.99999,0.99999,1,1,1,0.99999,0.99999,0.99997,0.99996,0.99994,0.99991,0.99987,0.99982,0.99977,0.99969,0.9996,0.99948,0.99933,0.99914,0.99889,0.99855,0.99808,0.99743,0.99649,0.99509,0.99291,0.98936,0.9833,0.97236,0.95138,0.90901,0.82168,0.6545,0.40392,0.15034,-0.023707,-0.10636,-0.11437,0
0,-0.19758,-0.20726,-0.13109,0.05281,0.33972,0.62816,0.8139,0.90645,0.95005,0.97139,0.98252,0.98872,0.99237,0.99463,0.9961,0.99708,0.99776,0.99825,0.9986,0.99887,0.99907,0.99923,0.99935,0.99945,0.99953,0.99959,0.99965,0.99969,0.99973,0.99976,0.99979,0.99982,0.99984,0.99986,0.99987,0.99989,0.9999,0.99991,0.99992,0.99993,0.99994,0.99995,0.99996,0.99996,0.99997,0.99998,0.99998,0.99998,0.99999,0.99999,1,1,1,1,1,1,1,0.99999,0.99999,0.99998,0.99998,0.99997,0.99996,0.99994,0.99992,0.9999,0.99987,0.99984,0.99979,0.99973,0.99966,0.99956,0.99943,0.99925,0.99899,0.99862,0.99804,0.99712,0.99558,0.99283,0.98759,0.97679,0.95251,0.89367,0.75118,0.47571,0.15928,-0.045111,-0.11852,0
0,-0.13713,0.023634,0.36807,0.72035,0.89495,0.9579,0.98095,0.99036,0.99464,0.99679,0.99796,0.99863,0.99904,0.99931,0.99948,0.9996,0.99969,0.99975,0.9998,0.99983,0.99986,0.99988,0.9999,0.99991,0.99993,0.99994,0.99994,0.99995,0.99996,0.99996,0.99997,0.99997,0.99997,0.99998,0.99998,0.99998,0.99998,0.99999,0.99999,0.99999,0.99999,0.99999,0.99999,0.99999,1,1,1,1,1,1,1,1,1,1,1,1,1,1,1,1,0.99999,0.99999,0.99999,0.99999,0.99998,0.99998,0.99997,0.99997,0.99996,0.99995,0.99993,0.99992,0.99989,0.99986,0.99981,0.99975,0.99965,0.9995,0.99925,0.99882,0.99802,0.99641,0.99283,0.98385,0.95797,0.8743,0.62615,0.22491,-0.03881,0
0,0.45348,0.83974,0.96208,0.98941,0.99638,0.99853,0.99932,0.99964,0.9998,0.99987,0.99992,0.99994,0.99996,0.99997,0.99998,0.99998,0.99999,0.99999,0.99999,0.99999,0.99999,0.99999,1,1,1,1,1,1,1,1,1,1,1,1,1,1,1,1,1,1,1,1,1,1,1,1,1,1,1,1,1,1,1,1,1,1,1,1,1,1,1,1,1,1,1,1,1,1,1,1,1,0.99999,0.99999,0.99999,0.99999,0.99998,0.99998,0.99997,0.99996,0.99993,0.99989,0.99981,0.99963,0.9992,0.99794,0.9935,0.97389,0.87335,0.50276,0
1,1,1,1,1,1,1,1,1,1,1,1,1,1,1,1,1,1,1,1,1,1,1,1,1,1,1,1,1,1,1,1,1,1,1,1,1,1,1,1,1,1,1,1,1,1,1,1,1,1,1,1,1,1,1,1,1,1,1,1,1,1,1,1,1,1,1,1,1,1,1,1,1,1,1,1,1,1,1,1,1,1,1,1,1,1,1,1,1,1,1
